100
1647 2395439124 3884207058
1345 357815458 1817979976
5119 3677139286 1089735668
9384 1013699937 2863400472
5221 2211100254 3701666321
3071 3155832060 3908376720
9369 1632483773 970172482
3678 2986243264 3402520054
5092 3287878139 1696266386
7261 3585113018 1201087712
1052 1446297159 3550873089
6632 3128858924 3520793542
8127 3722117281 3779091595
5505 2816255156 2308425190
6106 1795974067 727686107
8390 2546931775 1238388535
647 2145905725 3309783246
243 1930232138 1155012972
3558 2432864356 1745978226
4608 173103891 3485422056
9033 2118732283 3363525673
2735 2421234491 3906373683
3784 1446029705 3343744149
1490 1155537515 4098745254
4992 1503098506 4166279067
3366 3868382978 3444383850
3249 1440261933 253575745
5647 16604079 1312609002
2714 2439587839 2858841633
2152 3276683990 4266409785
7556 4076050936 2613365173
4186 640032790 4200579453
8012 1033846213 1374715389
4423 3637080049 2836104322
8313 3400790181 4021680501
6781 3767659934 381807377
8307 3389647833 1766224766
9799 4106961035 2735713816
3867 2929882373 1014670709
5779 1478862794 398556068
5438 279757292 931507985
9512 3285264034 3216450682
4774 936639976 3252304628
5174 3376820873 291214624
627 3114747453 3449556783
9811 676115520 486016961
4957 2808643101 2955306263
1148 3907237277 3551177271
9706 1664010930 3691870256
7898 128203429 3910662991
7319 2550239438 3849265260
1115 4245959064 4120931690
9138 4252034230 1179321110
417 836334954 1716972600
2708 3985340196 3574372814
36 2744680859 1737293371
7892 653109833 897098917
4737 416768615 2636317779
613 792241585 1047852920
6704 2048628714 2447320667
1378 3189740537 1717425121
3586 2578078819 3103719053
4420 4249267877 2860314455
9464 3535995277 752323412
4264 831396892 807703862
9663 2723723109 2111700600
7564 3430612530 564730648
7556 2285870758 3819187842
2938 2352607913 659581709
5376 2273604416 4245771071
825 3794298262 1029089013
1730 1268013143 3475536632
2067 2905748736 2292756748
2265 2904453063 1428153126
1340 1661779183 4135887867
8965 2067729457 2826215875
8631 3021383036 1486118832
7384 1338164449 1846525240
6847 162773253 245593568
7840 2555528928 725671590
655 1121654653 1328479981
9061 267750105 1026090371
1617 1617763553 1136257629
6498 547554244 3241189272
9072 2363571359 3676693281
5498 2694722972 2358049357
6491 3365513272 2731323623
7251 2099368936 1265069446
2841 3476464696 1122617716
6098 1091159856 3351464618
3472 874576813 3768535128
932 3530166387 1982481934
8749 1200928145 1818578496
715 953030036 3733414454
5955 3222033254 1882547312
9500 1265551540 3027104222
6374 4108545338 1381721410
5826 709804180 18326188
5997 2970779438 784646674
9307 2117952586 2056959895
