85
2 2 2 3
10 20
0 0 0 100
13 16
0 0 0 100
23 47 4 973546113
154845738 46168514 339460536 140106711
370189769 4090449 950903558 457624947
166063904 133414684 331139174 303630904
134213091 545344246 6490318 474901283
34 72 2 780653
448989208 52486647
0 1 124511 484727261
82693902 339558455
384477544 185126372 569553328 428335590
42 33 2 355541
259706236 52418950
0 1 532948 457321094
193541606 47356475
647658900 720326540 589302073 405358223
22 98 2 721926
180938416 377871676
0 1 810948 469367208
257848446 159543080
568642559 791820263 494415478 452675728
11 27 2 402034
402155219 476758338
0 1 209819 480384022
210109225 311576180
787053444 432751916 790158274 437752716
22 12 3 416034468
37939088 155278672 158706311
906723699 543167551 740834972 458215233
230870525 177927905 388677818
497291791 158180910 564836013 400097448
77 95 9 1000000000
486000626 378637099 296733129 278989856 119820672 137760820 485724791 210770282 36768059
941491754 635662389 167968787 496531217
360207361 12992237 102019705 353792341 231670578 184519330 364841482 118454540 65588453
519694401 540081506 23353737 454873354
40 56 6 192017542
106873012 115969066 178478450 227315847 376798712 304405628
797788164 753558836 620301171 452787632
308940536 37676092 82455133 250485557 20318121 254172428
766767738 305726641 946818734 447235050
34 65 5 326466746
353425197 45564309 150651808 162753457 366818355
260934247 522015627 76665828 408958205
246881089 408768676 125632131 259949896 387672079
222161469 266661461 272843522 424126331
2 56 2 99088929
369185291 313676049
830612966 781306043 980457327 435519268
375179529 100208364
570613435 256695676 29374220 400935114
31 60 5 840867591
65149561 291345106 205511406 64495440 49839469
481396920 741560113 453926424 483228393
209838392 421338906 121862078 331691872 169646843
177364643 196572644 148418889 478218951
113 975432 2 879603398
1652549 118782123
680771330 761990490 623534106 455582175
13 19
0 1 397 418940865
16 71 3 143099584
204566606 319711543 281248101
637186573 295649039 494494481 451861465
396625376 350664427 66409635
402930112 582428940 892288932 405437998
24 9 2 990662
442687375 326221437
0 1 752764 471905509
355261639 166415322
869581593 491087672 888976789 454747395
35 45 8 83
512 931 3092 1477 167 2003 3204 1889
1927 1824 2165 3998
2999 3627 1603 387 1017 905 2215 295
1317 2142 1583 3999
4 28 2 28661
208599822 327686354
0 1 341052 447856423
195246001 206431348
480561011 844401910 780238056 447280368
42 70 2 22724
249204144 278955844
0 1 754913 414831803
52184547 408495067
830301032 122802060 770094668 434870642
6 21 2 747513400
248530137 423269668
972287147 802072205 346580188 463850902
902527 311161474
724910379 1863447 727869316 440435625
1000000 1000000 2 372390276
2 12
0 1 9 413951436
3 108
0 1 99 449617379
12 43 3 834621583
287657303 151080763 313348722
660868514 303826882 727544012 492382268
244123903 245556090 45416041
997334069 193755113 491538903 431115327
11 81 2 211915
171640689 46548409
0 1 211979 418419496
277194974 297735055
208580797 919814650 585372318 474803966
36 60 2 78674
156398848 318289042
0 1 104661 464384641
340475999 75886297
862258513 298692553 95544480 461799671
27 55 4 993231237
100213228 304502080 277986456 477648108
331175774 422450656 459489853 479034486
109726337 118150225 183511999 39320153
559804463 654298123 829020149 454804155
41 56 6 736984339
267425751 101827735 68776242 133801603 327201695 12347544
561861593 740333528 584392689 439664074
382849084 141023381 402252452 63832319 8725315 139193743
295479180 967986003 430216345 435985787
99991 99989 2 157160644
5 7
1 0 7 463371856
100000000 100000005
1 0 13 424383537
70 70 5 2
1099 3283 38 584 117
0 1 2 4321
610 41 1073 5 116
0 1 2 2345
4 38 2 270959
369252500 192948861
0 1 722553 435647836
120091671 232150975
928217828 970251661 394004007 448688113
13 82 2 696350
106456617 100734930
0 1 358072 496180573
61515520 32063070
774131554 396419127 110184584 459896672
10 37 3 27518408
149584661 197959666 128892358
279770872 957855648 394518091 447170922
278282362 123198447 182292852
875675126 799168430 426541416 472523147
6 4 2 778475662
317344531 243570131
858396617 86601149 293134968 413202305
145324974 414318062
99138998 791472914 878874667 472401834
1000 10000 2 483082205
1289347 93841
319087 128824 8849299 200000000
2004881 88837771
924779 8827366 37716 300000000
21 68 2 273606
353762110 350281893
0 1 595499 450585963
411259696 201820274
296638844 17069522 140998447 452018875
11 56 2 320867
243569038 217508123
0 1 437218 412592461
390180103 413701370
951284006 131560368 785835586 435157390
18 35 2 194180
175687885 54992077
0 1 96788 467278646
240618748 408687542
158369896 482454545 825530083 496213956
3 3 3 1
20 60 30
0 0 0 100
25 10 35
0 0 0 100
2 1000000 2 1000000000
250000000 250000001
178478535 673765344 545291594 300000000
1 500000000
0 1 5 500000000
40 32 5 90883913
221185095 285086307 386078964 48260618 104174717
341686556 11873912 377327193 410970211
63735228 345715911 120965531 292410731 204449070
565485366 609504268 988570210 414429071
40 33 2 652848
245357155 281238301
0 1 387080 406961311
62771355 41659028
452758187 403680763 134087345 431634193
27 19 3 310939787
155709582 254597572 279275993
814400000 10836178 441803870 477558065
2505181 386529151 417681715
755353359 648742083 883842437 459584287
50 91 2 595028
94181078 393156243
0 1 368169 464948683
395422191 81221118
164438193 728573357 239556554 424839197
31 75 5 605393990
331719789 158661723 215520805 404821500 259450523
614473242 747275746 81129147 412398321
48433920 158450458 255231728 299155443 442744615
577378582 874539824 103010370 480332948
4 57 2 351864884
112358461 314352815
428057782 399059095 901299486 447450479
51059726 175236691
653440212 505873220 593221950 408916067
25 69 2 697438
328443119 434314200
0 1 871680 456858508
272595253 202702307
464607013 681460996 416711673 444166653
32 63 5 545431542
250899689 28415503 52649432 275635154 184053738
170197512 244762530 370887021 449821312
146889071 671742 208255495 387581337 42987025
703388466 866067224 771333929 494305873
50 86 7 269036159
389886566 341164830 409308521 224949777 164504908 232233900 3797601
878047392 731962565 754063735 437229484
13238362 388029230 473249063 197704715 241521910 218939208 8242387
736060363 854679358 127871926 483175016
33 70 5 552747677
247130741 426819901 321314469 119814663 119200817
738913319 851216561 901078570 472487567
93905992 244361651 438620392 138558348 392855391
982719129 322846169 614193512 475276432
27 30 4 296159680
50912255 11044307 165314998 256335363
333001254 581810029 908528767 401316383
407572921 183087582 394468026 145243530
508143836 639556686 922233727 415687442
32 49 5 667324614
307219802 210611115 188294472 251724301 163800879
962847316 432487256 807934488 436104735
8200024 96859465 301165233 279213632 427891690
88498203 577130886 262150794 474631267
47 72 6 72134625
322217036 168927673 26571350 456082864 169286565 217020814
729327460 293152913 909997600 473501545
75270095 181849625 297141174 188986474 138271091 175845558
301278697 225369843 408393859 417685869
45 11 3 640764516
252841489 342459740 391401592
252316172 832436254 106730373 469573682
272606253 75028326 326877670
477249298 754091423 996316836 419739861
98765 107 2 103743188
13 19
0 1 400 439289952
126579258 29947062
829397649 171396200 232425121 422815459
51 44 2 909215
68421189 75408354
0 1 21573 493022223
329989328 294638074
272232731 462048545 287151889 461841540
3 96 2 332361
226167166 389907257
0 1 628123 435477473
404963290 247560323
498173022 478544673 712036253 459702927
8 64 2 351303
87733869 242112218
0 1 898389 431492376
146256223 1493047
349236734 248960340 532190070 432965597
5 47 2 838521
144041874 210438652
0 1 8136 412907428
341972746 169008630
634365859 780434899 948742594 489271333
13 6 2 709612
191004285 188361509
0 1 103080 440443111
243673932 134992595
486442109 704577012 186144559 439889658
32 93 2 919909
144355642 86815447
0 1 104535 410592473
218169012 76051496
231164603 55910645 173297712 431263096
1000000 1000000 2 488015796
1 9
0 1 7 402225394
3 11
0 1 7 407313138
50 90 2 738144
172255616 338736694
0 1 438633 407825571
262462903 404564926
327143772 694176233 34454334 434175379
24 50 4 441152648
403654283 39374137 298082777 136550909
988316931 85060104 449888685 418207315
15234497 368202788 391946316 381063101
474549810 672164933 292521268 461079056
31 96 2 408061
221301386 291350292
0 1 388678 444606036
39648115 76394278
345409282 809742051 240073320 415540186
22 73 4 287382858
58615284 109842194 217117762 57850128
472697087 801995076 730337859 440416451
211732881 416340232 441562395 350853642
404863626 938538708 357791541 460518889
43 71 6 166182858
53588522 10757032 280646695 254108053 260350997 245911213
946401154 514459954 336598619 423178660
405089931 21244300 325390330 39229304 177806311 111623535
665245605 989419251 379584525 443388741
45 15 3 1
311754509 157049051 58426551
506225536 282341305 747955496 409058761
134242508 320218062 405490391
856031561 351092578 950026194 457642858
10 17 2 607360
340611472 333453828
0 1 749346 417074230
313746233 247752860
870854638 343509124 14685212 478195784
21 71 4 415098606
8809225 277965832 249880960 148652060
584666617 583225901 373442978 407901638
136324531 326634770 89478490 25346856
709828499 488768020 604469856 482565125
35 45 2 475767
219874965 101631259
0 1 385221 462779580
114097257 50848258
570695000 906848443 641978673 491585829
21 39 4 645839310
313586796 278914377 17625879 299332334
630919432 172269971 592861670 419014755
182481704 68228527 6084231 146932458
303855744 943061093 262085651 432872531
17 65 2 674103
301735528 109728585
0 1 115168 474826830
152816577 403480310
577338918 677684837 188982557 409452655
11 59 3 654863356
177121147 379054204 27893213
664839330 302766830 285950756 499127072
318106884 459300496 276541338
484255114 410311314 470618794 481759729
42 46 6 526853511
300421662 439212319 416849504 274805042 4005247 287519674
237576028 249572286 561499822 443457439
412381515 237311668 140384746 359727606 168275937 27697969
107914454 634604564 193641247 468584510
39 88 2 609398
251176650 332832695
0 1 223603 457909005
41692582 82776877
420472140 419904377 865863121 464580322
8 81 2 250046
183024410 89435872
0 1 666855 424429436
35526079 109306112
689282453 303108463 995666435 418526018
27 7 2 808602569
14068373 187730980
465601575 330604748 380930916 496758537
276401084 173580496
708013716 330418353 201565905 402373449
17 20 3 433697307
170479789 413335642 211483750
52332522 24928460 718074727 495237880
40286612 291370942 428675730
638023113 785220991 830668847 432173305
6 41 2 903420
159300176 403063481
0 1 655976 454609049
257997186 43618316
103215155 761210923 522767729 410880057
12 37 2 792933
247153956 120415085
0 1 187847 400094228
244281795 238897101
801553078 618359661 487390893 419071107
14 27 3 432498096
266567480 321220277 84822111
160613075 849098581 436516437 469158446
221173679 91144463 404140785
660820289 442286531 553784607 430293032
2 58 2 673933
444675890 296158261
0 1 937147 485238480
349801204 428257585
59145548 669791993 698929752 453993965
8 7 3 14
83 16 59
13 5 41 414
8 62 92
62 48 21 404
2 2 2 3
10 20
0 0 0 100
17 18
0 0 0 100
29 51 4 382746016
33684102 70571922 216060739 330245954
809772044 534196537 758013927 425594979
323123917 314966339 183098399 81924603
19452283 486508431 501576758 442147426
49 90 2 725578
145028406 36499795
0 1 16432 480003943
34688450 280678494
270619676 723623958 202203599 440162972
23 36 2 456218
166464558 344450641
0 1 736012 456356122
51558788 116662001
331184533 797147441 477863042 455732215
