31014
70779
33822
70779
45285
31422
56508
46265
73613
45058
49674
45285
46265
44978
31014
46265
31014
70779
70779
70779
22503
720
17309
26370
31014
70779
31014
46265
70779
31014
76858
46265
39420
56508
45285
73125
31014
27183
31014
24975
70779
46265
31014
49018
74563
31014
72780
56508
35754
46265
72125
70779
7060
46265
97756
45285
50135
31014
45285
94833
70779
22650
70779
70779
47475
45285
70779
56508
70779
67630
31014
56508
80028
45285
88981
56508
70779
70779
92824
31014
45285
31014
31014
56508
20728
45285
70779
95764
10506
56508
45285
56508
31014
46265
74852
31014
70779
46265
31014
38807
45285
46265
70779
46265
31014
56508
56508
43301
93040
56508
56508
46265
31014
31014
70351
39980
70779
46265
31014
56508
31014
31014
45285
40307
45285
56508
76911
26652
70779
70779
31014
82016
31014
46265
8153
45285
56508
31014
54836
45285
31014
70779
46265
70779
46265
46265
77446
10425
42461
23446
70779
54676
31014
31014
56508
31014
31014
31014
70779
70779
46265
70779
19938
31014
45285
61879
56508
70779
60523
69275
13151
56508
55835
63487
76792
31014
89532
31014
48690
31014
49505
82947
48609
45285
29139
56508
70779
38844
70779
31014
46265
24321
31014
70779
46265
31014
89851
62137
31014
31014
31014
46265
93295
92222
78798
46265
35709
45285
45285
45285
59558
70779
12730
70779
19123
70779
12367
31014
24768
31014
70779
46265
70779
70779
45285
46265
45285
56508
56508
70779
31014
56508
67652
31014
31014
31014
56508
70779
71087
15411
70779
31014
70779
31014
31014
64777
46265
56508
56508
44112
31014
31014
45285
31014
46265
70779
56508
45285
89387
56508
70779
56508
70779
70779
31014
18065
56508
46265
31014
52283
56508
46265
30796
11745
31014
70779
42175
53391
45285
31014
78813
12214
21389
56508
31014
43762
31014
36154
46265
45285
46265
70779
70779
46265
31014
70779
45285
35802
56508
31014
70779
31014
56508
56508
31014
28930
46265
46265
31014
19315
70779
45285
46265
56508
70779
20966
35803
31014
23051
70779
75254
31930
46265
31014
70779
98277
56508
43245
49035
96590
63361
46442
36751
40178
31014
26182
31014
21839
31014
45285
70779
31014
31014
46265
1097
46265
66139
70779
70779
31014
46265
73835
94224
70779
70779
94547
31014
56508
45285
31014
40591
93803
44172
45285
56508
70779
31014
56508
84967
56508
41581
45285
31014
70779
70779
70779
19741
70779
8232
70779
31014
31014
46265
6274
31014
45285
70779
26670
20340
56508
56508
96514
56508
46265
56508
45285
31014
72842
46265
46265
13365
46265
45285
31014
46265
56508
31014
70779
70779
56508
1477
70779
31014
16423
31014
7148
70779
45285
70779
31014
56508
70779
56508
31498
90418
31014
6869
45285
31014
56508
80548
70779
31014
45285
31014
29024
45285
46265
56508
1547
29523
31014
56508
56508
46265
45285
60721
70132
23180
70779
31014
49625
70779
70779
70779
54225
70779
31014
46265
31014
31014
7418
31014
56508
31014
45285
31014
31014
46265
46265
56508
66064
45285
70779
31014
70779
70779
32429
11310
62161
70779
46265
31014
70779
70779
31014
69681
30919
56508
31014
26435
31014
45285
46265
30588
45285
20546
70779
61382
85138
45285
76025
46265
54761
45285
46265
45285
73635
56508
45285
70779
51262
86348
70779
70779
19818
46265
26332
70779
9256
92726
10806
45285
45285
45285
45285
70779
31014
56508
31014
56508
31014
45285
44967
46265
45285
4319
70779
11832
31014
70779
70779
70779
31014
97325
31014
41451
70779
45285
11272
56508
56508
44920
12004
41182
58237
70779
56508
31014
77853
55462
28949
73888
56508
33705
70779
76668
31014
56508
45285
70779
31014
30271
31014
70779
67463
70779
46265
56508
25507
42428
31014
31014
46265
56508
45018
46265
31014
89351
46265
78362
31014
31014
45285
31014
31014
56508
56508
45285
8467
81157
41034
6714
31014
70779
56508
31014
42974
46265
31014
45285
27380
70779
82000
18315
56508
60380
70779
70779
88968
89748
41457
46265
46265
31014
148
56508
31014
35352
56508
70779
56508
31014
35877
31014
70779
45285
70779
31106
36257
31014
31014
19997
36254
46265
70779
31014
55033
31014
46265
41768
56508
31014
31014
31014
56508
70779
56508
31014
56508
70779
44423
70779
45285
70779
31014
58656
31014
56508
31014
31014
70779
31014
70779
70779
70779
46265
31014
56508
61196
70779
12840
70779
45285
6522
29959
31014
70779
31014
94607
70779
31014
46265
79844
23434
31014
31014
31014
70779
30192
56508
31014
86982
56508
31014
70779
46252
28892
8972
24707
46265
46265
31014
25642
45285
70779
31014
75907
46265
31014
7721
45285
31014
31014
10838
45285
31014
46265
39255
56508
56508
56508
70779
54591
70779
45285
31014
70779
46265
31014
88486
17369
31014
31014
56508
33088
31014
56508
70779
70779
56508
65154
56508
46265
67159
56508
19811
31014
46265
70779
55416
66935
46265
56508
47652
31014
88000
31014
7958
31014
46265
46265
31014
31014
45285
46265
56508
31014
46265
31014
31014
81033
45285
69654
45285
70779
75896
46265
45285
31014
56508
31014
70779
45285
8120
31014
31014
31014
70779
45285
2510
82004
31014
1157
45285
32821
70779
70779
31014
31014
70779
70892
70779
70779
45115
45285
31014
56508
31014
31014
70779
10235
28283
56508
70779
70779
56508
70779
31014
35154
45285
45285
56508
7560
31014
31014
31014
30095
70779
20814
46265
78056
25757
45285
31014
37985
56508
70779
31014
31014
31014
31014
45285
56508
35618
56508
56508
70779
31014
96678
69013
31014
31014
70779
46265
31014
31014
46265
45285
31014
31014
31014
85944
31014
46265
31014
56508
68844
45285
5885
31014
22390
31014
52750
52303
31014
70779
46265
31014
6697
31719
70779
15319
46265
31014
56508
31014
70779
46265
91827
70779
31014
70779
46265
45285
84309
72124
45285
31014
46265
70779
70779
70779
30742
31014
73127
31014
56508
46265
46265
70779
55295
46265
70779
27506
31014
10889
46265
88264
31014
43786
46265
70779
31014
31014
45285
56508
31014
31014
31014
31014
70779
546
56508
31014
45285
31299
37393
46265
45285
31014
70779
31014
31014
56508
44433
28459
85276
57281
34010
31014
97861
56508
45285
46265
70779
45285
46265
56508
70779
70779
56508
70779
36603
56508
68940
56508
81153
44504
61159
31014
31014
32193
46265
70779
16874
45285
56508
34738
38798
45285
56508
45285
31014
31014
31014
29030
22817
31014
31014
70779
70779
70779
70779
45285
56508
61578
56508
31014
70779
84758
31014
31014
3750
71369
31014
7027
46265
45285
46265
31014
31014
56508
12449
58924
46265
45285
31014
46265
45285
45285
56508
67174
55752
31014
3261
31014
7644
31014
39151
46265
56508
31014
56508
15598
31014
71205
31014
70779
45285
70779
70779
31014
31014
70779
45285
45285
45285
45285
45285
91525
70779
46265
46265
31014
46265
46265
70779
70779
31014
50438
31014
29635
14327
17170
31014
23327
25409
65030
46265
45285
26039
21586
31014
45285
67650
10732
31014
13609
70779
12269
45285
46265
46265
31014
24172
46265
56508
56508
70779
20662
45285
46265
31014
31014
46265
11306
11306
70779
45285
70779
70779
70779
45285
56508
92017
31014
46265
46265
70779
45285
3259
35852
31014
6675
31014
70779
56508
31014
32401
70779
70779
50200
45285
45285
31014
45285
70779
1676
45285
45285
95888
70779
70779
45285
46265
56142
70779
56508
56508
40560
70779
56508
56508
31014
29706
15504
45285
46265
27332
49808
31014
46265
45285
56508
54097
31014
25546
45285
42410
31014
65708
70779
28500
45285
31014
31014
31014
46265
70779
82327
72666
31014
56508
46265
70779
46265
56508
70779
62881
79611
70779
46265
70779
56508
56508
45285
14539
56508
48536
45285
56508
8688
70779
26318
31014
70779
53048
46265
87749
37653
46265
2942
85072
59547
92663
2693
46265
24944
46265
31014
91245
22525
56508
56508
70779
45285
31014
46265
31014
46265
70779
45285
56508
70779
31014
45285
31014
46265
56508
31014
56887
31014
97417
58249
70779
31014
46265
28991
27974
31014
56508
46265
45285
45285
46265
8524
70779
31014
56508
75106
93708
31014
70779
31014
56508
70779
70779
56508
31014
64878
45285
31014
31014
31014
83736
70779
31014
45285
70779
70779
46265
45285
31014
45153
31014
70779
36125
96372
45285
56508
28942
56508
56508
31014
70779
31014
46265
47853
27826
70779
46265
84041
70779
31014
30041
56508
31014
44583
29320
56508
46265
45285
70779
31014
31014
56508
31014
31014
49180
45285
56508
56508
19103
3176
31014
65285
46265
31014
46265
56508
46265
56508
26654
46265
46265
60326
24865
31014
45285
13145
31014
46265
31014
46265
23180
31014
7351
56508
45285
45285
70779
31014
84265
56508
70779
87429
31014
5503
31014
46077
31014
31014
70779
31014
57252
34555
20284
45285
56508
23772
31014
27765
45285
31014
31014
30516
70779
36993
31014
70779
45285
18109
93975
31014
31014
31014
55149
31014
99965
18729
45285
31014
24609
31014
46265
56508
31014
46265
70779
46265
24960
45285
70779
56508
56508
45285
9857
31014
31014
46265
56508
56508
61657
36448
59253
70779
70779
70779
96867
70779
31014
79362
28129
46265
31014
70779
70779
45285
31014
31014
31014
26909
37921
70779
70779
19859
95052
45285
70779
93909
46265
84679
31014
31014
31014
70779
3693
45285
33363
45285
46265
46265
56508
26927
46265
48091
66075
56508
70779
56508
40189
45285
26826
31014
31014
82329
70779
55377
31014
31014
56508
31014
46265
46265
46265
31014
28982
45285
48149
31014
31014
45285
56508
70779
57902
56508
17133
70779
27917
57309
70779
31014
95177
45285
46265
77094
35260
31014
7084
56508
70779
45146
31014
31014
54931
31014
31014
43929
31014
31014
31014
70779
70779
70779
31014
31014
13100
46265
44337
46265
31014
31014
46265
23192
31014
46265
45285
46265
46265
46973
62150
31014
84579
45060
89801
31014
45285
31014
31014
53218
79652
56508
70779
45285
45285
62570
70779
53742
31014
31014
31014
8135
16968
31014
31014
46265
70779
70779
70779
31014
46265
70779
31014
92109
48912
70779
70779
70779
31014
31014
8324
10522
70779
70779
70779
70779
93432
56508
31014
39454
70779
64199
31014
70779
70779
10577
45285
56508
31014
46265
46265
86746
42289
70779
70779
70779
56508
34327
56508
70779
45285
71064
70779
20722
91510
56508
56508
37255
45285
46265
70779
70779
70779
34139
77302
28198
56508
56508
70779
56508
70779
31014
56508
28315
45285
21207
56508
45285
67280
70779
94530
56508
13039
29327
32751
56508
31014
45285
46265
20966
31014
20453
31385
70779
25165
21699
70779
45285
45285
46265
45285
31014
46265
45285
28218
31014
70779
45285
78601
66709
70779
31014
46265
8040
70779
58368
31014
56508
70779
31014
70779
25897
70779
31014
27951
45285
31014
31014
58250
31014
45285
70779
70779
30347
45285
21279
95840
70779
31014
27750
70779
35802
46265
45285
70779
31014
69193
45285
31014
70779
70779
27472
45285
13381
38498
46265
71931
11742
70779
45285
31014
13127
56508
31014
31014
14403
45285
45285
56508
56508
46265
56508
31014
72108
31014
20753
70779
56508
31014
31014
46265
46265
45285
25934
7399
31014
45285
31014
76653
45285
46265
46265
7686
27389
82899
45285
45285
31424
31014
70779
46265
56508
56508
767
31014
31014
93513
46265
56508
31014
31014
56508
22400
70779
31014
18822
56508
46265
31014
70779
70779
56508
70779
45285
28735
45285
26603
56508
30942
25437
31014
45285
31014
70779
56508
45285
31014
9100
45285
55138
45285
31014
22780
31014
31014
31014
9457
46265
31014
56508
31014
23448
31014
46265
27271
45285
31014
45285
31014
31014
23926
45285
70779
31014
80282
70779
45285
70779
45285
45285
45285
56508
96356
31014
82491
52099
56508
31014
52709
56508
70779
56508
31014
70779
31014
46265
70779
54276
31014
31014
45285
31014
70779
70779
46265
31014
44585
57466
70779
31014
70779
40505
56508
31014
70779
46265
45285
70779
46265
26746
45285
31014
56508
31014
46265
31014
31014
31014
46265
31014
22767
32036
45285
99184
46265
32590
86841
33898
70779
37687
70779
30185
46265
31014
70779
31014
64579
70779
56508
70779
45285
68511
31014
23420
23610
31014
38592
31014
45285
56508
31014
46482
58483
31014
31014
31014
31014
53982
70475
45285
9466
67654
70779
34119
46265
45285
70779
70779
31014
56508
46265
45199
70779
56508
31014
41365
31014
31014
22332
62443
56508
56508
45285
41801
46265
31014
31014
56508
54755
56508
46265
70779
45285
45285
56508
73828
46265
45285
31014
19032
56508
46265
31014
50416
46265
56508
31014
46265
31014
56781
56508
47708
31014
25179
31014
46265
70779
31014
45285
31014
70779
70779
31014
45285
74461
46265
46265
31014
47448
31014
70779
31014
31014
70779
69514
7212
70779
31014
76387
45285
