500
2 1
3 2
4 2
5 1
6 5
7 5
8 6
9 7
10 8
11 5
12 8
13 6
14 12
15 14
16 2
17 12
18 4
19 9
20 2
21 17
22 10
23 19
24 16
25 10
26 18
27 7
28 7
29 13
30 28
31 6
32 23
33 31
34 21
35 13
36 15
37 5
38 27
39 4
40 32
41 15
42 4
43 40
44 19
45 18
46 34
47 19
48 8
49 32
50 30
51 19
52 48
53 33
54 15
55 34
56 18
57 36
58 3
59 56
60 36
61 59
62 56
63 60
64 15
65 51
66 29
67 11
68 63
69 35
70 14
71 39
72 41
73 46
74 50
75 70
76 71
77 75
78 69
79 58
80 62
81 29
82 28
83 78
84 15
85 47
86 57
87 59
88 8
89 73
90 48
91 29
92 19
93 56
94 75
95 44
96 28
97 35
98 17
99 25
100 61
101 42
102 87
103 6
104 5
105 19
106 25
107 73
108 68
109 39
110 64
111 57
112 27
113 74
114 31
115 35
116 61
117 30
118 102
119 116
120 100
121 73
122 29
123 115
124 60
125 37
126 106
127 72
128 34
129 87
130 33
131 93
132 103
133 95
134 51
135 17
136 62
137 31
138 9
139 108
140 77
141 138
142 89
143 76
144 12
145 16
146 11
147 4
148 17
149 139
150 84
151 139
152 81
153 19
154 120
155 95
156 139
157 153
158 116
159 44
160 1
161 56
162 23
163 42
164 78
165 38
166 99
167 10
168 41
169 10
170 54
171 41
172 32
173 49
174 33
175 59
176 47
177 86
178 91
179 60
180 158
181 5
182 137
183 3
184 54
185 160
186 149
187 39
188 169
189 29
190 173
191 88
192 100
193 110
194 138
195 174
196 63
197 70
198 127
199 84
200 128
201 115
202 39
203 143
204 57
205 112
206 101
207 100
208 167
209 149
210 18
211 64
212 106
213 197
214 94
215 82
216 155
217 87
218 158
219 212
220 28
221 44
222 26
223 34
224 102
225 96
226 24
227 115
228 66
229 7
230 200
231 17
232 15
233 202
234 18
235 207
236 45
237 18
238 91
239 61
240 136
241 53
242 14
243 222
244 209
245 134
246 119
247 42
248 56
249 73
250 233
251 12
252 139
253 115
254 238
255 244
256 184
257 119
258 149
259 243
260 228
261 94
262 116
263 231
264 175
265 97
266 152
267 79
268 177
269 160
270 69
271 30
272 35
273 189
274 47
275 4
276 126
277 225
278 108
279 9
280 79
281 270
282 159
283 25
284 101
285 134
286 151
287 122
288 124
289 218
290 196
291 136
292 26
293 183
294 197
295 238
296 98
297 149
298 12
299 69
300 8
301 90
302 111
303 224
304 248
305 117
306 76
307 152
308 58
309 226
310 26
311 213
312 290
313 277
314 122
315 300
316 75
317 100
318 113
319 239
320 100
321 50
322 80
323 50
324 164
325 314
326 194
327 50
328 28
329 81
330 322
331 266
332 326
333 15
334 135
335 17
336 25
337 278
338 313
339 54
340 24
341 24
342 222
343 74
344 316
345 102
346 223
347 83
348 98
349 66
350 126
351 107
352 242
353 199
354 349
355 17
356 127
357 229
358 349
359 175
360 309
361 2
362 121
363 179
364 284
365 275
366 365
367 66
368 236
369 312
370 280
371 45
372 185
373 123
374 270
375 80
376 62
377 42
378 328
379 51
380 274
381 339
382 119
383 356
384 341
385 96
386 193
387 152
388 162
389 147
390 368
391 85
392 10
393 3
394 7
395 66
396 379
397 351
398 342
399 40
400 337
401 178
402 130
403 111
404 152
405 245
406 183
407 182
408 254
409 321
410 175
411 248
412 282
413 392
414 379
415 142
416 299
417 261
418 182
419 295
420 73
421 322
422 271
423 3
424 163
425 34
426 201
427 252
428 380
429 143
430 63
431 327
432 135
433 125
434 136
435 115
436 229
437 19
438 287
439 263
440 236
441 34
442 308
443 125
444 291
445 228
446 166
447 63
448 141
449 255
450 2
451 25
452 58
453 318
454 303
455 357
456 364
457 311
458 6
459 25
460 89
461 54
462 341
463 75
464 93
465 161
466 195
467 319
468 466
469 304
470 107
471 47
472 62
473 38
474 7
475 408
476 77
477 240
478 119
479 293
480 459
481 310
482 187
483 217
484 103
485 100
486 478
487 381
488 191
489 252
490 251
491 79
492 383
493 477
494 1
495 143
496 124
497 293
498 259
499 314
500 216
500
3 265
2 203
2 31
2 12
1 412
3 154
2 291
3 189
2 441
2 163
3 401
2 459
2 366
3 478
1 59
2 304
2 358
3 478
3 114
2 302
3 461
1 494
1 406
1 112
1 336
2 73
2 324
2 57
3 127
1 27
2 338
1 370
1 397
3 118
3 218
1 86
3 424
1 230
3 60
2 297
3 54
1 85
2 155
2 458
3 33
3 108
3 412
2 68
1 176
3 224
3 255
2 242
1 460
3 222
3 127
3 206
2 351
2 280
1 194
3 138
3 57
2 177
2 463
1 382
1 414
1 356
1 143
3 112
2 425
3 253
3 297
2 41
2 376
3 319
2 18
2 113
3 170
3 41
2 186
2 498
1 491
2 354
1 152
2 45
3 336
3 193
1 265
2 4
2 276
2 293
1 50
1 62
2 468
1 130
2 314
3 102
3 216
2 214
2 325
1 393
1 171
2 28
2 76
1 499
2 288
1 105
3 222
2 207
3 11
2 490
1 165
1 120
1 92
3 319
2 251
3 476
1 304
2 99
1 85
2 472
3 414
3 46
3 47
1 270
2 20
3 290
3 366
1 246
3 319
1 102
1 133
2 153
2 71
1 402
1 424
3 101
3 16
1 29
1 348
1 444
2 410
1 50
2 89
3 109
3 222
1 455
3 147
1 450
1 431
1 249
2 37
3 36
1 186
1 354
1 225
2 424
3 258
2 445
1 319
3 412
2 356
3 50
2 85
3 465
3 76
1 143
3 449
2 427
3 174
1 405
1 127
2 376
1 66
2 237
3 315
1 257
2 437
2 483
3 16
1 231
1 126
2 138
2 191
1 163
2 394
1 417
1 9
3 234
1 304
3 304
1 149
1 318
2 110
2 201
3 319
2 51
3 362
1 404
2 144
3 403
1 490
1 283
1 175
1 403
3 332
2 379
1 9
3 472
1 446
2 5
3 186
3 199
1 223
2 38
3 462
1 9
2 460
2 16
1 438
1 59
1 472
3 118
1 56
1 331
1 213
3 83
2 86
2 485
1 381
2 452
2 116
3 111
3 74
3 478
1 457
1 114
1 442
2 224
1 29
3 279
1 72
2 475
1 334
2 154
1 169
3 177
3 151
1 310
2 187
3 117
1 168
2 180
2 422
3 327
1 17
1 167
3 182
3 341
2 22
2 222
2 310
1 403
3 125
2 246
2 424
1 307
2 319
2 408
2 482
2 137
3 115
2 85
1 291
3 497
2 55
2 209
3 492
3 132
1 440
3 223
2 496
3 270
1 239
3 419
1 160
3 487
2 463
3 159
2 147
3 38
2 148
2 103
1 99
3 293
3 279
1 353
1 383
1 316
1 263
1 337
2 419
2 329
1 317
3 450
3 159
2 21
3 61
1 163
3 176
1 362
3 399
2 215
1 189
1 139
1 76
3 22
2 116
3 235
1 406
3 58
1 162
3 50
1 331
1 351
3 426
3 238
2 338
1 394
2 215
1 92
3 136
1 338
3 338
2 165
2 109
2 282
3 153
2 153
2 377
1 397
1 250
1 175
1 444
2 442
1 420
1 306
2 217
2 116
3 65
2 394
1 10
1 196
1 90
1 173
2 359
1 269
2 11
1 275
2 411
3 183
3 496
2 375
3 403
2 461
1 473
2 123
3 78
1 106
1 95
1 344
2 482
2 173
1 429
3 263
1 409
3 409
1 260
2 205
3 320
2 446
2 167
2 368
2 288
3 57
3 448
3 284
3 332
1 84
3 224
1 19
2 221
2 183
1 491
1 325
1 178
1 144
2 178
1 69
2 197
2 329
3 427
2 198
3 204
3 409
2 9
1 239
1 444
2 2
1 129
3 151
1 193
3 370
1 466
3 214
3 135
3 473
1 402
3 178
3 271
1 365
2 91
1 238
2 180
3 170
3 43
3 183
1 427
2 171
3 152
3 214
3 284
2 243
1 473
1 435
1 219
3 368
2 439
1 258
2 115
2 459
1 64
3 308
2 490
2 366
3 87
1 334
3 331
3 429
3 434
3 267
2 311
2 338
2 483
3 353
3 245
3 109
1 148
3 36
3 265
3 244
2 16
1 190
3 313
1 24
1 475
2 392
3 355
1 198
3 281
1 432
1 341
3 400
2 484
1 493
2 253
1 61
1 341
1 286
2 41
2 292
1 211
2 79
1 472
2 74
1 121
3 327
2 291
1 79
3 419
3 160
3 425
1 381
3 468
3 478
3 371
1 197
3 223
3 20
1 57
3 164
