Yes
1 3
2 1
13 2
75 2
82 75
7 1
8 7
11 8
14 8
17 14
36 17
40 36
63 40
90 36
20 14
83 20
80 14
100 80
64 8
9 7
18 9
27 18
30 18
34 30
38 30
43 30
45 43
60 18
78 18
44 9
52 44
59 52
93 52
68 44
73 44
77 73
12 7
26 12
35 12
89 35
91 35
31 7
37 7
62 37
69 62
79 7
97 7
16 1
95 16
32 1
56 32
99 32
71 1
74 71
4 3
5 4
33 5
53 5
98 53
6 4
24 6
70 24
25 6
41 25
65 41
54 25
67 25
72 6
10 4
19 10
22 19
49 22
50 49
51 50
61 51
84 49
55 22
29 10
39 29
46 10
92 46
76 10
96 76
15 4
21 15
48 21
58 48
23 15
42 23
57 15
94 57
28 3
81 28
85 81
87 85
47 3
66 47
88 66
86 47
