406
156
24
81
28
19
31
15
2
102
28
130
47
24
384
5
56
4
24
3
215
2
231
23
27
27
9
23
407
193
122
13
109
81
200
53
204
100
194
10
515
221
197
57
86
161
140
68
89
104
19
24
107
4
12
19
314
190
98
94
108
56
5
43
26
9
14
42
173
40
480
37
137
33
214
323
87
175
0
50
29
92
250
123
20
226
10
149
175
104
16
23
3
241
18
197
1
235
75
57
133
24
32
142
432
347
22
266
323
50
12
82
43
93
149
46
30
71
46
67
312
284
120
269
590
7
66
14
217
41
27
163
1
30
299
59
79
101
63
44
17
141
73
289
21
26
2
215
10
40
23
22
80
0
156
255
44
85
10
259
64
211
52
340
20
0
28
124
2
239
9
2
320
75
2
73
122
3
108
387
25
74
85
11
133
63
156
4
194
381
1
37
71
47
17
1
34
8
52
92
11
113
0
14
108
74
23
1
17
3
176
42
12
296
7
120
62
164
0
57
52
653
25
8
39
143
201
90
73
119
134
246
46
10
83
5
78
3
69
532
714
8
12
92
108
356
101
45
87
303
184
66
14
354
193
292
5
1
65
20
125
17
18
161
68
178
170
29
282
104
21
59
21
18
54
101
138
161
92
27
64
309
45
380
154
198
32
4
126
43
93
79
96
5
5
45
397
70
105
52
226
3
109
200
29
57
10
58
10
13
65
47
232
49
24
147
269
25
3
30
19
94
186
227
16
125
25
324
39
0
187
26
512
243
78
146
100
70
52
35
276
31
6
61
289
10
10
225
152
118
184
56
7
34
192
9
160
22
43
62
7
57
32
8
22
177
28
3
15
60
125
302
406
32
1
20
58
69
274
34
87
600
119
90
145
38
349
144
63
125
59
26
14
15
182
372
40
50
200
140
3
396
58
137
5
238
116
16
3
153
578
138
449
78
7
47
139
0
1
17
28
312
114
14
26
221
99
7
28
236
74
157
71
18
5
101
5
6
231
195
1
53
110
168
5
58
4
419
57
48
150
118
39
213
125
11
77
32
1
22
3
41
103
2
267
11
355
59
276
292
50
43
245
3
26
55
12
21
61
170
3
128
3
82
20
64
19
224
653
14
105
28
7
171
153
88
120
15
686
29
211
