100
10 10
0000000000
0010001000
0000010000
0000000000
0000000001
0001000100
0000000000
0000000001
0000000000
0100000000
10 10
0100000000
0001000000
1000000000
0000000000
0000001000
1000000000
0000010100
0000000000
0000000000
0000000000
10 10
0000000100
0000000010
1000010000
0000000000
0000001001
0001001000
0000000000
1000010000
0100100000
0000100001
10 10
1000000000
0000000100
0000000000
0010000100
1000001000
0100001000
0101000000
0000001010
0000000000
0000000000
10 10
0000000000
0000100000
1000010000
0000000000
0100100010
0000000000
1000000000
0000000000
0100000000
0001010000
10 10
0010000010
0000100000
0000100000
0001010100
0000000100
1000001000
0010000100
0000000000
0000000010
0000000000
10 10
1000000000
0001000000
0000000101
0000000000
0100100000
0000000000
0101000000
0000000000
0000010000
0000000000
10 10
0010000000
0000001000
0010100000
0000010000
0001000000
0100100000
0010000100
0100110000
0000000000
1000000000
10 10
0000000000
0000000000
0100000000
0000010000
1000000000
0000000010
1010000000
1000000000
0000000000
0000000000
10 10
0000010000
0110000100
0001010000
0010000100
0001000000
0010000100
1000000000
0000000000
0000000000
0010000000
10 10
0000000000
0000010000
0000001000
0000010010
1000000000
1000000000
0000001001
0000000000
0001000000
0000000000
10 10
0010000001
0001011000
0000000000
0000000000
0000000000
0000000000
0000000010
0001000100
0100110001
0000001101
10 10
0001000010
0000000001
0100000000
0001000000
0000000000
0000000000
0000000000
0100000101
0000000000
0000001000
10 10
0000000000
0000011000
0000000000
0000000000
0000100000
0000100000
0100000000
0100000000
0000010000
0000000000
10 10
0000000001
0000011000
0100000001
0100010001
0000000000
0100000000
0000000000
0000000000
0011000000
0100000000
10 10
0000000000
0100000000
0000000000
0001000010
0000000000
0010000000
0000000001
0000100000
0110000000
0000000001
10 10
0000000000
0000000010
0100000000
1000010000
1100010000
0000000000
0000000000
0000100000
0001000000
0000100001
10 10
0000010000
0010000000
0101000010
0000000100
1001000000
0000000001
0000000000
0000010000
0000000000
0000000110
10 10
0011100000
0000000110
0000001001
0000000100
0000000100
0010000010
0000000000
0001001000
0011000111
0000000100
10 10
1100001000
0010000000
0000000011
0000000000
0000010000
0000000000
0010100000
0000111000
0000000000
0000000000
10 10
0000001010
0000000000
0000001000
1000100010
0000000001
1010000000
0000000000
0100100000
0000000001
0000000001
10 10
0010010010
0000000000
0000000001
0000000001
0000000010
0000000001
0000000000
0000010000
0100000000
0000000010
10 10
0000000000
0000000011
0000010000
0010100000
0001000000
0001000001
0000000000
1000010000
0001000000
1000000100
10 10
0100000000
0010000100
0000000100
0100000000
0000100010
1000000000
0000000000
0001000000
1000000000
0000010000
10 10
0000011100
1000000000
0000000010
0000001000
0000000000
0000010000
0000000000
0000010000
0000000000
0110000000
10 10
0000000000
1000000000
1000000000
1000000000
0000000010
0010000000
0000100000
0000000000
0000100010
1000000010
10 10
0000000000
0000101001
0000000000
0000100000
1000000000
0000000000
0000010000
0000100000
0000000000
0000100000
10 10
0000000100
0000000000
1000000000
0000010010
0000000000
0000000100
0000000010
0000000000
0000000000
0000000100
10 10
0000010000
0000110000
1000100000
0000000000
0000000001
0011010010
0000000001
0000000000
0000010000
0010000000
10 10
0000001000
0000000001
0000000010
0010000000
0000101001
0000000000
0000010000
0000000000
0001000000
0000000110
10 10
0000100000
0000000000
1000000000
0000000010
0001000000
0000000000
0001110000
0100101000
0000000001
0101011101
10 10
0000000000
0000000000
1000000000
0001000000
1000000000
0000000000
0000001000
0000000000
0100000000
0000001000
10 10
0001000000
0000000000
1000000000
0010000000
0000010001
0000000000
0100000000
0000100000
0010000000
0000100000
10 10
0000000000
0000000000
0000000001
0001000010
0000000100
0100000000
0000010000
0000000000
0000000000
1000000000
10 10
0000000001
0000000000
0000100000
0001010001
0000010000
0000000000
0010001000
0000000000
0000000000
1111000000
10 10
1000000000
0000000000
0000001000
1000000000
0000000100
0000000000
0000000000
0000000001
0001010001
0001100000
10 10
0000101001
0100000000
0110010000
0010010000
0110000000
0001000000
0000000000
0000000100
0000000000
0000000010
10 10
0000000000
0000000010
0100000100
0000000000
0000001001
1000010000
0000000000
0000100000
0000000000
0010000000
10 10
0000000000
0000000000
0000000000
0100000000
0000000000
1100100000
0100000000
0000000010
0000001000
0000100001
10 10
0000001001
0000010001
0000110000
0000001000
0000000000
0000100001
0000010000
0000000000
0000000000
0000000000
10 10
0010000000
1000000000
0000000001
0000000000
0000000000
0000000100
0000000000
0111000000
1010000000
0001000000
10 10
1001100000
0010100000
0000000000
1000000000
0000000000
0000010000
0000010000
0001000000
0000110001
0000100000
10 10
0101100000
1000000000
0000000000
0000100100
0010010000
0000000000
0000000100
0000000001
0000000010
0000000000
10 10
0000000000
0000000000
0010001100
0000000000
0000000000
0000000000
0000000000
0000000000
0000110100
0000000000
10 10
0000000000
0000000000
0100001000
1100000000
0000000000
0000000000
0000000000
1010000000
0010000000
0000010000
10 10
0000000000
0000000000
0000000000
0000000010
0000000000
0000000010
0000000000
1010001000
1000000000
0100000100
10 10
0000000000
0000000110
0000000000
0001010000
0000000000
0000000000
0001001000
0001000010
0010100000
0000001000
10 10
0000000000
0000000000
0010000000
0000000000
0000000100
0000000000
0000000000
0000000000
0000001010
0000000010
10 10
0000000010
0000000000
0000010000
0000000001
0000000100
0000000010
0001010001
0000000001
0110010000
0000000000
10 10
0000100000
0000000000
0000000000
0000000000
0000001001
0000100001
0000000000
0000100000
0000001000
0000000000
10 10
0000000000
0000010000
0000100000
0000100100
0000110000
0000100000
0000000100
0000001000
0000010000
0010000000
10 10
0000000000
0000000000
0000100000
0010100000
0000000000
0000000100
0100000000
0001010000
0010000000
0000000000
10 10
0000000000
0000000000
0001000000
0000000000
1000000001
0000000000
0000000000
0010100000
0000100000
0000000000
10 10
0001000000
0000000000
0000000000
0000000001
0011100000
0000001000
0000001000
0000000000
0001100000
0001001000
10 10
0001000000
0010010001
0001010011
0000010000
0010000110
1000000000
0000000000
0000000000
0100000000
0001000000
10 10
0110000000
0000100000
0010010010
0000000100
0000000000
0101001101
0000010000
0000000000
0100100000
0000000000
10 10
0000100000
0000000000
0000000000
0010011000
0000000000
0000000000
0100000100
0000000100
0000000001
0000000000
10 10
0000001000
1000000000
0000000000
0000000101
0000100000
0010001000
0000000000
0001001000
0000000000
0010001000
10 10
0000000000
0000000000
0001000000
0000000000
0100000000
0000001000
0000000000
0000000000
0000000001
1100001100
10 10
0001010100
0000000000
0010000000
0000000000
0000000000
0110000100
0000101000
0100100000
0000110010
0000000000
10 10
0001000000
1000000100
0000000100
0010000001
0000100000
0001000000
0100000000
0000000000
1000001000
0000001000
10 10
1000010000
0010100010
0100000000
0000000001
1001000000
0100000000
1000000000
0000000001
0000000000
0000000000
10 10
0000000001
0000000000
0000000000
0000000000
0000010000
0010001000
0001000000
0000000100
0000000000
0000000000
10 10
1000001100
0000000000
0000010000
0000001000
0000001000
0110000000
0000001000
0000100101
0110001000
0011000000
10 10
0000000000
0000001000
0100100000
0000000000
0000010000
0000000001
0000100000
0000000000
0000000001
0000000000
10 10
0000000010
0000111001
0000000000
0001000000
0011000000
0000100000
0000010001
0010000010
1000001101
0001000001
10 10
0000000100
0000001010
1010000100
0001000000
0000000000
0000000000
0010000100
0001000000
0001010000
0000010000
10 10
0000000000
0000000001
0000000101
0000000000
1000000100
1010000000
0000000000
0000000000
0000001000
0000000100
10 10
0000000000
0011100100
0001000101
0000000000
0100010000
0001100000
0000000000
0000100000
0000000000
0010001000
10 10
0000000000
0000000010
0000000010
0000010000
0000100000
1000000001
0000010000
0000000000
0000001000
0100000100
10 10
0010010000
0000000000
0001000000
0010000000
1010000000
0000100000
0010000010
0000000000
0001010000
0000000100
10 10
0000000000
0000000000
0000001000
1000000000
0100000000
0000000100
0000000100
0000010000
0010000000
0000000000
10 10
0000000000
0100100000
0000010000
0100000000
0000010000
0001100000
1000000000
0000000000
0000000101
0000000000
10 10
0000001101
1000000000
0000000000
0000000000
0000000100
0000000000
0000000000
0000000100
0000000000
0000000100
10 10
0001000000
0000000000
0000000000
0010000000
0000100000
0000001000
0001000000
0010000000
0000001001
0100110000
10 10
0000000000
0100000000
0001101000
1000010000
0010000001
0001000001
0001000100
0000000001
0000000100
0000000000
10 10
0000000000
0100000000
1000000010
1000001000
1000000000
0000000000
0000010000
0000000000
0001000000
0110000000
10 10
0000000000
0000000000
0010000000
0000000000
1000000001
0000100000
0100000000
0000000000
0001001000
0000100000
10 10
0000000000
0000000010
0000000000
0000000000
1110000000
0000000010
0000000100
0001100000
0000000000
0000000000
10 10
0000000000
0000010000
0010000101
0100000100
0000100001
0010000000
0000000000
0000100000
0010000000
0000000000
10 10
0001000000
0000000000
0000000000
0000000000
0000010000
0000000000
0000000000
0000100000
0000000000
0000001000
10 10
0000000000
0000000000
0000000100
0001001000
0000000101
0000001000
1100000000
0100010000
0000000000
0000010000
10 10
1000100100
0000000001
0000010000
0000000000
0010100000
0000000001
0100000010
0000000000
0000100000
0000000000
10 10
0000010000
1000000000
0000000000
0000010000
0000010000
0100100000
0000000000
0010000000
0000100000
0010000000
10 10
0000000000
0000000001
0000000000
0000000000
0000000000
0000000000
0001000000
0000000000
0000000100
1010000000
10 10
0000000010
1000001000
0101000001
0010100000
0000001000
0000000001
0100001000
0000000000
1001000000
0100000000
10 10
0000001000
0100100000
0000010001
0000000000
0100001000
0000000000
0100010000
0000000000
0001000100
0000000000
10 10
0000000010
0000100000
0001001000
0001000100
0000000000
0000000000
0000000000
0000000001
0000100000
0000000000
10 10
0010100001
0000100000
0000000001
0001000000
0000000000
0000000000
0000000000
0010100000
0010000000
0000001000
10 10
0000000000
0000000000
0001000000
1000000100
0100000001
0000000000
0010000000
0101100000
0000000001
0110010000
10 10
0010000000
0001000000
0000000000
0000010001
0100100100
0000000101
0000100001
0010000000
0100001010
0000000000
10 10
0000110000
0100000000
0000000000
0000000000
1000010000
0000000000
0000100000
0000000000
0010100000
0001000000
10 10
0000000000
0000000000
0000000000
0000000010
0000000000
0000010000
0000000101
0100000000
0000000000
0000000000
10 10
0000000000
0000001000
0100000101
0000000010
0000001000
0010000110
0000000010
0000100110
0000000000
1011000100
10 10
0000000000
0010110001
0000000100
0000000000
0000000001
0000000000
0000000000
0000000000
0000000000
0000001000
10 10
0100000000
0001100010
0100001000
0001100000
0000000000
1000011000
0100100000
0010000001
0000000000
0000000010
10 10
0000000000
0000000100
0011010000
0000000000
0010000000
1100000000
1000000000
0000000000
0000100000
0000000000
10 10
0001000000
0000000001
0000010000
0010000011
0000000000
0000000110
0000001000
0000000000
0000000010
0000101000
10 10
0001000000
0001001001
0000000000
0000000000
1100100010
0000000001
0000000100
0000000100
0000000000
0001000001
10 10
0000100000
0000000000
0000010000
0000000000
0000000000
0000000000
0100000000
0011000000
0000001000
0000000001
