27495
603066
-1
-1
760245
-1
-1
160151
-1
-1
-1
-1
552431
138774
-1
-1
-1
-1
-1
422168
408440
-1
-1
155513
1096459
261181
658205
36245
-1
-1
-1
-1
-1
-1
840747
-1
1133652
939282
1522729
-1
-1
1069255
-1
316050
390708
-1
621646
292229
370488
-1
-1
-1
-1
-1
585102
300666
388300
962199
1652300
-1
237126
-1
1535412
-1
279570
-1
-1
-1
1025237
-1
288926
-1
-1
-1
-1
1972567
1511581
-1
141377
-1
-1
842259
-1
-1
612576
766827
-1
78814
277380
-1
1290028
166111
-1
-1
-1
-1
-1
682135
52657
-1
-1
-1
-1
1016617
172250
-1
-1
-1
1049459
584751
-1
211924
-1
1860996
-1
759227
-1
-1
649171
522297
-1
483421
733673
1354144
-1
-1
-1
-1
39656
143622
-1
66319
207154
-1
889581
957783
-1
685382
-1
-1
650283
-1
-1
-1
-1
-1
84
742311
-1
-1
-1
-1
188559
-1
67076
-1
-1
661084
301206
-1
-1
32122
897952
-1
-1
-1
1278840
-1
-1
343872
1367556
-1
1702620
676166
-1
396944
985906
555091
-1
-1
-1
1204741
449285
-1
-1
-1
29609
-1
-1
-1
-1
-1
65546
1694848
416361
454325
-1
244777
284922
149446
77211
1070901
1896008
101533
165845
1241436
1599251
-1
-1
1171764
329378
-1
439338
-1
-1
1198042
-1
-1
1255480
1862460
1223228
-1
-1
274783
690597
1153209
1224238
802055
-1
-1
1742170
100133
-1
-1
-1
-1
1751294
-1
-1
-1
1238904
-1
861413
-1
-1
-1
-1
250682
533916
262122
-1
-1
993517
-1
1262278
-1
859973
-1
-1
-1
-1
-1
-1
678250
1933831
-1
1207888
212983
-1
672685
-1
-1
-1
1994578
661510
-1
1524332
-1
288300
1940760
-1
-1
-1
-1
792926
668846
-1
1061152
-1
260517
167951
-1
-1
-1
1548895
80913
-1
-1
-1
339097
-1
303302
-1
-1
113019
1659910
-1
997061
664292
-1
420357
-1
-1
1472168
-1
607278
613322
-1
-1
-1
381986
202110
316255
166936
1811177
1155170
-1
966794
-1
-1
1829529
-1
-1
-1
-1
-1
-1
1038510
-1
1395179
-1
13412
227113
452995
203879
-1
245710
-1
-1
67800
671145
-1
-1
-1
-1
-1
-1
-1
23176
-1
864322
1275278
-1
-1
1225373
7612
-1
-1
-1
-1
976060
-1
548300
-1
-1
1248634
1949737
206600
-1
-1
80549
501217
922897
-1
-1
544577
-1
-1
1295221
-1
97761
-1
279862
1082017
8353
-1
160044
1433398
1534026
-1
825815
-1
49598
150955
-1
582341
1613413
836714
-1
-1
198312
826683
-1
1160233
-1
956969
97706
841172
155024
-1
-1
-1
-1
-1
-1
1329394
261338
-1
-1
-1
-1
-1
328697
71550
251652
-1
-1
-1
-1
803259
-1
1110879
22609
357267
750302
-1
1573322
536842
1114338
1634762
-1
-1
22158
157376
-1
-1
1998751
-1
719536
532576
-1
-1
384220
948974
129635
303852
223746
-1
-1
767745
196554
209600
1898480
584887
-1
547324
-1
155686
-1
33030
-1
-1
-1
669682
-1
126125
470835
-1
-1
1327570
1816916
503722
-1
923662
-1
-1
-1
1215070
-1
1516915
-1
1115525
-1
1077462
367984
498701
793001
-1
-1
-1
-1
-1
-1
-1
-1
-1
20217
-1
-1
-1
41802
-1
-1
-1
-1
114219
-1
221370
1842393
-1
427232
-1
765337
1122384
-1
1918927
-1
-1
-1
-1
1042472
805489
-1
165307
329742
1394052
-1
-1
104187
2004015
-1
534875
-1
662031
632580
-1
-1
-1
506068
109054
211806
1279887
1037656
681460
1216854
-1
-1
-1
-1
-1
-1
607394
80015
766588
1996670
-1
449642
-1
343235
1385920
182086
-1
71366
-1
1041491
279780
-1
-1
1204020
997643
640074
219624
1056087
142137
918013
-1
1008970
1056940
-1
-1
-1
-1
321076
1477764
34118
-1
-1
-1
-1
-1
-1
1743391
1301061
-1
480746
1300016
-1
-1
-1
414466
1371322
248558
-1
-1
-1
1559667
431001
1005230
1973273
-1
574494
619611
334516
481983
384450
-1
-1
588298
-1
-1
-1
632958
-1
1066928
-1
-1
-1
-1
-1
-1
672329
695983
-1
-1
-1
-1
673281
620976
-1
-1
-1
1747250
145694
1554892
658649
735401
-1
-1
-1
-1
-1
992971
239892
-1
916703
631531
-1
85090
-1
146924
683142
1915061
994541
-1
1279062
339949
-1
-1
1087563
-1
-1
-1
-1
427458
-1
588258
-1
-1
-1
1260825
-1
-1
1576244
-1
986529
1680365
-1
-1
-1
-1
248648
-1
-1
1678230
1595249
-1
126457
356438
676032
-1
-1
835815
-1
-1
362594
-1
1646526
-1
-1
-1
-1
68198
-1
-1
789123
-1
-1
859753
1361172
-1
968789
-1
-1
-1
462349
-1
641590
423114
-1
-1
438774
23119
1220004
200078
694759
-1
-1
-1
-1
1236645
601918
-1
-1
49053
694833
921130
-1
1625269
-1
-1
-1
377467
1133525
-1
1577407
577734
739033
-1
517525
928472
135747
786855
634234
-1
752865
-1
-1
-1
-1
1344310
1317629
167136
1386841
575580
1187475
-1
-1
-1
627248
279892
-1
-1
-1
-1
514604
-1
-1
-1
220284
1113864
-1
-1
-1
34424
-1
1422895
-1
-1
-1
-1
-1
-1
99201
1166227
-1
-1
1454543
46166
467329
-1
-1
1645644
169055
-1
-1
-1
-1
-1
-1
238749
99354
-1
1073120
696567
-1
1306543
-1
-1
-1
-1
-1
436677
-1
-1
622508
100118
1940024
-1
1940561
496551
-1
534489
1033530
1848783
1415457
-1
223252
1046326
-1
1161595
-1
-1
-1
-1
12051
-1
254877
330688
-1
-1
-1
286586
-1
526350
-1
739468
-1
515911
-1
-1
-1
-1
-1
-1
-1
1223849
-1
-1
-1
-1
71771
1544309
-1
420924
914331
835932
-1
-1
-1
-1
-1
-1
-1
877178
-1
-1
-1
-1
-1
-1
-1
1294376
588875
-1
557362
1375167
834047
-1
-1
-1
607826
1330074
-1
-1
487843
-1
212736
-1
354415
-1
-1
-1
509169
-1
-1
1758794
-1
56462
-1
-1
458393
-1
1393798
-1
-1
-1
119332
-1
-1
355905
-1
-1
-1
1236008
58077
-1
1687257
-1
1214585
-1
-1
-1
342613
435943
-1
-1
647624
-1
1481756
-1
788632
-1
73546
805661
1783137
1174804
175153
-1
-1
-1
-1
-1
-1
403200
1200311
649683
-1
-1
-1
30944
-1
-1
657412
526617
-1
576980
205858
-1
1003251
-1
-1
1748473
490852
-1
-1
-1
-1
-1
-1
-1
-1
251980
-1
1084605
779937
-1
-1
26848
-1
1156653
-1
-1
1103948
-1
-1
1637632
-1
313356
366467
557964
-1
-1
-1
1052183
480957
-1
-1
-1
570674
1305960
652091
-1
-1
581222
-1
-1
-1
1340383
18229
-1
-1
-1
269336
-1
-1
-1
-1
184648
-1
-1
1554112
-1
-1
-1
942391
-1
84433
-1
-1
-1
497992
2635
-1
-1
-1
1376302
1972840
-1
-1
-1
823047
417647
-1
905320
-1
269086
584185
816289
-1
505597
-1
-1
-1
-1
231187
-1
-1
-1
-1
-1
697397
-1
377641
-1
1327147
-1
933574
1511541
1214851
54176
641943
-1
-1
-1
-1
1211779
-1
137448
818184
613861
-1
-1
623826
-1
-1
1142248
-1
950255
-1
-1
1951366
160451
-1
1011851
1023304
-1
71607
-1
-1
38754
921247
-1
-1
990136
398880
1433444
504333
-1
1685018
551899
1085527
-1
-1
95209
219497
421044
1742834
199350
428042
373108
-1
-1
-1
1244577
311789
-1
-1
775959
-1
333978
-1
-1
136445
-1
-1
2117562
1245732
1597131
316144
346846
-1
229408
1409919
-1
1147688
-1
66441
1122320
334918
-1
745926
656187
793075
666034
505266
-1
-1
-1
267954
-1
-1
775453
-1
536222
-1
1252751
-1
-1
976497
228035
-1
-1
1904379
499753
-1
402520
-1
-1
252986
-1
-1
110906
29152
-1
-1
-1
1006946
734063
-1
-1
-1
431564
-1
1812033
-1
-1
-1
-1
186759
-1
-1
-1
-1
-1
26674
-1
453846
28619
-1
-1
545294
-1
-1
-1
284452
437242
1813414
1601361
944811
-1
-1
-1
646495
-1
1472152
104932
8853
1054308
1020176
-1
-1
-1
743305
-1
-1
-1
-1
615735
672294
-1
-1
-1
231842
-1
582069
-1
554769
1669700
-1
-1
-1
-1
-1
82004
727549
125717
-1
-1
-1
116619
-1
1119682
-1
1067309
-1
1235738
661160
-1
1642188
1501308
-1
-1
1508585
-1
143942
-1
1096037
-1
639670
-1
-1
-1
-1
-1
976628
-1
-1
-1
761557
-1
-1
69725
905614
279641
416979
-1
1106760
1208433
220668
842353
954158
-1
-1
-1
-1
1212958
-1
-1
2685
-1
1150299
1189597
652558
-1
1229966
-1
-1
362438
-1
815340
-1
199991
287326
476085
-1
-1
480875
803011
-1
1442277
-1
-1
255571
-1
454460
332538
-1
811203
-1
1150102
368676
-1
304811
-1
-1
-1
911616
-1
-1
-1
-1
-1
1378668
780984
1841348
180945
-1
1142009
598751
805074
737954
-1
-1
-1
895050
-1
-1
-1
-1
959818
1633785
-1
-1
-1
-1
-1
1079503
1615985
541974
194234
-1
61773
16370
-1
1863206
-1
-1
-1
-1
1197578
933449
1006406
-1
129104
-1
-1
113816
-1
-1
938088
-1
-1
-1
-1
1467905
278101
328796
1569434
415232
638485
-1
14217
1159221
-1
-1
-1
-1
-1
-1
-1
223881
-1
-1
-1
1582271
2008276
1726825
445378
27745
-1
-1
-1
1550280
1227632
-1
-1
-1
1286084
-1
982787
504303
-1
-1
-1
-1
-1
1080926
64419
