209
2 3
1 5
6 8
0 0
1 1
1 0
1000 1000
1000 1
0 1000
311 686
391 481
456 11
873 661
566 189
610 559
241 799
458 883
840 57
171 890
377 498
627 216
28 829
631 825
623 350
61 408
930 534
177 885
653 314
971 292
86 605
590 101
398 553
264 500
755 301
32 104
927 74
606 926
43 330
518 393
708 441
347 960
138 757
73 984
81 552
886 257
570 520
628 49
209 369
384 986
9 988
61 908
853 474
267 595
337 600
748 117
825 382
950 437
782 661
843 631
244 635
82 786
541 806
274 585
576 120
82 426
342 762
939 547
808 960
268 180
176 104
906 147
529 93
331 15
108 77
917 444
177 413
579 703
372 897
306 794
234 857
630 753
21 715
905 708
103 728
476 96
280 513
660 979
769 34
568 209
847 800
550 250
776 906
337 472
274 391
620 534
304 75
960 798
287 726
203 166
606 820
689 418
573 920
41 127
537 494
604 256
374 343
89 223
196 362
611 552
902 553
673 980
114 666
988 81
484 953
29 630
103 984
763 903
409 504
319 644
943 723
438 426
599 967
92 514
330 72
168 701
96 249
383 70
494 570
630 68
88 260
20 297
518 790
720 618
191 186
421 159
314 652
393 648
923 884
277 261
637 328
736 686
544 201
410 551
174 41
887 777
91 453
17 915
629 38
679 977
957 335
357 383
768 490
718 430
483 145
270 778
38 612
936 754
147 739
30 19
358 234
545 138
592 733
735 970
753 923
622 878
398 933
422 878
650 735
118 249
355 36
108 189
750 765
721 13
726 563
373 960
133 338
378 109
783 641
20 588
781 649
318 179
269 197
603 61
500 724
245 432
216 898
502 274
732 522
646 38
735 367
452 165
561 59
983 765
54 290
987 830
793 418
574 540
765 872
322 597
207 910
588 76
858 73
379 140
31 387
163 609
743 239
181 662
468 245
386 584
