1091
1
2
3
5
7
11
19
23
29
41
43
47
53
59
61
67
83
89
101
103
109
151
211
223
227
229
233
257
263
269
307
353
383
401
409
431
433
443
449
487
499
503
509
523
541
557
599
601
607
661
677
773
809
827
829
853
859
881
883
887
929
997
1447
1451
1481
1997
2003
2017
2029
2087
2111
2203
2221
2267
2287
2447
2861
3001
3593
3833
4001
4003
4007
4027
4051
4079
4111
4229
4441
4447
4481
4663
4801
5003
5009
5021
5059
5209
5227
5303
5443
5503
5507
5557
5623
5657
5849
5857
6007
6047
6053
6151
6269
6353
6469
6577
6661
6803
7001
7477
7559
7607
7877
8009
8053
8059
8081
8089
8447
8689
8707
8803
8821
8867
8887
8999
9007
9887
9907
9973
10111
11119
11411
15559
15881
20029
21221
22027
22123
22229
22621
22669
23333
24001
24229
24889
25303
26227
26263
26561
28081
28229
28289
28542
33343
37991
38333
40009
40063
40483
40609
40801
40883
42221
42730
44041
44249
44449
44507
45553
46643
48889
50023
50087
50581
52223
52553
53297
54001
54547
54559
55009
55057
55541
55589
55889
58111
59999
60041
60089
60601
60607
64007
64661
65063
65551
65557
66029
66067
66083
66361
66541
66569
66853
68669
70003
71777
74173
75553
76667
79397
79999
80051
80681
80809
81001
82003
82787
82883
85009
85081
85087
85333
85843
85853
86441
86573
88001
88007
88801
88807
88811
88819
88853
88867
88873
88883
90067
90599
99929
99991
100003
101111
101183
102001
112121
113083
114575
118787
119513
125887
131441
165511
171161
176129
179143
184056
191999
200003
200009
200023
207409
208003
222023
222029
222269
222323
223493
224027
224221
225221
228829
228887
242441
242867
248698
250007
254390
264750
270051
272227
272777
278903
288499
288689
300007
302074
303337
311299
333383
334877
343433
365390
373007
400009
402753
404449
407047
426702
437629
441041
442447
442469
444047
444343
444421
444443
444449
444841
444979
447449
455557
463511
463753
479127
483467
485254
490169
500009
500501
502001
504337
505559
508973
511111
522229
539093
544536
545549
545551
551233
555257
555557
555589
555853
555857
558541
565553
568748
574998
575557
580001
585551
585883
599711
601061
601904
611977
622549
622623
623593
626609
638310
660661
666269
666637
666667
666683
668741
677279
677698
680003
686669
688661
700001
700057
700099
703721
706283
712883
730777
764219
775777
777677
777977
799979
800083
800089
828889
839051
841773
869467
878777
880007
880883
882883
884881
884913
885889
887323
888809
888857
888887
900001
900007
900409
906187
934909
949979
965381
981784
989999
994949
996191
996742
998989
999499
1000003
1000291
1014779
1037803
1042819
1058597
1070345
1088926
1111151
1111181
1111211
1114111
1123931
1129104
1133903
1136363
1156907
1165933
1178285
1178711
1180931
1208407
1223857
1224287
1233497
1238411
1263539
1288255
1296277
1307591
1325831
1386311
1391381
1392007
1409341
1410247
1414601
1426529
1430783
1471898
1503479
1510477
1517317
1526821
1530542
1531367
1551677
1571905
1575396
1599131
1611367
1649363
1653683
1662281
1669151
1684149
1693166
1712899
1716231
1726273
1738360
1739831
1755716
1760131
1762771
1780577
1783810
1811851
1881163
1886764
1893831
1894677
1899608
1912577
1924093
1948637
1956749
1984201
1985278
2000003
2000221
2004007
2006009
2012429
2020003
2045088
2061067
2066951
2078647
2080343
2083981
2092589
2106983
2134241
2136779
2158433
2182937
2195193
2196140
2203933
2222287
2222729
2226227
2260335
2262529
2264611
2272727
2298527
2301977
2304611
2307259
2321465
2327123
2330951
2341756
2371199
2412319
2421863
2480018
2490869
2493259
2498347
2500009
2529047
2534773
2553939
2555551
2562751
2566021
2575967
2587021
2597761
2630479
2642149
2659941
2666663
2683397
2717784
2725153
2745531
2764369
2781060
2786923
2800448
2813053
2853129
2853487
2863031
2875861
2876424
2886169
2888887
2906741
2926378
2931326
2931493
2947027
2952729
2960297
2964601
3029974
3044753
3063409
3095713
3097548
3109187
3118733
3155377
3167039
3169759
3217021
3222223
3222467
3233767
3269537
3304237
3333383
3346732
3353333
3355207
3357247
3359527
3367167
3369287
3376811
3388081
3404239
3468281
3469180
3499061
3500955
3509113
3521389
3530393
3546247
3588103
3641819
3649469
3654912
3684350
3713239
3714691
3735253
3738374
3755561
3770287
3782664
3797597
3831199
3849239
3853671
3865013
3879846
3894013
3896811
3912221
3951587
3965428
3970360
3976859
4000043
4008052
4015637
4021439
4034512
4060009
4074167
4081617
4095157
4132361
4150313
4151717
4152666
4175433
4199674
4211593
4211647
4213017
4214201
4231027
4270181
4270267
4303534
4326991
4332722
4342619
4350347
4370517
4371061
4400443
4411379
4414849
4421603
4430653
4442443
4444469
4444747
4445276
4448590
4453957
4467809
4482047
4484449
4517509
4534815
4545551
4555559
4568269
4570763
4572530
4582351
4597589
4609921
4619248
4630051
4634029
4668121
4669117
4695429
4695584
4702699
4704151
4711028
4712890
4715707
4734982
4751701
4751769
4759441
4787833
4791359
4812523
4842409
4849626
4851491
4862261
4862989
4866391
4870919
4873783
4890617
4892148
4926527
4950817
4952957
4958326
4965871
4971132
4984571
4988569
4992821
4999999
5005001
5005099
5008009
5011351
5022120
5038757
5045581
5077367
5188163
5204728
5219677
5221462
5223377
5229593
5231699
5263787
5275228
5277379
5280169
5301089
5304617
5310099
5325823
5326016
5375401
5380758
5399645
5400001
5403167
5420003
5427679
5441783
5495829
5500009
5501401
5509575
5513104
5535449
5550553
5550739
5554503
5554553
5555527
5555653
5556559
5558551
5562083
5565551
5567555
5587139
5593843
5595559
5621508
5622079
5624473
5635402
5653133
5660987
5755559
5770907
5798201
5820349
5854801
5867429
5878122
5880753
5882407
5888887
5908664
5921431
5939179
5941387
5958636
5959372
5962549
5993888
6006601
6018797
6021943
6039279
6073657
6084289
6093743
6099257
6108173
6109029
6129731
6135785
6152411
6182286
6190058
6198824
6203946
6205348
6227100
6234841
6240551
6270889
6282943
6284479
6292201
6308280
6319297
6337897
6378139
6380639
6389041
6418707
6425467
6451436
6452361
6467299
6474568
6491978
6523903
6529591
6531251
6532769
6544182
6610817
6614879
6626941
6636667
6646591
6646669
6657461
6661661
6665669
6666269
6666689
6674891
6681214
6702730
6721951
6738649
6786499
6811681
6827995
6833527
6856141
6896899
6898169
6901849
6905231
6937837
6945329
6961813
6999290
7000003
7000009
7007563
7013014
7022516
7040653
7041647
7071079
7108261
7108915
7123441
7141741
7179239
7183606
7200007
7207351
7258621
7266184
7269991
7281473
7285676
7326401
7340159
7343053
7352251
7375251
7379376
7395463
7403471
7413487
7419069
7445443
7474939
7482359
7498577
7521049
7527010
7537600
7546794
7569290
7570033
7571299
7577777
7580299
7583514
7593401
7597411
7603593
7623345
7629329
7640161
7659917
7675207
7697633
7699063
7793897
7838429
7847034
7858953
7885202
7904526
7911479
7913911
7915651
7939409
7958641
7958874
8000009
8000033
8000801
8019023
8022053
8028156
8044601
8047331
8052217
8059123
8070497
8081357
8087805
8088426
8100919
8127520
8138214
8143763
8155444
8170591
8197136
8245033
8247991
8252997
8285527
8320379
8333987
8342051
8349420
8372557
8374005
8410852
8410855
8440521
8443639
8463583
8464229
8497429
8531429
8537379
8538853
8599783
8638327
8659627
8660579
8666891
8684261
8686669
8706853
8715709
8736463
8759289
8765177
8776151
8780813
8786377
8804683
8840431
8851727
8853167
8856317
8857566
8868887
8868889
8880889
8882821
8886883
8888861
8908033
8917423
8921467
8934917
8976122
9000873
9008303
9017066
9024383
9108263
9117598
9133313
9136396
9137621
9141007
9148031
9160339
9176746
9190289
9205919
9248261
9256280
9281179
9294199
9294707
9297347
9325275
9331250
9342559
9342857
9351569
9378359
9394823
9394986
9398377
9415279
9426199
9452573
9478789
9499632
9513049
9531187
9566267
9567840
9574849
9588404
9600713
9622601
9632533
9632909
9642989
9667859
9675551
9682499
9686527
9702919
9713017
9725418
9765001
9773347
9788551
9792844
9811609
9819301
9823031
9847001
9847129
9888881
9899999
9904709
9909719
9916963
9941927
9943527
9950657
9965460
9999713
9999991
10000000
