13
3
0 0 0
0 0 2
0 0 -2
7
0 0 5
0 3 0
0 3 5
2 0 0
2 0 5
2 3 0
2 3 5
4
1 2 0
4 2 2
0 1 4
2 0 0
1
0 0 0
5
1 2 0
1 2 0
4 2 2
0 1 4
2 0 0
2
-500 -500 -500
500 500 500
5
2 0 0
4 0 0
4 4 0
0 4 0
0 2 0
8
-500 -500 -500
500 -500 -500
-500 500 -500
500 500 -500
-500 -500 500
500 -500 500
-500 500 500
500 500 500
5
0 0 0
1 1 1
2 2 2
3 3 3
4 4 4
20
57 -10 -433
14 303 72
-322 -212 15
437 -195 -470
-66 -357 -269
-33 83 -181
-164 54 -1
39 333 -135
338 257 198
87 -364 -105
423 -36 -288
-388 -35 325
178 -112 65
-262 -91 56
-303 223 320
179 176 -381
-487 167 -364
-496 45 10
419 -288 -162
-382 -187 -489
13
0 0 0
5 0 0
4 3 0
3 4 0
0 5 0
3 4 0
4 3 0
5 0 0
4 -3 0
3 -4 0
0 -5 0
3 -4 0
4 -3 0
500
-484 -378 -473
-193 356 -323
-337 406 -137
141 -214 -484
479 -94 -250
172 163 -430
-352 226 189
216 -150 -494
-239 -67 -462
-209 101 116
-298 -387 -370
-176 -278 -448
-416 -448 -194
270 -288 -267
358 370 278
-337 387 96
293 -470 -112
316 -344 -366
-91 -57 349
-117 -134 -116
-358 -41 -197
-163 -474 454
212 -469 19
-428 412 -350
494 420 -120
345 -150 220
229 51 -354
455 -78 123
-124 -59 -89
218 73 484
411 414 230
-112 -421 -392
-485 345 -96
168 245 382
-129 65 -275
377 340 433
147 55 263
274 -212 205
-363 423 310
115 -340 -490
204 7 454
164 281 -211
232 -160 242
290 116 -220
377 -10 413
-384 -474 484
-161 -480 132
353 53 -134
-183 -119 -396
-500 -161 473
129 254 468
-327 -85 -226
404 -205 -333
377 -315 -424
270 401 351
-329 -498 -97
-461 249 205
-55 302 -169
-102 -22 -233
30 421 -155
30 -125 -94
-66 -214 210
415 158 -105
-426 392 429
194 311 37
29 -106 -313
-24 -43 -166
76 -69 -171
-388 -26 -424
-229 315 -364
-294 -65 -67
89 44 -142
-191 435 -383
443 -147 44
253 -39 445
318 233 -234
145 -389 -74
471 214 127
76 -163 148
-442 -145 9
-12 165 -133
473 283 197
281 -67 344
440 358 437
-98 -112 -152
-310 136 35
-97 -85 -122
148 -9 -295
-487 285 353
-65 182 98
300 -46 233
-170 287 92
326 57 -244
-198 202 -49
-166 -24 367
-432 -137 490
298 91 338
-125 -312 -57
-208 -4 214
33 -280 -276
133 -488 -97
121 131 289
-426 -100 51
198 -443 203
168 294 34
52 359 -411
138 13 -53
79 -346 -375
230 -337 12
423 -334 -194
236 -78 10
-44 331 134
478 193 243
101 -122 -72
-413 493 90
139 -81 -339
-369 -258 140
-333 -399 -196
-168 -296 -415
374 -2 -336
244 -363 175
-262 336 225
-86 338 35
-220 466 390
-86 -360 -400
-29 300 -60
151 -116 36
-264 -309 254
354 -432 -278
459 451 -268
4 -184 -265
-308 29 -372
117 137 -365
-416 -436 -296
-141 -427 -186
96 154 453
-205 388 -422
162 -330 434
346 -57 426
222 340 166
-170 217 -39
448 108 -244
-298 152 -230
-91 -364 -125
-425 -31 -35
-117 141 0
36 440 43
-153 189 -361
82 -225 -371
490 -321 -255
-247 294 166
-17 200 253
-176 -225 -421
171 136 -315
-205 -142 340
-28 441 135
253 -305 -363
-38 -457 -259
-170 486 -214
321 -231 148
-24 254 109
-231 215 -342
-235 462 79
-22 -56 193
-388 -389 437
95 47 -215
-111 349 137
-18 361 355
273 -302 296
429 79 -79
-233 348 342
12 -70 -306
124 -333 -384
319 -271 -434
123 -321 -132
18 -38 346
106 -218 323
-479 100 11
177 461 462
481 268 -283
-465 103 398
34 -167 420
249 245 -364
310 418 329
-231 12 351
135 -128 -116
230 482 38
442 162 -214
313 -417 215
224 43 131
260 -226 336
188 191 359
134 218 -215
-92 110 176
215 321 488
-96 70 -28
-179 -450 458
391 496 9
46 416 -329
148 300 -423
447 302 242
-101 -248 -410
-294 172 309
290 -39 154
210 103 465
218 -203 324
-134 -118 387
-66 440 -13
-177 -39 171
-27 -317 132
-39 -370 -192
-433 -365 -203
248 -381 -208
443 -499 230
-114 57 26
388 -123 -308
-56 -369 -397
-32 467 463
336 -162 200
-130 137 243
-193 -338 -12
-242 -225 137
418 -387 -7
-239 -375 83
-93 -351 -303
-266 -438 147
91 456 129
162 -490 -89
-108 128 -364
98 390 -229
321 302 203
-9 -32 -226
-131 492 102
446 121 -218
383 -105 -263
-139 282 49
179 266 272
-186 -234 471
312 -314 457
-205 -309 -146
-307 444 -492
-391 -355 323
-429 -235 -399
-289 -95 254
234 74 -196
-251 299 243
-360 -192 27
464 -183 -140
-109 350 225
-232 76 235
-272 163 -178
-400 240 -238
210 -108 -137
-368 -78 -22
-422 320 165
-401 74 -382
-210 116 -276
239 369 430
-187 171 -213
87 -138 190
343 124 441
320 -337 455
398 -425 211
272 -259 -475
-208 444 180
-98 329 -10
39 384 -209
-222 -394 -49
98 -310 -480
-106 -441 250
295 92 -413
225 -493 -385
-351 -57 109
241 -320 172
-333 347 -433
-419 -404 266
-5 -138 -458
-494 99 269
338 -200 94
150 -312 495
309 -426 -206
126 -118 -330
166 -57 -354
-189 -394 163
407 85 498
407 -277 -155
-12 380 -137
138 376 -463
-28 -243 236
2 -158 -480
283 459 -68
71 -338 -34
7 212 -454
-375 -478 -127
-219 -347 129
-116 367 -83
-65 18 -288
281 -223 -334
-500 -482 74
-491 0 -6
416 -406 206
79 224 -320
-196 132 289
274 -14 359
-307 -5 -471
312 65 -124
9 -470 195
-38 -338 -106
-95 -399 78
-283 -488 326
117 -297 208
-302 -123 442
-465 462 262
464 84 -207
352 376 -350
184 -424 -285
-426 499 -275
126 -32 -485
-344 -419 200
390 183 -94
468 245 -147
-446 -378 -91
120 -409 99
-258 305 -92
453 349 -71
14 10 -252
-382 -284 413
-352 264 342
7 164 11
-302 259 1
-420 -38 32
254 63 363
-176 -380 224
496 -382 212
421 476 166
-476 -275 -268
15 215 176
-323 425 -70
-58 -446 280
-273 440 413
390 -407 41
-4 180 280
152 -441 469
163 -316 410
-176 79 176
165 -410 -129
344 329 -460
6 322 -311
35 -369 156
321 99 -116
409 203 -328
-439 462 373
-495 400 458
406 228 412
-186 56 -79
-28 348 96
-474 35 315
-256 24 -228
-291 180 -407
-302 -5 181
-106 472 -49
-414 -132 -17
10 -148 231
-420 234 -332
469 -198 -112
-106 -387 78
241 85 -384
316 118 -99
-95 -337 -361
225 418 -430
-403 395 -34
490 466 -285
466 -275 456
-301 -163 -230
-237 57 199
130 -79 -491
-317 -407 -483
-17 -293 -205
-357 -154 436
-65 50 145
166 118 78
-133 336 253
74 451 106
-52 -337 1
108 307 -400
454 -404 57
362 -291 -261
190 107 427
90 -199 -214
-177 237 44
-237 190 217
-497 -168 -437
-40 -439 27
161 -10 63
135 103 109
447 -124 496
377 -68 -277
196 -360 -383
-200 -166 72
252 131 -243
-72 -321 -258
233 -333 -392
-213 418 -170
467 364 -187
462 55 -293
-370 129 346
420 410 264
99 379 -124
309 106 169
355 -329 -193
51 184 108
-487 66 62
120 374 399
330 477 -394
308 -328 -455
-334 69 -274
-309 -434 -378
453 138 430
358 -331 253
-330 -246 -31
162 436 -173
287 177 -14
-477 444 -49
-198 -458 -88
241 72 -153
351 -418 262
287 -464 82
-433 68 -413
170 55 -5
483 -13 213
368 172 -160
86 -265 159
-177 99 384
-418 339 29
210 -383 -137
-267 51 387
72 -100 49
85 24 330
198 -310 434
152 -415 -153
-279 287 360
342 474 396
351 8 270
237 337 106
319 -442 31
-80 354 -43
402 481 357
430 331 174
303 -411 33
-6 294 8
-489 -275 469
-312 137 382
-37 58 5
286 198 24
-88 203 -228
-8 -18 -262
68 37 -114
191 390 -288
469 490 197
-411 -495 -249
-176 297 305
118 200 136
263 -487 113
-494 150 291
250 332 -236
392 107 -17
-79 -325 417
-166 -224 297
-79 -383 -372
-317 -473 427
-252 379 -29
406 388 391
432 417 -89
-48 93 429
-71 90 -304
-353 -44 -278
200 306 -383
253 -363 366
259 441 -125
161 -367 420
-500 -63 -243
-500 87 -36
-318 -284 206
458 184 -413
-414 -176 -399
365 62 220
-488 395 177
-16 225 451
276 -314 -179
-326 146 343
-289 -216 202
93 32 -375
108 359 -308
-14 240 245
-223 460 -360
430 -454 282
-18 -84 -329
196 -401 460
-292 -5 -32
405 259 -147
500
0 0 0
471 -142 -37
-317 287 -246
347 162 -311
358 -217 -261
326 207 307
243 -190 385
175 -418 -195
-383 -274 -147
-139 -18 473
-234 -353 253
-38 487 69
-457 -162 -91
122 -363 311
-1 -438 -227
398 161 243
-51 418 -257
-430 207 125
-130 375 293
471 142 37
-434 -27 -233
154 -153 -443
-153 341 322
222 37 -439
-121 378 293
73 -486 43
209 333 -298
5 -490 -57
-367 323 -66
207 -386 227
-250 -415 93
290 255 -307
-218 -235 375
-183 -427 -166
313 357 134
-57 -70 -485
-337 -266 243
-318 11 -377
-58 363 -329
-154 443 153
-489 -38 53
-3 454 -193
338 -357 41
467 -159 -2
-110 -243 415
262 -351 227
-153 -469 2
-170 -135 443
-77 -113 474
94 -283 -393
-417 -262 29
227 -433 66
-75 170 457
402 223 -179
-37 -169 462
-198 287 -349
418 51 257
317 161 -342
485 70 -57
-137 251 -402
11 377 318
-378 1 -317
-209 147 -422
-430 235 -57
-245 393 170
-222 -203 391
285 -385 118
431 227 -78
-443 135 -170
-137 -171 -442
266 -183 -373
-78 383 -301
-153 443 154
473 -139 -18
43 487 66
153 -283 -374
402 283 -41
378 -317 -1
338 -247 261
-195 -410 193
207 -158 419
-265 -382 -165
-282 397 79
-422 -79 243
329 -363 58
119 -27 478
307 -255 290
141 298 -367
-66 43 487
-410 -195 -193
-255 290 -307
423 181 178
-222 37 439
261 -313 278
-198 443 -89
286 -397 -63
365 -95 318
-227 -321 -298
-282 385 -125
-253 -353 -234
-143 -349 318
-383 274 147
11 183 -458
-58 -93 481
-287 387 106
93 182 449
227 -66 433
27 -74 487
283 374 -153
-293 378 -121
363 -89 322
-87 -482 59
419 -207 -158
282 233 -331
347 -311 162
-298 393 11
147 -274 -383
187 118 441
-63 -397 -286
-483 -62 -79
-182 261 377
-393 283 94
-134 -227 -417
79 -483 -62
-313 -379 42
235 407 -150
-21 -278 407
349 -287 198
219 -7 -442
157 -465 -50
-311 -27 -382
346 -113 333
-481 58 -93
-223 -429 98
-133 414 -233
246 287 317
-131 462 -113
-147 86 463
-285 -310 -257
-357 -295 170
215 182 405
-201 82 -443
97 -26 -483
449 147 -142
-347 -346 -57
395 295 18
-157 50 -465
-339 -358 -17
-273 254 323
-398 -291 -17
-42 491 23
-107 -470 105
-253 353 -234
235 -150 407
423 -38 251
-322 237 289
-422 79 243
113 -291 382
322 -327 181
94 283 -393
-261 -98 -407
235 295 -318
57 446 -203
93 335 -350
77 78 -481
261 -338 247
462 -169 -37
-418 -51 257
-2 153 -469
-342 -319 157
-254 323 273
-391 283 -102
283 102 -391
414 233 133
81 67 -482
193 -402 211
-258 311 -283
145 182 -435
-283 374 -153
53 263 414
-257 414 -77
193 435 130
-441 187 -118
-157 -410 -225
-329 -58 363
323 66 -367
-285 -118 -385
-395 -57 -290
-462 37 169
-387 302 49
41 338 -357
203 391 222
11 -183 458
191 -378 253
-287 106 387
133 414 -233
122 473 -69
-322 -181 327
283 153 -374
261 182 377
338 -247 -261
45 -95 -482
153 389 -262
-187 282 -359
195 410 -193
-222 -397 191
-326 207 -307
-243 -385 -190
-337 -354 67
141 -298 -367
385 -243 -190
-491 42 -23
-443 198 89
349 318 -143
-51 -257 418
398 213 -199
-339 337 122
181 137 438
-78 -301 383
318 349 143
-395 18 295
-147 449 -142
378 121 -293
253 -74 -417
-2 467 159
-217 -6 -443
-442 7 219
94 283 393
-478 -93 -79
215 30 443
-227 321 298
-286 63 397
59 482 -87
371 118 -303
331 -282 233
57 5 490
-190 385 243
118 187 441
341 -153 322
-447 -109 178
-235 57 430
235 -375 -218
-151 -363 -298
-433 227 66
-98 -453 169
-389 298 57
430 207 125
-182 -195 415
415 243 110
293 378 -121
77 454 177
-233 411 142
-106 273 -397
-291 -17 -398
147 -422 -209
118 -371 303
246 -143 -403
201 82 443
-453 194 23
282 -359 187
-113 -346 -333
-298 11 -393
453 98 -169
18 295 -395
-306 -103 -373
-207 419 -158
-121 -293 378
-193 -410 195
-465 -115 -118
293 -375 130
23 -427 -246
-405 -215 182
287 398 51
239 -157 -402
-246 -317 287
-298 -333 -209
-91 162 457
-131 -383 -282
-295 395 -18
-414 77 257
23 -491 -42
-483 97 26
135 -443 -170
30 -307 385
469 153 2
313 -107 -366
-18 -395 -295
307 -378 79
235 -375 218
-278 -173 369
469 -153 2
250 415 93
301 78 -383
-471 133 62
417 -158 211
118 303 371
-95 -365 -318
-102 391 -283
78 -77 481
290 307 255
-93 415 -250
-51 418 257
473 139 -18
363 89 322
-421 -242 87
442 137 171
-125 -207 430
-417 29 262
490 -5 -57
-365 270 -193
422 -79 243
462 -173 1
-42 -257 419
293 378 121
327 -149 -338
-23 -194 -453
353 234 -253
187 282 359
311 -258 283
331 -233 -282
-182 71 -453
-479 3 -118
333 -113 346
358 -91 -327
119 27 478
467 -138 79
183 242 389
-183 -389 242
338 261 -247
-98 -407 261
-443 105 190
-419 -257 42
5 -482 105
441 -218 37
-349 143 318
29 262 417
57 346 347
-262 -153 389
-327 -358 91
-77 194 447
193 -410 -195
183 242 -389
-105 -475 82
-337 301 198
-301 383 -78
-139 -462 103
222 -391 -203
-310 -257 -285
-387 -142 -271
467 -159 2
-411 233 142
42 -379 -313
-210 55 443
378 -307 79
-115 -118 -465
318 295 -235
287 -398 -51
11 -458 183
-393 170 -245
53 -153 466
153 -458 -101
-15 10 493
107 198 -439
449 -93 182
-135 170 -443
-223 -98 429
193 -435 -130
-317 334 -177
159 467 -2
-161 -342 -317
311 -363 122
-407 -278 21
-389 262 -153
-173 -1 -462
131 -282 383
-42 -491 -23
-258 -79 413
-118 -187 441
-207 430 125
-273 106 -397
-227 321 -298
-414 -53 263
79 -93 -478
-11 393 -298
170 393 245
-349 318 -143
70 57 485
-317 -369 -82
74 -27 -487
258 79 413
326 363 -73
365 210 -257
435 182 -145
-253 378 191
417 -227 134
243 -110 415
-153 -443 154
-143 246 403
78 -383 -301
-91 457 162
255 -290 307
257 285 310
218 235 375
-50 445 207
379 -42 -313
183 458 11
-485 57 -70
-286 -63 397
470 143 45
-189 -433 142
-194 153 -427
157 -66 463
322 -237 289
193 -157 426
50 -157 -465
327 -341 142
-410 193 -195
-422 209 -147
146 -63 467
363 322 89
487 43 66
53 -402 -281
57 203 446
353 -253 -234
79 397 282
283 -402 41
225 157 410
-273 -106 397
-417 -158 211
211 417 158
439 -198 107
318 349 -143
245 -170 -393
-395 -57 290
321 298 -227
218 -37 441
6 -217 443
66 -487 -43
473 122 -69
326 -363 -73
297 62 389
-57 -142 -469
-393 170 245
177 -454 -77
17 -291 398
482 59 87
243 -383 194
122 -69 -473
335 93 -350
342 -161 317
493 1 18
93 58 -481
-49 -387 302
-118 -465 115
311 27 -382
-313 -261 -278
-166 -183 427
-458 101 -153
-182 -405 215
310 -285 257
49 -482 -93
307 290 255
375 218 235
258 413 79
-79 -62 -483
-193 -211 -402
298 -11 393
147 463 -86
130 -375 293
-130 193 435
-66 433 227
-427 183 166
-351 -227 262
-137 -181 438
-166 103 -453
153 53 466
-218 37 441
-398 243 -161
143 470 45
435 -182 145
-469 57 -142
-170 245 393
-323 367 -66
222 -391 203
383 -131 -282
-143 -45 -470
-195 -143 -430
-207 386 227
139 -462 103
3 118 -479
-37 218 -441
261 -182 377
-462 173 -1
-274 -147 383
-363 122 -311
-38 251 -423
51 -257 418
79 93 478
-11 377 318
318 -349 143
