274952283
960512327
270171610
547815398
973807685
290037477
79294110
953821651
49470634
548913800
48765737
886170895
339429147
74358573
568744003
932968669
274107417
806823859
912909049
863199031
2552874
819668171
427685916
999868189
630257051
4145871
1131066
473767848
628866533
942871689
56297400
381440310
4152606
115888301
512900328
93139947
367530450
748260965
1439008
84297372
491315588
164653004
970297437
930803875
85562277
156720
118302
3007
691585855
986898127
560
492065383
823053685
763263224
2133
22667182
744100038
695529296
894348333
1122415
630083018
969211692
731697752
982599131
801343102
578787740
191193215
971421443
863265047
348965879
324808033
691849543
634568885
803484316
861665807
910583599
718462175
519914765
857205964
2901
594728702
523984609
801379288
458767220
474585733
288488075
34681139
861864738
616098480
815525648
26775760
909431022
21624215
61197521
898461406
605755905
2002
982692212
751775288
270882396
32628056
349507666
403395728
286182245
298593870
349180611
212125031
280646488
414626986
787506703
757953744
6984
885967231
889041341
672039743
747037054
57544904
707692624
787854492
593541455
96293314
124785794
492313426
823008221
545285008
130839289
526389643
38966461
1392151
662256617
13519392
600447852
4
2454155
31697148
199242
264021492
242630464
484793573
183721613
631274164
168684907
500182078
325436535
735697083
210478519
466874488
206549532
819864380
524651
917322937
369266727
699888029
640745247
16169888
639811487
772515248
198413387
55007293
85323413
559345916
370434282
356061164
750350752
562369223
14
911575128
167685147
279895266
6507
71350436
633083949
143380056
602153161
145800195
73342600
595922096
873575626
342374330
166999980
343255437
787549653
27815
19720151
76846859
28947532
54910429
266759
492446755
343711854
1719
321109872
756514354
193170839
2245838
119776366
484874211
763802112
723965884
439676934
274295729
325004540
462921557
196414453
74413
753314812
148307607
138
732623636
852916274
8268880
741561807
423259013
123121614
753262739
7366
979853011
740944548
356241779
9276266
1625818
724696288
373281893
430923105
693844434
153024576
487566694
492118098
699193416
5922
643679467
665400202
607191387
3809
791210005
613205377
153599706
472362784
703946328
915714262
789969190
536447330
14
202554284
768104433
216959465
618530119
87164011
273351072
346233152
72003
765037078
380786981
78098834
649200644
125668396
62
756171952
118425014
24068202
977606738
784184037
359089863
195399199
694723187
845531
929296510
698310982
660231098
28836632
986813121
574592
105322653
691481
118140781
419479718
621865986
243336648
956793680
910266922
72
441011482
167309372
226226
125212504
1740
950280935
223082915
833300498
514425232
192792634
689035932
914315783
120837
942627362
97671281
910990521
233998453
178991263
506485747
3365
53499677
74143312
865681478
740909168
211410153
387881911
103404696
319311469
647453212
68201188
518836992
3448937
101333922
1124532
596038915
2839123
599749324
6424
536503117
214048163
164031764
36735007
426319669
3945
905201534
680
768048715
230238687
34542583
473940903
2054936
738601142
26090
352215815
19591
186991342
306093750
75039214
868371885
305494746
1656
753368386
597406688
450481496
346
2785
673100778
618567796
570564464
553225999
40
55029232
719342657
843118086
596609471
507957895
709097296
281488274
65977915
215717841
49378
680
570893946
862793664
12453376
49075
709791539
962363383
253667986
228779293
293073649
366763983
152
610788591
773067647
239932693
5190
209
956616893
141
43398088
52
1182
523931448
510099289
85311839
78407667
134129729
179367250
37841808
584337067
215327831
314109288
523406048
258153103
470200043
134615551
472575537
520483996
513981713
999942131
315233343
198969242
164106403
570359206
675428110
5
419886062
783592296
505875278
678831668
34
287341871
271130881
356926
217454030
730204322
855918382
17576862
146911955
214406554
109904
659480892
82963339
824905039
517855785
811151880
920089033
972745317
231982876
729911730
361613986
903292016
230049550
9869133
681115894
606014631
325307774
316646144
848741373
3926964
273979565
422705233
194116642
315424590
74221832
666786671
393807210
863626363
494691180
783423004
226770506
767823595
541953771
584666125
43998229
672553020
633087318
873497988
443620876
22300
204543782
41996827
857190174
14864
667564276
2329248
464572268
609547658
527912266
547734902
254291128
210611587
950584186
320131130
326745
909562561
305015338
608520314
31683514
114933
585215390
4616537
7030956
712199838
268742531
208118171
5130355
103868026
574634906
867325563
8404132
729321986
626428000
24998
14016
95453
165136060
84
211851085
640687452
610336060
833361460
2747542
582836529
3656559
390485988
598074906
724260514
334082729
600711257
661255819
424273316
97987678
565945049
2116
22099091
479528844
746183674
86902592
556868678
996514432
526501072
309914
327365798
385134042
130298868
22369318
35410284
324215550
147830560
32216
314903681
457897036
1206716
68117999
3543486
16397236
57244424
507016320
231419631
493706762
842518442
32920597
195682313
16817027
83196273
440165210
507878103
14068081
393019497
654856252
514075410
629721119
746526306
224272610
809288943
701488928
498
673119729
79792320
11836479
248484189
988706134
806697580
190767179
148339053
833921960
491248845
180276683
50772282
552540565
251777064
994637989
58744759
216749283
658274989
342312166
816338933
2748690
42701824
71204375
43911002
5511415
544353701
506195667
435939318
722853318
657684003
202058567
9996
433581544
442798348
633379422
386019466
728212882
551619156
381513861
973637785
454841744
418505
197333579
953179879
278008539
258616220
762796852
821024636
944290116
201842830
138
281468302
466249703
771066805
349222301
961937977
927994216
899640621
111222
616
418764170
259735986
345233643
132257908
503362474
882091638
65411733
11090150
770712531
596982488
341037313
298958691
681361115
131074203
865454275
671502711
452854982
469002455
950592053
876623488
473823462
461202167
307937425
525135
215456647
450120348
517373024
23100686
793367932
629121963
918815202
341738929
969785102
238102171
101104719
626503348
614798514
735200987
302394879
255682263
342840908
664079648
243383819
149557
291948989
382253165
97879830
799780316
928111490
750527534
224126262
589152217
167996204
381299315
874324684
858818495
452010253
393604502
610895986
988586017
5206722
519347164
39001515
446828735
145401150
637885210
330750167
748
459700700
768313588
585089461
152566407
152165458
211854771
6037722
20215370
427703083
234309736
8667530
971595652
996511173
609469281
92963056
165611186
57718955
278727111
36208173
13470
48612698
165897275
1192275
793928150
622411833
468947641
159260
15946678
895705729
607387222
471263365
192752264
288320160
659081057
18031094
178934222
110289
639849605
226032137
3701948
195068597
834574920
484657399
422871944
586269667
430
172244309
382575469
6168
582596578
425806460
566193
842760128
451237363
332473603
587053
755296644
563819076
134
60646
721183140
263798359
577117884
308371147
132104796
784338133
831675494
681024868
1330
176057325
129799052
6
547746198
1284
40
18
103956
8493062
443084988
359860819
472
759032056
1587419
349218257
21649328
834576668
875518450
70580176
26
32248
299098222
6356940
41628
355066565
874883295
59588160
115786601
993767133
363992578
38595
448807514
541250718
78
698578535
169903927
51254
289657587
581606630
18801812
220748579
829574876
1239
397634779
439625387
512032843
858061199
706881041
745372856
561579319
587044654
466720086
382034519
872858917
441324591
701347920
914441362
660970322
23698332
269159291
642399574
818976816
475011660
136724637
473019986
194213262
925400029
272167195
419742785
351
305936837
6434374
40
7887
640250248
923232188
566549959
40340108
312843918
157481421
205345
19308617
861363976
26
678421277
536448942
13866
928422611
688722858
464162698
44198262
701463429
107016084
946205488
896050886
348352733
607128763
339134793
918723280
672609508
791142209
77071825
749477205
408555491
297
225196
262240651
108799272
753120623
680561431
77510
24927
203829284
701215453
750468104
234602678
434431103
953895244
219193131
370752354
355419546
669520252
783555723
34953866
883099150
187557017
4936
54970135
562098339
42097708
563892888
15531015
498291992
826500104
73834941
527210806
353165494
21
51965463
64041245
326145812
11146476
165326082
810466323
307850506
654546967
133
394359768
673863826
937880495
14092938
146
299918280
541094282
2983311
580482593
722689812
171510992
185447931
289124834
161506369
881204073
18825706
641427495
95
611173613
978274077
970902692
932409192
780082915
100315478
4824706
48869388
597808358
748499843
602410829
309765276
72361563
820324828
152698835
834685196
178400693
41382289
106166
783174691
472563887
755871582
625232663
780415655
298337096
425322103
254051268
320078129
25521763
347868040
46754
16
675066855
699179447
943529393
1042845
711897738
690199207
122939613
219606308
247360092
918306
6776540
972188484
874912026
11
270907168
916409773
20
5966
243866512
231991655
827674452
407710099
515870207
333803516
829892502
694167515
28119506
1278819
617
5
167170
406968262
278696608
103776094
202049657
721037866
517157352
669598931
2341324
320464633
974329908
13654897
4710761
602289251
751637697
306637996
