1000 20
14 4 3 10 1 9 13 17 17 20 12 12 4 6 9 14 11 7 10 13 18 8 13 9 1 4 10 13 5 10 12 8 11 5 16 1 5 11 3 5 4 2 11 17 17 12 10 18 16 12 11 5 15 6 10 11 8 7 4 15 5 1 10 1 17 13 13 14 11 10 20 6 16 10 8 20 18 5 17 10 17 5 14 6 8 7 10 15 13 6 4 19 2 11 11 18 16 17 4 12 8 3 7 9 13 2 11 1 19 12 12 15 8 5 18 6 19 12 19 8 12 8 14 20 16 11 11 14 3 15 14 8 2 11 1 18 19 7 4 18 9 14 9 19 6 14 9 1 12 7 8 11 10 8 9 4 14 1 15 6 4 13 11 8 3 11 6 11 1 17 3 6 1 8 5 12 19 7 20 1 16 16 3 15 2 7 3 9 6 11 19 4 10 7 20 11 16 13 14 15 16 11 14 16 11 16 6 6 15 9 14 14 15 1 2 17 5 4 1 18 20 16 10 10 11 8 18 16 8 14 7 6 13 13 16 14 14 4 18 16 18 17 18 17 20 15 9 3 2 16 11 17 15 2 11 1 5 7 20 8 15 20 3 6 14 13 17 13 4 18 8 4 11 8 17 7 20 9 12 8 17 1 14 9 15 11 18 9 1 5 15 11 20 6 19 12 2 10 12 3 18 13 5 16 12 14 6 19 17 3 18 9 13 18 5 4 16 10 8 17 3 8 6 4 1 19 17 12 8 8 18 19 11 10 11 1 17 2 14 10 14 19 11 15 4 10 9 12 13 2 15 15 14 6 10 6 18 19 2 9 4 10 16 10 10 9 15 4 2 12 17 5 18 13 6 12 13 3 13 4 2 5 5 18 3 5 4 12 14 16 7 20 7 17 20 4 19 18 5 8 17 9 6 15 15 20 11 4 4 5 8 3 8 17 10 13 9 5 14 19 3 15 8 9 7 12 1 13 19 19 19 9 16 20 20 4 17 20 17 7 1 13 11 15 16 12 12 20 17 1 17 4 14 16 9 2 6 10 18 18 7 18 18 3 15 7 18 10 1 2 7 13 14 1 11 17 13 7 15 6 8 8 16 19 4 11 3 15 5 12 13 6 1 12 20 18 2 1 12 16 1 7 13 9 19 7 19 7 9 15 4 4 3 12 14 9 18 12 20 13 13 13 1 4 19 10 13 3 9 17 13 18 4 3 5 17 11 16 6 9 5 7 6 16 5 5 14 19 5 2 10 18 5 7 5 12 18 19 6 20 20 16 9 18 1 19 7 18 16 15 9 3 17 20 3 17 2 8 12 3 15 2 3 18 14 6 19 16 19 1 18 20 9 12 8 17 9 5 11 20 8 19 12 7 7 19 11 11 5 3 17 9 12 9 17 8 13 9 18 18 19 15 11 14 20 10 5 12 15 2 17 9 6 14 8 4 12 15 20 4 4 5 16 17 9 15 12 3 14 10 6 6 18 17 16 10 1 14 9 3 20 3 1 7 7 1 4 3 19 6 17 18 20 6 12 18 13 13 19 12 6 5 7 16 3 5 11 18 8 16 13 19 18 8 20 16 8 18 14 14 9 4 6 16 10 10 14 16 18 10 11 9 19 19 4 5 12 1 3 14 6 3 10 6 20 11 5 10 3 1 18 1 18 6 4 19 11 4 15 1 20 17 7 1 16 17 9 18 9 7 6 3 15 7 17 6 5 4 6 16 10 20 4 20 3 8 20 17 4 19 16 18 14 9 10 15 6 1 7 15 1 11 20 3 16 12 15 5 4 7 4 16 4 18 12 19 2 13 12 7 4 20 15 11 3 3 6 3 17 14 8 15 19 12 10 14 18 18 14 11 4 10 8 12 10 16 6 10 9 10 13 12 11 11 6 12 11 15 5 18 19 14 17 15 4 17 8 9 15 17 4 11 10 16 3 7 10 4 10 14 5 20 5 3 14 4 12 20 8 10 17 13 14 5 9 10 6 11 3 18 7 3 4 9 1 6 16 18 10 20 7 10 19 17 4 15 9 19 7 14 13 12 20 11 17 9 4 18 18 2 9 19 7 3 8 6 15 5 8 4 19 8 11 19 5 16 2 18 18 13 16 11 6 6 15 12 7 14 1 19 5 10 6 4 18 1 1 9 19 11 17 12 4 7 19 14 12 13 15 2 3 19 2 20 19 12 5 14 19 17 4 19 15 18 10 16 12 8 18 16 16 13 9 5 12 5 19 9 16 8 14 6 2 7 6 8 20 5 17 10 
1000
211 454
524 859
3 554
156 960
107 288
4 358
883 985
488 811
443 771
787 962
549 702
98 876
242 919
177 981
16 634
195 355
171 356
323 893
502 654
379 524
21 91
43 268
153 391
183 476
60 693
573 643
212 263
117 995
276 925
107 385
374 780
8 667
67 143
178 282
775 935
518 787
293 899
349 858
554 621
15 821
412 606
731 890
504 779
216 718
256 961
454 506
555 612
340 370
32 905
87 735
17 36
166 446
328 877
135 601
580 603
560 652
746 871
154 948
252 519
414 484
131 962
221 866
342 780
568 876
244 748
258 621
17 197
347 688
202 448
444 570
633 979
347 548
265 636
248 453
110 896
103 228
114 422
218 891
124 837
587 618
252 841
32 728
118 887
226 448
719 839
426 630
72 1000
90 655
81 752
174 933
140 220
211 591
263 343
455 548
185 718
98 918
237 267
216 348
609 918
266 662
371 441
701 901
135 236
86 478
431 982
180 824
93 363
339 684
119 789
376 957
329 967
805 832
136 388
359 695
593 964
310 551
663 750
408 974
509 668
479 790
195 947
492 887
581 729
671 835
36 461
70 186
488 896
427 956
67 432
611 961
32 199
80 294
491 493
700 782
240 328
43 782
98 693
59 878
242 772
311 493
368 641
300 809
20 411
457 569
188 759
269 934
233 738
457 813
524 729
479 535
39 616
256 403
309 694
666 802
2 967
7 359
381 853
564 914
537 635
43 479
261 521
491 977
104 227
470 822
215 370
200 204
495 839
1 761
190 552
612 644
8 864
358 706
41 418
391 773
145 576
117 542
311 432
750 902
101 361
202 562
161 348
2 812
412 443
553 643
321 417
765 912
306 782
245 295
188 552
612 792
695 715
178 620
678 976
1 187
215 282
523 973
270 998
51 817
423 646
295 464
332 551
5 135
79 968
3 231
477 524
226 817
838 951
787 798
555 744
550 795
449 526
445 721
111 807
312 533
48 344
683 710
347 883
826 991
259 529
871 959
299 362
155 443
113 252
698 956
176 299
317 524
162 395
57 868
584 801
885 914
541 658
351 566
154 981
444 473
635 822
509 754
633 973
12 634
85 968
97 247
491 623
398 940
887 892
170 663
59 848
401 579
154 890
394 628
347 929
331 744
414 460
602 942
188 547
255 342
234 414
283 934
823 831
231 643
111 879
395 474
429 904
176 405
172 827
39 617
179 555
391 440
227 712
405 724
692 841
665 754
444 648
456 517
305 688
413 481
242 631
247 522
178 904
380 574
165 432
199 693
14 21
230 390
348 450
196 243
478 630
640 663
26 434
17 315
261 796
740 959
208 702
217 794
66 280
425 479
566 983
166 787
147 518
145 667
37 589
528 696
200 230
292 927
163 304
71 220
286 933
107 432
606 882
202 462
19 944
370 773
182 931
67 535
293 361
253 785
630 694
588 824
454 766
75 564
822 843
770 921
487 817
7 902
589 798
501 903
795 823
560 892
573 589
45 878
360 767
148 785
107 788
394 454
568 848
16 58
128 257
878 910
152 992
394 697
282 373
50 540
42 865
616 643
367 803
633 843
167 250
672 691
144 171
357 517
12 707
108 387
115 442
796 805
698 805
323 431
400 714
344 534
718 943
18 663
273 586
81 457
398 512
719 762
940 958
392 771
21 461
197 287
464 505
251 826
150 698
705 825
41 793
322 921
374 526
412 423
290 601
6 796
571 920
479 509
2 12
330 486
536 551
564 871
323 331
80 101
495 987
365 500
308 538
323 435
648 812
255 778
415 870
362 501
556 895
705 846
219 697
729 976
606 826
39 533
146 248
364 467
201 416
325 569
27 873
165 621
445 612
330 588
197 594
521 523
237 898
375 851
235 687
68 744
976 986
252 626
340 633
887 955
63 250
398 586
546 671
392 560
165 419
308 755
229 284
374 852
227 693
112 780
345 968
89 441
514 722
167 371
400 820
265 804
162 398
254 403
193 588
252 415
158 916
282 909
4 390
529 651
223 762
918 993
546 970
396 750
696 817
537 994
304 925
27 728
627 739
138 705
106 746
63 762
32 936
378 976
194 936
14 187
277 371
430 673
647 967
141 440
493 946
572 609
82 256
589 862
445 844
382 417
703 918
172 225
284 907
554 686
3 776
321 857
32 134
714 857
179 724
706 830
689 757
317 461
450 980
149 616
121 299
432 484
91 763
618 700
215 293
165 350
510 777
62 958
1 993
2 262
360 533
266 970
814 900
382 543
514 672
346 384
945 972
757 809
502 950
72 83
874 977
484 611
445 901
199 670
619 695
291 419
411 490
639 868
374 559
420 830
656 918
254 861
217 563
7 920
138 787
382 916
108 130
237 442
123 356
153 809
199 309
22 354
27 877
156 288
530 578
98 969
245 581
741 983
312 698
26 979
307 498
428 752
376 413
688 855
768 875
872 944
182 936
313 386
502 776
629 715
555 764
496 953
453 575
611 916
143 958
456 561
231 796
29 917
707 834
81 530
167 894
66 991
494 998
612 855
283 883
732 850
104 808
240 477
194 846
648 669
48 409
142 371
650 770
32 910
181 776
501 741
150 470
296 816
461 629
283 998
251 511
135 498
145 869
135 284
117 413
143 226
49 180
59 888
379 953
66 928
541 610
287 377
369 446
22 113
608 692
5 286
318 647
70 195
54 707
32 393
145 956
937 964
425 573
189 888
297 689
567 853
256 629
141 472
77 763
333 826
625 884
673 734
248 837
527 864
243 899
101 630
173 262
2 822
309 509
65 855
809 825
278 999
406 576
224 834
147 659
245 361
546 767
336 855
684 735
705 725
363 672
85 589
59 257
594 708
289 445
303 782
456 649
892 976
10 642
158 798
150 799
811 929
117 297
59 541
50 563
559 781
305 420
213 875
217 342
476 875
226 785
391 958
599 780
54 115
178 334
8 925
205 444
652 732
614 906
199 332
126 259
701 904
444 936
16 284
873 970
213 973
196 877
444 581
422 960
18 924
52 748
326 688
53 337
349 394
670 992
848 962
666 865
105 609
94 896
436 577
556 945
131 488
328 605
148 421
74 875
260 907
810 954
19 544
444 900
33 259
511 578
235 665
140 461
621 985
205 927
308 522
563 679
732 751
336 506
438 992
30 473
398 692
755 986
590 909
326 401
295 381
148 245
315 488
437 521
628 790
324 872
179 793
360 653
67 754
533 992
699 949
513 717
788 821
289 785
407 694
412 468
316 527
204 871
172 756
840 893
151 914
470 939
651 861
188 370
203 924
505 621
396 833
66 485
176 382
99 141
21 396
488 924
100 180
98 365
470 913
472 969
128 812
431 896
523 538
110 330
184 967
382 407
523 986
398 744
124 194
696 921
381 691
417 540
433 501
76 269
214 608
922 936
732 779
11 242
276 876
107 815
775 869
715 985
357 467
488 634
534 899
849 871
654 966
330 984
878 880
159 815
924 950
436 444
823 828
643 692
528 592
95 812
293 833
389 408
44 381
142 204
410 860
499 577
92 602
509 884
206 944
804 809
22 64
417 684
230 311
44 95
81 962
476 644
366 673
91 748
20 405
330 629
752 795
271 886
483 822
284 294
6 767
225 389
854 893
841 999
121 341
136 216
86 380
135 487
577 593
173 889
449 933
509 947
386 643
274 518
118 464
43 497
248 721
22 714
701 826
127 332
151 541
273 467
338 479
652 868
173 797
326 868
577 698
147 763
564 822
158 273
182 1000
167 581
638 896
235 344
170 746
518 533
718 856
699 788
117 124
580 614
330 746
597 951
580 786
434 830
681 957
94 735
656 696
339 485
468 669
158 164
748 883
393 606
824 852
216 928
556 675
513 897
203 844
29 210
117 256
614 918
281 403
173 989
330 932
67 940
701 873
124 458
98 496
702 812
550 761
142 481
966 981
106 169
358 843
337 844
113 450
367 518
678 723
734 774
191 410
195 589
580 832
528 881
201 877
384 741
251 448
48 795
280 802
663 860
471 924
64 948
718 942
209 886
94 122
501 724
504 861
200 550
12 340
292 950
124 671
96 816
489 626
279 784
53 210
113 118
17 319
232 706
414 662
104 195
43 568
248 764
430 942
694 972
838 851
19 280
315 487
400 577
154 493
69 85
87 459
377 629
39 114
9 671
514 869
4 300
509 848
375 544
296 394
181 426
623 746
651 843
739 749
12 235
673 924
89 616
664 783
46 700
368 570
159 463
723 995
276 417
439 792
577 728
339 897
560 808
308 880
446 608
120 417
186 285
22 186
672 714
314 449
197 458
389 644
367 561
403 708
589 708
176 607
5 935
693 922
301 974
24 595
340 388
620 625
70 561
514 758
61 668
709 776
358 696
347 808
287 817
404 596
383 692
444 510
469 540
158 866
95 620
734 738
454 875
5 351
490 495
272 301
535 810
551 802
63 607
542 979
429 809
429 593
177 872
119 952
277 368
804 850
810 832
940 942
818 867
140 373
594 968
198 403
44 810
75 656
195 949
251 872
331 396
520 977
94 351
328 738
670 750
487 875
624 965
631 948
