12531
12470
12471
2
3
2
12532
12470
12470
12470
2
12470
3
1
2
1
3
12531
12532
21915
2
12471
12471
12471
2
1
12470
2
2
18588
3
2
12531
3
1
12470
12471
12532
3
12532
22862
3
12470
1
12532
3
12532
2
22684
3
12470
15668
3
12470
9480
22880
12532
20838
2
1
12470
1
12471
2
2
1
12471
1
2
12471
1
2
12532
12532
1
1282
1
1
12532
3
12471
12470
2
2
2
13853
3
12471
3
12471
19795
1
12471
12470
12471
12532
12532
2
12470
17935
3
13659
12531
12531
12471
1
1
2
3
1
2
2
2
2
12532
2
12470
2
1
1
12471
2
12471
12532
12470
1
12471
1
2
1
12531
2
12532
2
12532
2
12532
3
12531
1
12471
1
12470
1
2
2
2
12512
12532
12470
12531
16168
2863
2
12471
12532
1
1
1
3
3
12244
1
12471
2
2
1
12531
12471
12470
2
12471
1
1
12471
12471
12471
12471
11052
2
16099
3
12532
2
2
12471
1
2
12531
1
2
1
2
12532
12471
12532
12531
3
2
12471
12531
12471
2
2
1
1
1
2
1
1
12470
1
1
2
12532
2
12532
2
12470
12471
12532
2
12471
12470
2
2
7218
12470
12471
2
12532
1
12471
3
1
22887
12470
12532
12470
1382
12531
12471
2
3
3
2
1
12531
12532
2
1
12470
3
1
12531
1
12470
1
1
12532
12531
12470
3
12471
12532
2
12471
20046
1
11016
12531
2
2
1
12470
24630
3704
1
2
2
2
1
