537
537
537
8767
8767
4218
537
5086
5228
537
5228
5228
5228
537
537
537
5300
8767
537
5086
7598
8767
537
5086
4218
5228
8767
4218
4505
537
8767
5228
537
537
537
26
5228
8767
9274
537
8767
8767
5228
3740
537
537
4218
5228
537
289
1777
537
4218
8767
537
8767
5228
8767
8767
5086
5086
537
4801
4218
537
8767
8767
4218
4218
5228
537
4218
4218
5228
5228
5228
8767
537
537
537
537
537
5086
5228
4551
537
4218
8767
5228
537
5086
5086
5228
537
8767
1197
6594
5228
8767
8767
4218
5086
537
5228
8767
537
9943
5228
4218
5086
4218
3267
5228
5086
8767
8767
537
5228
8767
537
8767
4218
237
4218
537
5086
537
5086
8767
5228
8767
537
4218
5086
8767
8409
3574
4218
1272
5086
8767
5228
4218
5228
537
537
8767
5086
5086
4980
537
4218
3916
8767
537
1036
537
1450
8767
4285
8767
8712
537
8767
537
8767
8767
4630
537
5086
3913
8767
537
4218
8767
7109
537
3692
5086
537
4218
537
9447
4218
8767
2925
5086
8767
5086
650
8767
537
537
738
5228
5086
5086
5228
6144
537
537
537
3363
87
6264
8767
4218
4218
5228
8767
6835
5228
5086
537
4218
8767
537
537
537
537
537
4218
8767
537
537
5228
5086
5228
537
4218
5086
537
537
8767
537
5086
4218
4317
537
4218
8767
5228
5228
4218
8767
537
5086
8767
5086
537
3807
4218
4218
8767
8767
537
537
537
5228
508
4218
4218
537
8767
537
8767
5086
537
537
5228
537
537
8767
5228
4320
2707
537
537
537
5086
537
4218
4218
5228
6968
8767
537
537
5086
5228
537
537
537
4218
4218
5086
5228
9143
537
537
8767
8767
8767
8767
6442
5086
4218
8767
537
7133
4218
