5000
4701
882
2932
3153
2593
1165
1105
4616
675
402
2191
1489
1302
2424
771
1818
4691
1007
528
2689
3436
2661
2652
1773
3640
4654
1364
953
1259
4585
2176
2107
1134
3792
4545
1469
3864
4369
15
999
895
671
2371
2730
4291
4872
2740
1726
760
4618
4365
2069
2968
712
3828
3492
4895
82
2330
1287
2621
1600
1125
1137
1689
969
4126
2853
2188
1131
1609
443
1357
4210
2842
1043
4258
1528
1293
1001
4597
2505
2610
1709
3884
694
4135
3819
4136
3419
3904
1168
3626
1926
1570
1568
3448
4695
3783
4060
906
3139
4862
4553
1843
3854
4253
949
4198
3931
2797
1243
4467
2912
1021
3506
4690
3335
4172
3684
421
1897
1661
3315
4293
3021
3119
2347
1422
4966
1526
2994
136
769
952
125
4371
2799
3414
1082
1716
1753
903
1751
2658
977
1286
3258
239
4361
4073
1851
4274
3106
398
1546
1310
400
1036
2742
1737
2198
1062
3518
3398
217
551
3130
4017
2177
4376
2047
3825
2001
2074
55
3763
4642
3775
2698
1771
296
1602
67
1406
2473
4087
2456
3033
4133
4051
3981
4557
583
1207
478
2163
2114
821
2756
3135
4718
1479
1975
3136
4927
3285
2757
1182
3512
2687
2048
1987
678
3596
3014
640
4816
937
4512
4938
3813
3658
2782
1478
4988
4041
2511
2400
3958
3818
572
1212
4035
4445
2669
259
636
1545
4633
2519
1973
1676
3718
3369
834
1200
2535
3908
1895
1442
4877
2413
4569
4298
4235
1736
1861
1159
2555
4792
1807
653
707
590
1974
97
983
1941
4843
1674
4295
2725
2937
449
4254
3149
1452
4565
191
2304
530
2145
2166
4683
1840
2474
3453
4608
4747
1092
340
4743
1107
3982
3284
2892
4878
4226
4681
4628
4385
2807
3846
2811
3030
4537
1427
2803
401
1999
1326
4019
3271
4653
791
1367
705
1189
4083
4873
4022
4562
3477
2783
3610
135
1646
2617
1209
3836
275
1663
2964
70
3985
1919
1149
1060
1436
4348
4822
1420
1052
3664
1672
2148
4971
717
4548
1830
4610
2623
4540
1239
2720
489
2447
2448
2128
2987
365
3354
4525
3481
1171
4948
2601
3299
4381
4965
1264
4666
4325
1234
2774
4711
3772
1241
1937
2021
2939
3109
1776
3277
1525
2112
683
559
876
3386
1604
4396
1353
4263
3852
3871
3173
2688
4469
3803
3969
2628
2786
2872
3799
51
4678
2157
893
2094
531
800
2719
3612
956
2045
4769
1714
247
1378
140
1898
2643
4465
1720
3262
4693
1615
3246
252
3217
1400
2118
4936
4748
2978
934
1451
3736
4014
776
4106
2189
1825
3733
1392
2421
246
4509
4028
2962
115
3688
175
2192
3075
1115
2931
3171
3998
3849
3313
1306
3194
577
1712
1354
1054
4243
3142
4394
2592
4095
4604
2275
4487
96
894
16
3041
542
2682
3042
1121
4129
2078
4578
2014
4765
4968
3919
2708
1949
4835
1559
1951
2549
1063
3778
1691
1387
3430
3795
4273
3899
4837
661
483
3999
263
891
197
3223
2115
3116
2649
3529
1242
3583
157
3924
3099
4871
951
3056
3225
4493
1135
1301
3355
4921
2170
580
851
1769
1375
4639
2663
1282
203
1524
1006
2891
4884
339
2565
1351
1605
1040
753
2493
112
4296
1015
1533
2862
3421
1892
3768
1871
4355
3623
2997
1309
1931
4998
3057
1990
2365
3291
2975
3780
3017
2352
1529
2664
3900
3463
4716
2973
4864
3723
2852
2216
3339
1790
2162
3916
1715
1710
1585
4324
3608
3857
3141
1453
1831
3532
3533
1100
4026
2656
723
1784
101
3715
3240
4582
2632
4244
4433
3927
81
3816
231
4660
3744
4832
4473
3907
1130
3347
4899
987
1747
1619
4377
617
4684
2702
2575
2890
2331
4531
1614
2430
1178
3490
418
1838
4855
1277
1256
718
998
2560
2124
457
2281
1220
1173
3995
971
1390
1925
3395
4090
4768
4308
4594
1034
3830
4483
2627
861
1523
3402
285
1008
4059
352
1428
4379
2515
740
3521
2269
1957
3236
2416
442
4669
1185
3408
1445
4699
989
2870
3539
1985
565
4240
2629
4142
1641
4571
1257
3697
4955
1075
3569
3817
1382
1095
233
576
2158
1772
1022
1000
4704
348
2793
4724
1070
2805
2042
647
189
2131
237
3060
4311
3412
3034
927
59
2394
4574
1372
2440
1649
2692
591
4513
4299
4054
3049
4340
356
4453
176
1206
2260
692
4613
4982
222
2915
1658
3896
2222
3732
3296
4596
1394
3692
2644
4887
4778
762
1707
1684
139
868
3067
4702
2703
2146
3038
2992
2408
843
3771
3541
3834
472
1033
1468
985
2899
4124
2680
501
2895
256
2278
1056
1360
4506
3121
4496
4339
711
4118
3350
145
2209
2716
6
2147
3174
1915
2722
1929
2686
3267
4451
693
1498
4624
2232
2133
2087
4552
3370
4851
3703
3945
2865
4984
380
3530
1608
3657
2038
1989
4275
2934
4500
3538
2723
1972
4738
2262
4431
4468
248
1953
3882
4875
4526
2554
4008
3390
2187
4065
2356
3027
4068
4001
451
3216
679
4449
1538
4788
1690
3590
578
1531
2681
3757
4504
2212
3903
839
4412
1154
1102
3264
2213
1796
2393
1471
3968
3946
1601
3869
1976
4767
4708
3423
670
466
2509
3893
4906
3762
3445
453
3297
4103
2451
984
4656
1837
2079
805
972
2034
3650
2391
3876
2326
3292
2512
4721
560
4329
2674
3326
4108
328
3888
3527
1132
1371
1431
1464
447
848
3603
1873
2142
1217
158
2501
2317
2442
1117
3235
4937
2282
3081
897
1760
4609
3747
4586
3272
1700
3977
3089
1096
3549
761
3940
4122
3321
491
4773
3679
3367
1793
2057
1163
188
3504
4841
3062
4599
2386
3214
529
4595
3921
4038
4772
3431
1147
4852
3700
4897
2434
4861
2731
1727
2788
2957
2207
840
624
611
4667
2463
3951
4257
1644
3270
3478
1384
842
1902
3754
473
3018
3535
4045
582
3562
128
392
3838
3162
863
4527
3084
192
1315
4309
2392
727
631
332
1921
3811
1288
4854
4374
4787
2950
3248
2685
1647
200
4972
4063
1743
3343
3260
2873
258
2820
3674
315
4338
1633
616
3131
2055
287
1150
204
2010
243
3673
396
1803
406
1213
3278
4457
3989
4607
1465
2091
2110
3156
4297
1599
3979
1480
72
439
3261
4940
50
4834
2420
374
3929
1808
2154
1857
1997
1923
446
347
1111
4182
943
2745
1694
4904
3975
3201
2322
4849
2924
3586
2824
3868
4662
777
424
2031
89
4733
1223
1490
4184
2076
3294
1373
593
2979
2837
3120
350
1679
2484
1047
3228
4715
1341
4962
4047
3910
1706
1017
3446
4156
3934
3892
4002
1106
1992
2648
2332
479
584
298
621
3751
496
4815
2120
198
3501
4914
3389
3540
1405
4099
2489
4185
2159
3544
3996
4162
1567
2668
3026
2346
4288
1172
790
4417
3698
4186
4231
3001
1476
1875
3972
4346
592
3619
1369
1393
4121
3072
2794
22
2733
1486
433
2360
2251
4214
3475
3087
4058
4032
2566
3802
3213
548
3642
3786
4207
606
1791
2459
1030
269
3701
4076
3303
1190
1742
787
3091
1081
4497
4078
408
420
2527
58
1935
669
1078
1416
4606
3649
2397
2254
3097
764
4486
3515
327
1566
1432
4776
490
2499
3628
277
2856
2520
431
2348
104
2841
3728
1980
2439
2882
1202
450
495
2249
4736
3147
3592
3180
2943
2242
261
1014
3298
622
134
2305
778
3374
812
4801
293
3175
3663
3472
3455
4
2155
1148
4880
138
3094
1153
4040
3450
3659
916
1836
4891
1157
4303
3013
1016
1041
4332
3266
1852
1461
2203
1642
4786
3662
1139
459
1927
1894
2167
1940
2778
4974
1376
1552
3959
2246
4225
2905
2792
4997
3859
3108
14
17
1922
2616
2135
4425
3713
3163
1932
179
387
2808
274
1842
281
4218
4475
2822
3360
4144
276
4242
2308
116
2940
1507
1724
4640
2746
3092
2823
333
2695
2035
1701
2919
1968
1003
1670
1152
3991
1004
4856
234
734
4397
2988
4805
65
4359
3731
3376
3012
2401
1169
4975
877
1981
1868
1656
3444
1778
3678
4337
2936
24
3808
3883
1698
2537
1076
4820
3289
1467
3962
3545
619
2923
1750
4764
2747
4091
3158
1196
1356
2287
2777
3245
3820
11
235
3909
1295
4978
1844
3403
2143
613
1323
4130
3207
1943
2006
3074
3880
3872
159
4086
3992
1705
1290
4392
605
1307
3605
4800
4481
2444
3328
2324
3705
1819
2948
4048
544
1032
30
1101
1270
3740
4418
1912
4305
1683
1721
4995
663
425
4006
833
2576
388
2241
2220
957
719
1201
1681
4619
4719
2062
343
2419
4932
4700
1255
4626
2630
4576
3330
4611
3889
2037
1860
3170
3508
4268
410
3956
4092
900
673
3110
4634
3215
939
4125
3847
4892
78
2529
2507
4414
3337
2323
4279
4732
4658
1817
1884
3807
2217
783
3587
2452
3691
2814
3502
255
1335
3399
4264
3675
2502
4009
2568
515
2598
926
3966
3388
3416
2018
672
137
3076
253
3494
534
967
744
3185
3526
4712
4267
1186
1983
860
4961
1426
228
3773
3319
3023
423
353
1517
4423
552
4443
612
3152
837
4353
324
3128
1532
4070
4810
2867
2927
394
1516
885
4351
4461
4901
704
373
3577
2908
429
2384
182
4024
4427
3195
4967
4705
1487
147
3750
2589
1920
3434
3670
160
4900
1050
2944
516
2152
3059
626
2909
2395
1697
1948
2910
1758
649
2335
1961
1395
4542
702
4826
1193
3140
3635
3279
4276
2961
881
1667
3192
2206
844
4424
3273
2359
3886
2503
3988
1413
965
1984
780
2534
4992
1151
3202
2849
4249
797
5000
2779
4570
3769
3683
3745
538
3749
411
3368
1026
2412
4430
4538
4470
4804
1637
1074
3129
3456
3187
3458
3242
3717
120
2381
3925
4941
1607
435
4866
4973
2409
1495
1708
2752
2796
1659
936
3210
3923
3461
1626
2059
355
2558
1450
2977
4212
2813
1031
4953
3554
4215
799
794
2339
2375
4176
4985
4015
2510
2243
351
2604
3433
2830
1312
1355
3114
3630
628
2980
2728
2239
4789
1553
1079
3100
403
4474
127
2802
979
4357
226
775
921
1385
1311
1579
1267
687
4165
3874
2472
681
4134
2482
4956
4219
3580
129
1160
2880
1434
1834
3093
4517
2433
3336
1521
3488
3528
4439
2965
2478
3088
3826
644
3219
71
3739
4227
3479
2613
1281
1560
4422
185
2450
3898
4097
1539
1810
488
1276
3543
4890
359
4863
3137
4387
149
541
2876
4405
1065
1090
1228
1055
804
3563
3748
3029
1195
596
4723
2033
4883
4825
4056
1612
3365
4347
3870
518
594
3397
1886
4128
1324
4187
2367
3595
3891
1979
1244
2214
599
2871
2292
1597
4173
4266
4152
2036
2660
3406
292
4104
2516
3182
73
2263
498
2526
1703
4885
3048
1856
2044
3758
2174
2662
3704
4850
1484
2296
908
2869
1970
2247
1099
1996
1253
2599
3222
4458
2850
367
3639
3719
1058
4559
1380
3452
4330
4879
3570
1291
39
751
3381
3591
1412
2969
1668
3918
1883
2972
3685
4131
346
1855
2759
4109
3843
2137
257
2366
1391
4203
3743
2835
3191
2270
522
4730
4081
3132
1383
4652
4920
1362
4926
1955
34
3127
2290
1144
1829
819
1059
4413
3624
458
3251
4697
3346
4507
4511
3441
4731
2117
3467
2773
4213
3440
2874
297
2043
2279
2639
3123
3706
4025
1401
1576
1764
1548
426
2618
1064
1685
2088
2150
883
709
3823
4925
4819
4071
3963
4551
3607
691
940
874
2306
667
3459
1273
1333
4590
2678
2350
505
2085
3840
4180
1457
4625
643
4844
3621
3633
1162
4583
4285
3602
4222
202
1699
2083
2619
4580
2901
2294
2819
2953
1865
3873
1027
2344
4746
3839
1995
2765
46
4622
959
4428
2319
3690
2362
3965
1403
3255
3724
2178
2552
2106
1470
520
2289
2190
785
3994
3493
973
1809
3537
2609
3146
4632
1300
4714
2572
4280
732
2727
375
865
4524
4881
2491
3894
1199
3986
539
730
2441
2202
3036
766
4247
3928
2825
3720
4980
905
242
1180
4858
4036
601
1002
3345
1942
782
1822
2193
4751
4202
1988
2522
3822
1880
1887
2902
1091
3842
3987
2926
1534
1327
688
3777
630
85
1901
4478
299
3953
3498
4818
4636
4554
3083
3609
2508
2676
205
4753
2234
1652
3850
2265
3957
2594
1506
2342
535
747
1963
1501
1733
283
3809
310
2032
1123
2683
1038
1068
2603
1230
562
716
321
436
4192
4601
3827
1584
211
4055
223
1719
1799
2307
2524
3283
2563
4918
209
1555
1440
946
3206
2455
610
1443
4991
677
3920
1910
3325
4505
23
924
1429
1781
2826
3755
555
1905
2640
1142
2005
4556
1361
3102
1129
941
4454
2504
3597
836
2051
1812
3643
4547
3167
4829
568
3364
3804
4074
537
963
2691
2726
2539
2266
3449
3484
244
3314
2523
2815
3729
4080
445
2963
2898
1493
2608
366
3230
3392
161
286
1508
1669
4217
4139
2438
3653
4939
2410
3890
4368
2020
2379
4370
2149
358
2751
567
4450
2490
92
2314
1770
598
4419
2090
2351
1547
2711
4480
3037
2531
4668
3853
3176
3071
164
130
3722
4838
3417
448
3558
657
757
169
390
1128
2486
4627
3553
3645
524
1289
123
4437
828
4673
4432
4160
3320
1731
3432
1862
1900
1575
1415
856
2735
4544
1945
1549
3742
3035
1455
122
1583
3405
1654
2714
184
3855
2839
132
513
75
1864
3936
4446
773
37
4587
4508
2729
1754
878
4572
1520
1113
1474
1087
1204
1503
4323
3926
2506
3708
4763
166
2283
4401
162
540
45
4803
4216
4664
2642
174
245
1411
2721
1816
1089
2113
1042
2913
4780
2600
852
2925
190
930
452
615
3165
1636
3098
4390
52
4194
682
4345
1240
2081
1811
3438
4994
4717
4037
3990
884
2116
1748
4522
3725
3183
2851
4171
1298
1867
3911
4614
1665
2615
1319
4167
3050
750
485
4278
289
650
1826
4426
1368
18
154
2955
326
1221
1332
2288
4462
2700
2981
3316
306
788
2002
798
4617
2949
3371
1571
389
2798
1824
1214
2349
1795
3785
1502
4770
4977
399
1978
3252
854
1889
181
1179
511
1662
1005
4581
2218
546
2229
4159
2657
3766
1696
623
3352
1768
3660
1903
1578
2771
3509
4312
2724
710
4754
3604
2141
3741
853
87
3051
1833
686
892
4830
4823
4931
3644
3250
4543
3800
4605
1541
4239
695
4319
3696
4831
4382
3101
1686
3113
4116
2879
3513
4302
3387
2989
456
4894
1729
4367
4485
523
2175
2205
3519
1971
300
2337
3323
3863
3867
3244
1704
1845
2942
2301
648
4046
4814
763
1299
4491
1589
1543
1592
2579
2884
808
2195
3542
2838
4602
4741
4566
3115
3798
4579
2364
29
3229
434
68
1966
829
2302
3470
1188
2226
2316
1011
581
2485
3594
3935
2355
28
3897
2920
1863
4429
962
3647
4366
1218
2787
2667
1167
3547
698
2887
2951
779
3601
308
4532
1494
2907
4075
2173
3585
3190
2019
313
4391
4005
960
1735
2258
4378
44
3069
3211
1127
1775
4685
3598
4929
27
2423
2710
3593
3902
4707
3010
4317
714
3429
3224
3937
4799
1792
3523
2929
1260
2056
2402
4069
2172
4356
4923
4306
2461
268
1573
4865
4651
1398
2253
3393
61
1620
3439
3636
3199
4077
3615
36
4270
4153
3468
2039
1725
267
2153
2432
1802
4774
4742
4889
2428
3511
3582
1603
3304
1275
2165
3063
748
1673
216
1782
1389
2911
4344
826
1702
1249
2611
3306
1804
4250
2058
1358
3305
2881
3150
3499
1454
3912
3111
142
3753
4641
3022
3779
4809
3016
370
118
1305
1263
645
713
4680
4623
220
1595
1279
1823
2958
2848
1896
1911
377
2160
98
2345
2542
381
1156
141
2414
2201
3845
2425
493
1441
3322
3860
2496
4004
76
1363
1557
1906
463
2605
832
3055
4907
1562
703
3984
3487
4806
1593
1746
4043
2772
923
1849
4785
2186
3522
2956
802
2072
1752
2291
369
1969
3559
2333
4333
232
4781
1624
4946
2101
2449
219
4301
225
743
1258
1320
4238
2810
2075
3933
1247
291
86
2487
3489
3734
901
4265
2127
4959
627
3812
3188
4916
4725
1627
1347
4846
500
1177
3178
4472
1623
746
1402
904
4343
427
47
862
2498
2547
3351
4922
2945
1084
1348
2443
2387
3634
2673
2327
1266
3362
1322
898
859
1550
2840
2492
1448
4120
3782
2999
3525
507
3105
2369
4123
1939
3265
4588
4943
3476
990
1328
171
2427
270
109
2762
3218
4739
1598
1687
4930
168
4808
2580
2481
1740
172
4876
1421
553
195
3606
1458
114
4494
1717
4913
4277
3589
477
4520
4281
3220
2477
4380
3007
3103
4290
886
2612
4316
3003
2754
1
4352
701
3625
2990
2864
1580
4647
4300
3568
1660
1192
441
8
26
3797
1664
618
2464
4603
151
2860
872
4498
4564
942
1540
2995
4644
1682
464
4163
2595
3372
4196
4528
3944
2750
3666
4848
1510
2483
4310
4709
1066
1850
4148
2338
4331
2357
108
7
947
3231
1314
2844
1224
1077
1899
2776
3311
144
470
465
80
2462
3970
1187
3503
1181
889
2654
4682
3805
1175
4435
337
361
1122
1798
1713
847
633
871
2634
3384
2071
2866
1103
1205
1044
1780
41
1166
2084
437
4416
3682
3375
656
4181
103
2553
1439
4023
4286
3159
1025
3668
4492
585
1744
4530
932
2219
1114
4057
2521
1537
229
2827
2590
4256
564
561
1848
2672
2245
3524
668
1292
2231
1265
1828
64
393
322
3702
3861
1946
1639
3353
2445
2204
3172
3324
635
4620
4094
3280
3574
3118
1284
3694
4600
413
4555
2405
3197
3383
69
2415
4193
1959
2109
827
4536
3789
917
4990
357
3415
3464
664
737
1628
3373
3064
3584
2671
1650
2025
2809
4283
4170
1734
4735
3922
4448
4393
2602
2181
117
3157
749
1012
2009
929
4908
3948
533
855
2065
3460
1331
3841
3655
2789
4161
2399
2497
1787
3652
948
1671
831
2564
1821
3620
1625
2737
3575
2064
1155
2470
1339
888
1194
77
2769
4798
88
720
3651
240
1072
2467
696
722
2099
260
1126
4476
1876
1611
2749
4692
206
2734
1069
4477
2883
3791
2475
1505
4643
4584
2293
4821
93
2029
1083
3638
4388
2854
1530
2092
2886
1944
4471
4650
3746
3310
2744
1037
659
2541
1345
603
2466
1723
1423
1879
4986
2196
1827
1283
4912
3221
379
2861
1226
319
2693
4952
3578
4079
2236
4734
502
4358
152
1238
2100
2922
3275
3227
508
4190
1749
2368
1109
177
4915
3329
1651
3424
316
2877
858
3411
2271
4503
460
3496
2017
514
2585
3759
1118
1797
3848
2647
4211
3579
3134
4869
124
4933
525
3070
2567
4007
1225
4696
341
2699
4919
4857
3887
4466
3964
955
4164
807
4200
2736
3268
4096
4589
1488
4744
3565
1653
620
3204
4629
950
1176
2286
3877
4436
3856
2098
3714
991
4221
4898
4360
53
100
4501
480
880
4674
4375
4598
554
3342
841
412
1374
2129
304
1252
1788
2645
2046
2991
13
4444
966
2276
4158
1588
469
342
4168
4141
1462
2903
4750
407
305
2976
978
2280
4084
3865
2285
3232
1232
4003
509
2696
570
4657
3039
4752
1269
3835
3938
1739
810
2959
652
4284
4958
3517
2103
323
715
3125
3418
4573
1832
4021
2363
2138
3107
1424
4539
1993
1492
4703
4519
4870
1767
4000
215
1133
4137
4294
4836
1847
1858
1657
1449
2041
2380
133
2108
3510
3008
4241
2846
2986
919
770
2916
4902
1321
724
2295
1711
3409
3831
755
4989
3124
1140
2583
2562
4558
1755
1366
2947
517
178
266
3443
3788
2557
3486
3104
609
1088
1913
920
1885
338
2284
2928
2370
4326
1215
3391
4146
835
4867
1544
391
1499
680
4039
2225
2329
3829
4098
1512
2054
504
975
4713
708
4745
2875
1741
1330
4944
3066
721
31
2800
4229
1666
1621
1586
2476
2766
674
2494
3760
331
3011
4143
254
725
2211
1535
1085
1108
2868
2770
1745
2833
4740
3301
2556
3693
3253
822
3930
3259
4949
1365
1094
980
2385
2013
820
3550
12
1227
3879
3482
1018
2008
4199
110
1496
3086
1274
2336
2261
3186
931
3065
2514
4592
3020
2606
726
3032
2179
405
499
2706
3281
666
3507
378
3177
2651
3058
2573
1878
4237
384
4132
2755
2457
4981
700
2429
2132
2550
4464
759
4905
549
3047
781
2382
1340
3379
527
4951
1814
238
2180
3308
1908
557
4648
4874
265
3767
4859
2015
2804
4441
2125
641
4749
4460
4853
2781
4350
4518
2417
1093
2248
519
2559
595
4395
864
550
1485
3913
214
4321
4756
3082
165
4102
587
2267
4827
4434
2182
362
2775
4304
4179
981
655
57
875
3349
1124
4174
4868
4052
915
1515
1680
756
3837
4490
1080
4034
637
3796
945
3950
131
414
1998
376
4845
2653
3394
1009
3302
1057
4251
4420
4421
4154
4404
3212
4950
492
867
4546
187
2571
3787
2396
2194
2596
1463
4671
922
2889
1785
43
4406
4791
662
4127
3576
1251
3687
455
2259
494
1197
3145
3611
1010
574
2812
2855
4550
4269
1757
3378
918
3967
1261
1231
4479
2049
2004
3971
2829
2930
385
1960
1061
3198
4072
2620
4289
811
4403
2454
1610
1504
1271
3317
4802
2210
2996
970
2453
1419
2836
236
3019
2801
1438
4107
2709
409
4670
899
2646
4833
404
806
2500
2544
4140
1246
4383
745
4105
1208
1904
3656
3776
2974
4911
386
1718
3161
1622
3983
4909
2707
2300
3632
2340
4612
4521
995
579
2960
1859
3915
3117
4410
4510
4795
312
111
4976
1071
5
4411
2378
3169
4945
825
2016
1542
3885
4011
2878
1407
4363
1399
4782
475
1161
4996
4484
3667
419
4840
3976
4516
3677
3939
4178
2717
3168
4758
4400
2857
3738
415
1048
4093
3473
213
2311
3043
3588
2582
2790
63
3947
4942
2538
3815
143
2655
789
3028
3901
2614
4320
2894
2543
3973
928
1554
913
2237
1466
2398
156
2581
1020
907
849
2171
4415
3942
2130
422
1254
3358
2026
4175
2697
925
3469
2540
738
2406
290
938
4119
314
1613
2675
2233
3548
4679
3790
1381
2068
4567
2480
1481
1229
4964
66
634
3613
2022
468
1805
3031
4255
2184
1695
221
3997
2845
503
3711
9
330
3356
1211
4924
2093
2904
1338
1444
3241
870
20
4150
1035
2570
3126
2633
48
3454
3801
2469
2061
3286
2763
4549
728
3122
4315
1606
3257
3561
4575
685
481
3366
4399
3447
2548
4646
4488
1914
4882
3287
2086
4514
2122
1986
2151
4166
2933
3764
1569
997
4062
3181
3237
148
3154
3112
4797
3465
873
1936
4209
3581
1881
2136
816
754
4233
817
896
4934
1839
4138
3832
1112
1304
4236
2760
3053
334
2023
2532
4313
3143
1536
3534
2144
170
988
1097
2238
3672
3363
2024
4195
4020
3641
4896
4029
589
1164
2097
4456
1280
3079
38
2372
4318
2121
4688
786
183
1386
961
1138
1143
4766
1930
4728
3420
3148
3514
1556
2900
3005
2126
532
395
1762
4957
3382
2446
4726
3247
3614
676
1294
1297
2437
1146
3095
4147
2561
2105
482
4362
575
173
1643
3357
227
1730
430
2373
1640
3637
119
1518
638
2040
105
4191
2718
1870
1418
307
2591
3233
2897
471
294
731
163
2984
2224
3331
486
1934
1051
2577
3290
803
3361
3209
706
2299
665
1219
4145
1872
102
2252
1635
1882
440
1404
3179
2748
311
3332
2917
2334
1235
1866
2588
4223
1813
126
2635
2403
1325
3256
1346
349
2227
510
3338
4689
3077
526
2863
4463
2111
4686
4287
325
262
4044
3184
1958
2767
2418
3000
4523
1891
288
4246
1761
3618
1417
573
3466
2273
1098
3254
3689
4205
1596
2460
600
1956
199
1110
4447
4398
329
3974
2637
2313
604
3401
4824
879
2389
3435
3631
3239
3155
845
335
2383
2906
608
642
3203
2183
2764
4438
2821
588
1491
3833
2411
3881
3821
3238
2070
2053
3978
793
4292
1551
739
1237
2140
4408
2679
3878
2318
106
2343
1794
2361
2816
3943
4903
1801
902
3676
107
40
1917
2321
428
54
2533
2007
651
569
2832
4793
4722
295
3917
2834
4495
2185
2458
2818
752
461
272
3274
2230
4341
3263
4201
1313
846
2426
4777
336
944
4482
3735
3249
795
536
21
1397
3457
4561
49
4259
1763
3681
558
3164
2488
3068
2666
1414
2358
3015
3407
1909
397
1587
1483
3054
1285
1013
3914
1396
2060
866
1116
4101
912
3761
1779
3505
2795
2828
1629
1497
3906
2027
814
982
2983
1183
2753
2067
2156
1377
1877
3341
2631
1435
2952
1272
2586
4698
1316
3309
3814
4373
1245
4631
62
774
2893
1820
4762
3765
2435
1765
3044
767
2200
3243
3520
4151
3234
4729
2578
1594
1049
3024
4110
1722
958
1800
3844
2354
4407
4947
1019
3404
3380
571
4440
2003
1783
3961
3566
3078
4960
4807
4117
2228
2
741
2197
2888
1350
1086
2309
2096
4655
1337
2119
1409
4529
4910
2388
224
3932
3200
1947
95
1216
1766
736
4954
3428
99
4796
818
2817
2626
4206
1728
1853
3080
4389
3425
2670
625
497
383
4262
1786
1835
4183
2223
4066
4252
1460
2513
1336
3295
3954
2404
1145
318
3875
1675
3716
4983
4638
3531
602
4560
1688
1616
4993
1210
167
4979
3474
1933
1408
3491
992
654
344
3646
2465
1028
2732
2638
1565
2712
301
2257
4515
3752
1459
2277
3866
91
3552
2431
4663
2012
890
2139
3710
4328
3727
4563
364
1561
1174
1991
2264
4659
3485
2268
1890
4757
3721
545
1236
354
2650
2199
2407
2985
1574
1954
1617
3770
4031
3600
3862
1318
1938
180
758
1952
2468
4672
3726
2624
4013
1924
4089
3824
4963
4649
2941
1645
3166
1693
815
809
4384
4064
4248
4710
2551
1024
3551
1630
462
4661
3348
4794
4282
1296
4115
56
3307
3495
1477
196
2768
994
484
4208
2315
2741
4675
2982
869
3806
1119
2297
3193
3622
1039
241
302
3560
4888
784
25
3949
1344
3709
1262
1563
3288
4917
113
4232
1410
1994
586
1029
3648
1590
1634
1184
3661
968
4455
278
1854
1278
2694
813
2436
3205
2665
4630
2690
2885
1631
521
4245
986
4220
4935
4157
3276
2082
4088
2312
1774
2684
3334
208
3442
2374
629
1191
2161
3413
4813
249
3061
3359
1053
4591
4817
4334
3208
1158
4534
2256
3858
4067
1317
857
1815
2704
1564
614
838
2546
2914
2715
2390
4354
19
3002
1618
824
3557
83
3090
4085
3318
2168
964
4999
2574
2244
1738
1248
2089
1967
933
2938
1136
974
1513
684
1430
2935
1582
4828
2545
3695
4761
4314
474
2298
3555
2328
1572
658
3426
3572
639
699
1789
765
911
3905
3669
887
4541
360
4027
3781
1067
4322
4327
1511
74
2738
2847
4893
2341
1874
2659
121
2625
4386
3707
1388
4502
1120
1756
3462
2713
4113
4349
60
2077
3009
3712
796
3573
4811
4677
3073
4535
3616
193
3556
2896
1359
3422
4033
742
1558
660
3144
850
1329
2052
4737
3497
417
345
4114
2169
1046
1250
1916
1509
371
2701
42
4593
2569
251
1982
3282
2641
4169
212
273
32
4197
4018
2705
1591
201
4847
1519
282
3437
3794
1638
2918
1343
3680
607
3516
4155
1965
444
230
4784
4928
2471
2495
733
1692
4234
146
3300
3665
2274
382
3895
4409
4335
1732
2215
3546
2235
1370
2784
1777
1222
3564
2518
4010
697
1203
2858
4364
506
830
2758
2095
309
4694
284
1527
4452
3427
317
2310
4860
2677
2479
1073
1977
280
4839
4012
3226
556
3536
2525
3151
2966
2123
2208
1888
279
1482
646
3377
2377
3483
1918
487
1907
3941
2831
735
2636
4665
2761
4568
954
2011
512
320
4100
3410
1473
2221
2104
84
2102
4812
3567
194
4783
1475
3096
632
2587
1581
2353
801
1433
3654
368
4621
566
416
3196
4720
1198
1437
3052
4577
1759
10
3810
90
690
4261
2739
2536
4615
4760
303
4042
4016
1349
2240
2921
2584
4111
4272
1446
1632
1023
2597
3312
4177
1893
1846
3960
2066
2791
4053
4442
2325
3400
4775
1950
4050
4204
3085
1841
4970
996
1577
3617
1379
3756
4645
2998
2843
218
1500
4635
3327
150
4230
4886
207
2785
547
153
3686
438
2272
3385
2422
4271
2967
33
4676
3340
4499
1342
3730
4687
3
3699
4228
1233
1447
3784
4189
2993
3025
2780
4759
4336
1170
1522
4459
1425
2164
2954
3500
4082
3851
4987
2622
3046
2000
914
993
772
1928
4188
79
3471
4342
3671
1045
2080
35
3006
2250
476
4969
454
2806
467
3599
1456
823
94
3004
4637
4030
792
689
2050
4061
2028
1303
3629
935
2743
155
1334
4149
210
3138
3344
3269
3627
1104
3396
2970
250
1308
1806
2303
1472
4112
3293
3160
2320
3571
3737
264
543
4779
909
1514
4771
1352
2030
4260
3952
1141
3793
563
1648
2971
3133
4402
432
4049
186
3451
2859
2255
372
1677
3040
3955
2528
363
976
4790
1964
3480
2134
4489
1268
2517
768
729
2376
4842
597
271
2063
4755
910
4372
4307
1869
2530
1678
4533
4224
3993
2607
2946
3333
1962
4706
1655
3774
3189
3045
3980
4727
2073
3467
3432
3699
100
1094
885
1144
2351
2135
2289
1302
4963
4131
1799
3200
1329
2875
2122
3985
693
584
3904
3080
1509
2267
1009
1630
4466
2414
861
2853
3332
1639
1249
4878
1823
2670
3131
167
4021
4756
4532
2997
3371
4353
2465
4194
720
3426
98
4901
3759
4291
681
1828
4147
3513
311
706
492
2783
1012
4182
2904
2917
3181
3440
758
1408
3791
2362
85
2536
1516
3568
764
2339
1352
1096
2540
3945
2382
2266
672
530
376
2531
3588
1572
3558
212
413
4063
3527
293
1459
3814
4084
3206
3559
4060
740
1070
3744
29
2123
3016
3682
2385
4425
1212
4748
2004
4734
863
4485
4637
1035
354
226
4738
4829
906
3753
705
4792
3881
1847
313
3238
2116
535
1374
2612
4073
1933
4024
871
3410
1368
1890
1788
4631
161
2820
4636
4402
4020
756
797
2045
4125
4684
4211
2631
3838
509
884
1751
3390
4062
4033
4522
4550
3395
4676
855
4451
76
1026
4208
1938
4619
1039
2644
1517
1582
533
4606
3909
4530
285
4218
3114
1291
2451
920
796
1153
3934
1007
3648
2769
3586
4421
4334
4870
666
1677
2444
4146
1475
1334
3471
3477
3034
4250
2424
3199
443
527
4892
1309
41
2222
3540
4651
4677
4231
2686
4951
173
1618
2582
4911
3383
3743
245
3542
4383
4687
929
4555
1900
2736
3888
2136
2164
3411
909
1770
3536
4772
4846
1962
1444
2101
878
3608
4143
3069
3532
2376
4301
338
2344
3441
4938
3917
4169
4465
114
716
3502
4750
1588
189
4955
552
3052
3706
1821
2140
4151
221
3784
2558
4365
513
4534
1024
1315
1567
1441
2156
213
3820
411
30
4378
2484
2745
820
968
4260
4114
1263
2210
3546
538
1107
4863
3966
336
433
429
1958
3174
3085
1513
494
4759
715
961
956
516
38
1680
696
2653
164
2383
13
2614
4675
2074
990
4757
2726
4697
3150
2956
2611
481
1610
3963
1141
895
3107
1644
3025
1457
3304
4447
2130
1104
3874
2468
3674
3201
3234
4418
122
2696
3242
1373
688
4535
1266
3664
2487
1898
4849
3300
4950
3333
2461
3360
2843
1579
3361
4400
1404
3739
1932
4521
4293
594
1176
2729
135
4945
4477
3316
4384
3891
1910
1403
4205
637
1809
4726
1622
908
4646
4433
3138
2652
2274
2336
3783
2110
2781
2929
4431
3476
828
4836
3015
3522
2554
2388
2294
1429
3897
2158
2577
59
2055
465
2171
2504
4888
1221
328
487
4354
4882
4827
4328
2687
4546
1117
794
3073
1859
4663
3661
858
3124
3818
4632
1978
1506
736
695
2564
3768
3862
3231
883
187
1109
3782
3013
664
4303
1189
2885
623
3140
4910
1658
3254
2393
936
2437
4860
444
1052
1361
157
3843
2408
4480
2115
2860
1997
4068
4959
1761
1797
1474
498
4614
810
1964
341
2001
1229
3910
4657
3318
1228
1972
981
3955
3766
179
3282
1286
262
2792
2543
3022
3056
2755
1139
4802
818
1206
2914
2995
963
631
3621
2147
829
2502
3253
353
2026
3793
1696
4412
4237
2078
4316
3804
2373
3292
1192
3657
3635
665
4834
4538
4837
1575
3809
2671
1909
4933
3375
2734
2335
4718
2634
3857
1433
3987
2972
2810
4120
2605
4857
1147
1442
2855
417
4831
4526
1362
1669
88
266
1625
1804
4339
2937
4133
4647
3756
4737
2161
1087
1752
2285
357
1948
2701
1414
989
240
1209
3252
4788
626
1565
1273
4119
630
4102
663
1814
1995
1272
1996
3710
3098
3746
3769
564
747
1185
3993
2402
4117
2416
713
31
49
2688
674
1802
824
3940
2046
2928
897
2791
1084
2457
2656
4886
4094
4456
3707
4799
786
2966
170
1342
3337
977
3970
2660
3790
1767
1172
3288
1337
453
3166
2837
1418
902
4622
4501
3700
1303
4519
2104
298
3614
152
1930
4310
2981
418
1803
4617
709
1574
3886
1936
2372
2556
2265
4900
3017
4747
3010
1293
223
2290
3537
4852
2053
5
3118
2574
2518
4188
1692
2279
3521
3274
2367
4710
3487
216
2184
3991
1036
4230
4758
464
1520
4265
2873
3368
409
3325
1587
4832
1090
2185
4789
2483
2622
4998
3321
1687
3479
3308
1863
214
2250
3543
4588
1060
1848
4064
2625
1801
1132
1590
3611
2260
4653
2630
2915
1559
2431
3506
2880
97
653
1896
1608
1439
2434
4540
1497
4880
743
2352
4678
1985
1807
2520
3566
1743
1017
2621
3511
994
4050
368
3882
662
23
3163
921
1581
788
2441
1724
4977
2030
536
4036
2788
2400
3530
455
3420
4268
4225
661
982
1657
3731
1288
3597
1870
512
2160
2627
4563
4572
1684
391
3742
3591
2359
3415
3076
1820
2152
3977
3831
2902
3777
4112
3579
4957
3902
811
1729
2886
4198
155
2607
4979
222
3384
3815
2498
3678
3227
2177
1160
2084
281
1122
1151
4698
1424
3298
1049
2390
537
3437
1919
821
1785
2277
2829
1531
2236
2427
2366
4219
685
2190
265
414
1699
2921
3448
3638
1947
198
3213
737
1218
3494
652
3725
3633
3728
2011
4666
39
4897
2807
2804
4609
864
203
3927
711
1635
4928
1626
2278
869
1167
2435
1258
3248
79
3087
919
346
4877
1031
1585
2616
3582
4844
2343
3132
4708
964
4483
1328
3377
2407
2159
955
46
3351
4564
1290
2386
3218
912
4454
3514
3781
2735
380
1399
4337
3859
419
2
3061
297
4944
4404
4167
2051
4794
459
1858
4144
2398
2472
2282
4242
4624
2797
4277
1363
3645
2139
4285
2370
1129
3802
2874
2583
2332
3275
2784
2249
57
2389
4244
1836
3046
2064
3919
2137
2637
4864
969
4414
3796
2415
2302
1694
3240
860
1432
1440
2225
2166
3517
3599
4700
2007
3498
469
1885
785
3553
2816
2823
239
2555
2187
3609
242
3045
3869
334
3828
4927
2401
2090
3219
1950
2508
1115
4968
1869
3148
2813
4824
1822
2069
2711
1145
2780
3027
3663
1211
3307
3574
4217
3278
2305
4821
4300
386
4492
2031
1716
4548
4641
1868
3464
771
3852
4777
2086
1780
2349
2825
1942
1171
3229
2247
4819
588
923
3854
2097
408
4603
991
1619
1734
2771
4833
2778
1353
309
1116
3194
1463
944
3813
3088
4183
3106
2713
2654
3180
1552
2419
1438
3310
3954
3093
1130
477
1181
382
2938
563
2112
1656
1881
708
851
1878
4533
3418
3459
2371
2432
1450
3329
2883
4077
522
4423
2697
2798
2189
4862
3884
2089
1246
1019
791
2991
4558
2950
4894
4245
1277
684
3775
3833
163
917
3695
4233
3779
4693
3734
2665
4652
3005
116
4181
4336
491
890
3175
1655
2027
4711
1502
3905
4118
3601
3789
2499
1435
2218
2795
1169
4508
1402
1015
4839
1782
2629
2042
2705
1347
4486
4766
323
1222
4835
367
2462
942
3780
3366
4234
3167
4974
4467
3257
1841
2832
4765
2716
1689
2830
1443
3554
1056
3244
2379
273
3443
1083
2433
3564
4544
288
2849
4568
318
4598
42
2132
2396
4980
1
259
834
365
279
1375
2458
2420
2311
1292
4386
95
1929
2206
1766
1845
3408
3587
1876
1112
3385
3301
4771
3302
1825
958
2650
3718
1415
2301
2364
4104
541
2312
2573
838
4874
1102
344
462
529
893
4939
4885
790
1190
3957
2878
3064
1420
2059
1305
1264
307
3314
4712
2964
1061
3996
3730
305
3684
3627
2615
3673
497
447
1071
3615
591
534
3835
3251
4583
3171
4925
1217
1274
2108
210
195
2569
4559
1580
3319
1458
3268
2144
4716
905
1740
2314
4810
4124
735
707
1427
2485
3079
1584
4481
4014
4850
2417
4156
613
3764
2174
2912
1460
1796
621
2588
4017
1775
1959
4917
3630
4251
1289
2585
3100
1159
763
2779
4298
348
2028
2692
3680
3186
1200
2761
1945
2179
69
488
603
770
2811
4074
4149
1492
3556
3488
780
3029
2447
1150
175
2304
3816
404
4203
1723
4752
1532
3890
1924
3861
2539
3065
1778
1732
3433
4464
4044
2975
143
1624
2296
4796
728
2446
3185
4449
3021
1022
3369
2511
3355
4358
1944
1664
61
461
4327
3342
4883
3758
4991
4699
4415
1174
1047
4645
2756
3501
680
1310
205
2983
567
3373
4013
387
2350
4800
1079
3672
3037
4667
4302
2138
2146
3620
3040
3979
4702
3994
2470
1148
3326
1925
2932
3115
4745
3569
2066
1001
83
520
3241
3915
3187
4304
508
2330
724
2211
576
4658
1158
3837
415
2029
4643
1068
4342
4057
4135
1879
3580
333
617
4381
3450
482
4507
45
2579
3417
375
2288
2927
558
2774
1494
3720
1262
398
2604
330
4313
2015
2102
656
144
2589
1865
3584
2857
2999
4986
4942
1412
1744
1073
4092
278
1279
755
4428
1992
4903
2939
967
1179
1525
4096
4921
839
511
1998
372
1939
950
4969
1275
4018
1064
2325
1629
2013
1299
2657
4434
3463
4003
722
3644
1175
402
1468
2200
1231
2840
4055
2537
2828
3697
4717
1872
4259
4961
2450
4032
2839
4475
2254
4890
246
8
1333
2098
3752
3358
4442
4272
1091
361
2613
997
2815
268
1332
3094
3192
4762
3338
269
3823
761
753
1956
4109
2641
480
2405
1653
235
4497
15
3923
2817
1789
2521
449
3286
775
2329
4375
2836
4616
2867
1649
615
3763
749
3713
4239
2731
2280
767
4554
3900
4488
3032
2150
2796
2425
77
2326
2799
3853
4263
1306
2776
1960
4410
611
4989
1498
4275
4444
2662
745
3975
1873
2595
147
1908
2876
3197
4349
1387
1915
843
2905
267
2992
3305
4952
3099
1792
434
3170
3605
4992
4028
1953
2664
2510
1757
3239
670
1551
578
3952
4308
3454
1326
3189
1528
123
451
2125
3009
4053
3765
3950
4187
4201
503
3677
4371
2173
3830
3273
3269
3297
1613
4202
4876
3031
4116
4723
4805
4573
3350
4722
4367
3509
3198
3667
4070
3545
4542
4128
2864
3735
4828
1477
979
4403
3908
2127
4330
475
2256
1568
3848
2262
2000
4576
3606
1062
4276
1973
1462
2308
4865
2739
406
2037
2181
1008
4847
1376
3689
1756
1861
3671
891
4085
4004
277
731
2036
4999
301
799
290
4216
2068
75
3285
3914
2877
2041
3119
62
2231
2422
3965
2440
4051
1903
4740
352
2951
4352
295
1730
3139
1781
521
3340
559
4043
4220
833
1006
471
1191
4607
2760
3386
405
1311
710
2394
166
648
3424
590
641
774
2409
2151
4495
875
2287
1203
4031
4374
1705
4407
816
4405
835
2918
1976
1673
3623
2223
2208
4966
1205
3971
4913
4659
1287
1165
4995
727
4127
1349
4095
1812
1278
139
579
547
2368
423
910
4121
440
3544
4638
4868
2827
22
4318
2126
1381
1676
4262
4177
581
317
1330
2428
3392
485
2448
2509
3998
4176
872
1485
2541
3147
2227
598
1679
2998
805
306
1447
1500
2762
3205
2943
4015
1454
1686
1486
4005
4321
2596
2269
3883
1986
3072
1941
2474
3712
1016
738
3391
2786
1077
856
3686
2679
2500
3493
3082
3328
3014
1507
752
2674
3423
3868
4525
2907
3723
742
109
4348
3178
2895
1991
2467
636
314
4909
812
150
3105
4221
959
3748
1480
4252
901
2464
292
1688
236
237
4920
938
4448
1452
4587
4803
3598
4545
276
2449
1467
1465
1121
3974
1135
2490
53
1255
4445
3262
3931
1586
1314
4207
1011
4409
4099
2209
2323
4649
4087
258
322
3786
4513
2048
2488
2727
886
2492
1600
3722
3221
2032
3887
4680
1410
3071
174
4782
2337
2618
4346
2310
2079
4861
3059
2844
3999
1405
2406
1256
220
3159
4150
1265
2856
156
2719
4066
2881
836
655
3640
1738
3683
3004
1628
1955
2506
3821
1099
4881
1248
2010
4930
1298
4685
2438
922
316
3401
3505
4976
4174
1674
1367
2704
192
3006
4580
1854
12
2868
1811
4363
3885
1887
3028
3529
2124
355
965
4830
604
4719
605
4100
2466
2315
1611
3276
2685
473
60
4993
1045
4287
966
3658
4720
1999
4985
3469
124
300
1691
1764
3799
280
1810
565
3943
2892
1143
4605
4627
263
3134
3613
1829
2003
4628
145
2884
3462
2691
723
2546
4571
1711
1182
4948
1126
2081
2106
782
4463
1304
1940
4422
3165
660
2244
3176
1110
932
4889
3907
4654
757
4512
2865
2443
2345
3070
3018
1889
1685
4936
1470
4355
4406
4413
4941
2559
853
2526
250
1204
1247
4905
2957
1413
2283
1259
1319
3363
493
1977
1561
92
3284
867
1541
457
3444
3899
2600
4690
4768
1969
2698
2996
186
1851
4001
142
4189
4002
65
1226
2397
3157
2640
232
1921
217
3367
1832
2767
1681
4940
2709
4007
3042
2737
3795
1499
4795
3233
4787
1791
543
2057
2848
183
4843
3551
3389
3334
3060
4439
3086
112
2091
1127
1358
9
4453
2544
1603
3973
3306
980
2043
4524
2977
1537
2790
1831
227
1555
390
37
2120
3497
2454
1397
1152
940
446
2566
1522
1028
3978
1980
3195
574
501
1335
2553
4914
3578
4136
3646
4742
3822
987
1098
1059
4994
4975
1835
3738
3267
4879
3456
3485
2317
326
4052
2019
2538
2333
639
1615
4793
3803
907
2958
4369
2033
1343
4270
845
1124
1570
4732
2636
776
3577
2172
3863
90
4171
3849
918
4516
3228
925
625
3048
2968
3136
880
3151
1426
2592
667
3771
4069
2121
4158
50
2690
479
102
4688
1638
3983
4009
3637
3053
2994
1834
1120
4744
1501
4681
470
1760
2714
2967
2221
1620
2942
2421
734
1338
171
1235
4515
3845
2782
569
4351
2869
3347
3480
4180
2058
984
1233
4557
952
887
3871
3460
3989
1156
14
3829
4256
634
3406
2514
3461
1819
119
930
3772
2548
3847
3038
2684
4668
4912
4552
4553
1923
3153
3767
4498
4335
1856
422
2109
2020
1704
4898
2718
3208
2908
3960
3819
1965
3293
4575
1391
4593
4359
3137
1935
3294
4529
3472
1198
2764
3997
2682
2025
2202
4954
1882
650
3470
2322
84
1058
949
3557
2793
1787
3112
4767
2295
3526
4801
4511
218
881
474
3220
128
1824
1914
2054
3283
789
3851
1982
4487
3090
1636
4786
2022
3515
1476
1118
4518
2602
4396
888
4904
3482
476
809
2452
1774
3049
1021
2072
646
3312
3603
3708
3576
3942
2471
4611
4473
4623
1578
4842
4200
3376
995
3144
1989
2050
2099
4039
848
3801
2348
1918
3055
1377
4565
2439
264
3641
207
381
643
2524
2741
3344
67
903
3518
4769
177
539
2259
1451
347
1922
2523
2071
1430
1606
3709
478
1481
4432
1078
1983
2103
3911
2044
2076
3331
2894
3531
3012
2933
169
3832
10
4420
1662
26
2017
3732
934
719
4778
1540
158
4257
3625
2374
2491
2131
1163
3196
1199
1241
1607
3992
2821
1523
3523
2075
2331
2456
4317
1728
377
862
4689
725
2226
850
4155
532
2702
132
1971
3120
4424
4783
2378
1765
1943
3121
1076
3980
2273
2759
3097
1023
1069
3858
2934
4735
3619
1421
4082
783
3651
3721
2552
56
4247
3149
1395
4591
4608
3961
2375
1464
3024
739
4458
1048
4090
2105
2835
1631
1974
1790
1051
1267
573
1970
1928
1731
244
1384
168
3616
3451
566
1866
291
3757
2610
870
3295
4601
1050
3020
439
206
2525
4656
1236
1768
2562
2353
1742
4248
1843
1392
4665
3436
3102
319
4213
94
4261
4640
3405
2056
4238
1642
3773
2973
1839
1214
4271
4630
1111
668
939
2750
676
678
1783
4618
2960
2703
2198
4489
2576
3075
2846
2987
47
2355
1491
1855
460
3562
3628
2060
3299
4041
4376
4848
4987
827
3550
2707
2516
4599
1030
1037
3988
1548
4322
472
4725
101
4929
4011
2213
1010
1860
2567
2706
4873
3933
4408
2669
4541
1842
2632
2297
1776
806
2411
2593
1700
2925
3280
248
343
378
514
4249
549
3659
2012
1748
1487
1484
4682
495
3776
3939
562
335
1703
2609
3525
2890
4370
3873
3626
2087
1356
3629
4673
2648
2436
256
3503
3272
3788
2700
2361
607
3800
18
283
4373
4161
3717
3785
4918
4775
3944
208
3797
1519
2286
1798
879
1320
1003
2802
4197
1202
3447
992
2852
4779
1285
3956
1709
2527
1916
3702
3019
659
1634
3191
2944
1254
3896
4490
1446
1954
3632
3561
16
2587
801
302
3729
2410
1934
4401
2252
1750
2426
2800
3404
3499
4996
4590
2215
2480
3607
184
523
3388
3330
4123
1445
2154
2083
2241
2395
671
3323
3104
1260
1715
3618
589
2601
4934
4574
4853
1840
2281
181
2272
2111
927
2549
2365
4506
3808
2519
2668
2291
3947
2119
1351
463
3946
3145
435
795
2822
682
2092
1637
2770
1227
1208
1884
3647
1927
1795
1238
1937
600
4030
778
608
4071
3249
2246
3948
4426
2572
4380
1645
874
4505
234
1155
1449
4042
911
1186
1357
99
4620
1482
2475
149
197
1714
3565
3066
3733
642
1322
4388
1990
2850
825
1177
2271
4595
1092
1406
4154
4972
19
54
4295
4072
1697
4958
2667
4724
2142
4584
3374
4299
3860
11
1040
2893
3920
209
2529
3548
4845
1542
4324
4107
3519
4703
784
4751
4610
4953
1013
730
4393
111
420
2854
4236
87
4867
3478
3898
4361
531
7
2803
3583
2404
2647
4859
2757
3922
4019
1345
3103
2560
4670
4387
2580
1210
2980
1431
431
3188
768
2094
754
1359
777
2453
412
2143
1827
351
2062
1987
2515
657
2035
4696
3842
4284
4639
914
2946
3315
2073
1979
17
2712
371
2988
2945
2481
1072
4210
1739
2006
1409
1123
1142
2870
4108
3969
3826
4110
2141
931
2096
2188
4872
4478
700
1170
2990
202
4209
2651
1888
4319
1253
2493
2768
1652
1042
4292
1576
4459
3604
933
2841
4157
3941
1544
1735
4394
3512
270
599
3226
2418
3089
3466
3585
1370
172
1219
1469
4899
3372
3110
3490
1282
916
5000
3023
628
817
3787
1850
2220
1371
1043
4312
2801
717
3715
2819
253
3675
892
2469
1763
3421
1577
193
3033
2067
1456
4841
125
2599
2747
751
4101
618
561
3011
1268
3681
2034
427
3751
1877
3951
2360
4813
1106
2794
2590
136
52
4
750
178
110
2626
3930
3209
3812
2228
421
762
4569
3878
4589
3984
976
4105
3382
691
2570
151
1895
2338
2732
4214
1086
2170
4773
3698
3762
4232
4528
3322
2758
35
486
1901
2258
647
4398
2300
3704
1771
866
80
2561
3130
1240
1136
332
3109
1027
1066
2478
2024
632
2503
1627
2175
2085
3670
3962
2157
4997
3596
1313
4763
1650
4331
1033
1595
4357
3068
703
3660
2363
1080
2183
4714
2708
2814
726
3362
2721
1894
2993
1097
3122
3339
392
2959
2624
4364
1341
1295
3516
369
2191
2635
3937
4126
1661
2018
4820
4392
185
3921
4965
3986
3261
33
4078
970
1261
3595
766
2292
3653
117
3560
373
4385
4626
1184
3216
2014
694
1453
1853
4753
4709
2898
4185
2268
4840
504
585
2255
401
3507
1633
394
4080
3716
4076
3504
1897
2919
2910
1321
4315
389
58
4946
3906
2906
4856
1207
4871
2723
4706
4075
1296
73
519
359
1813
554
3703
3380
804
985
4514
3892
1270
2459
1786
2571
3846
4362
1951
4679
2639
1617
1557
4633
4332
2584
4517
988
3552
4851
831
1949
1074
4916
2826
4736
3387
432
3473
4279
4926
3483
2306
551
4780
366
4469
48
3958
4520
3705
1138
4816
2207
4254
2575
4937
4494
1556
3427
1515
2243
2118
2676
1737
1601
3394
2380
3129
2392
3736
86
3452
78
104
1641
898
4547
2316
3875
577
3827
1871
1046
1324
3214
442
3348
321
4869
3381
4382
364
2772
1245
1057
379
2866
1605
4479
4399
609
2224
2871
2851
840
3349
1394
704
4931
4026
399
3666
3202
331
4307
3855
545
1230
1257
4625
3303
550
2155
2532
3879
2233
1213
973
2766
255
3000
1647
1187
2924
1355
2149
1004
4098
793
3446
1252
36
2196
349
1508
2346
4446
2117
1396
180
3313
2638
3685
201
2809
1536
3270
1946
1864
1721
954
4000
296
4474
2145
3154
3918
1461
568
2455
2201
2606
3400
4204
3063
1643
4046
2806
616
2568
2984
3164
2863
4160
4984
2463
4163
2334
2765
683
779
699
1504
287
1194
3737
629
2473
996
294
935
2016
2773
1193
2661
544
1562
2753
1589
4186
1905
3642
3866
4791
3035
1621
3
4269
4491
4113
4923
4695
1331
484
3824
941
4137
363
3925
1354
4048
1093
2065
4660
274
638
4781
2920
1281
729
4081
3225
2842
2888
2080
849
4797
2354
4671
1029
468
3745
4822
2675
1419
3563
2494
2239
3880
4258
2180
4461
904
2194
3001
1495
1758
2182
815
4366
2038
4586
1133
4111
583
4915
654
4173
2970
3364
4686
2535
3133
4047
2838
2229
3893
3457
773
2982
3593
4010
2100
4450
4138
3116
4887
1383
4056
4790
118
4441
819
4222
517
510
2578
3143
1065
2730
448
2107
2896
2746
4296
4329
176
3750
20
1598
3336
1566
2666
4280
3510
4935
4602
153
4206
2163
2941
3876
4809
1609
947
3938
3359
3412
4749
3489
854
4134
4340
452
3594
3161
1893
3602
3365
4922
580
1663
3774
1034
1280
3825
71
4278
1455
1659
2530
4141
2513
4067
1886
3207
2387
1837
926
2891
2049
697
1725
3260
798
3204
2212
4264
44
3794
1067
2858
1846
830
4919
3026
324
3643
4807
1538
3193
3434
2237
1712
4472
2628
844
4896
1597
4785
4982
3158
900
1180
4391
3841
1425
1317
3168
374
1436
3290
993
505
1437
4191
3324
1416
4692
3572
673
4152
1560
2356
4502
3840
2913
2598
138
2399
4500
2974
610
1755
191
852
614
3428
2169
2833
28
3481
182
4438
1232
133
2812
3770
3976
1736
34
1899
4733
410
2989
2235
286
121
55
1380
1250
4634
82
3592
165
2039
4731
1225
841
1131
937
2534
593
1904
2263
896
4707
889
238
3811
957
1325
1417
2327
3639
113
4437
832
3693
2195
807
4662
2922
679
3631
4223
1002
3844
3650
89
2423
4059
3343
1591
2008
772
3688
127
924
571
972
624
1510
2749
4006
4967
4460
2313
2751
1114
3676
3051
3235
3279
3043
4360
282
1698
1690
2872
4130
1596
1216
4581
2248
1806
1095
528
1718
1038
4754
4468
400
1917
388
575
483
4347
4115
515
1243
430
601
3617
765
4430
4341
1651
3095
2887
1140
1534
748
3096
1350
1018
115
2482
4621
4496
4103
4429
325
4891
140
4691
4311
627
2199
1563
3190
3309
4741
233
3117
3740
1088
2148
2324
3636
2230
3311
2270
2429
2319
3817
2234
4344
4774
4034
66
951
436
3649
4629
3419
4165
249
1666
3612
1173
1496
1196
4226
4808
3495
154
1693
596
3590
2743
320
1307
4721
1283
4973
882
2412
1488
2947
194
3533
3146
3573
1316
3916
4701
859
3291
1166
2251
2899
2002
822
3172
2859
4091
651
4949
592
3289
416
2985
4561
4088
4281
587
2445
4537
1044
3912
2047
3407
4597
2963
450
4267
40
1614
3474
3156
496
572
4305
4592
2715
1926
4350
3492
524
1162
1727
3346
4309
2261
3370
1020
1514
3581
3442
943
526
1911
437
3538
3711
1784
2533
4655
2808
4455
3002
986
129
4240
2430
502
3435
3438
3179
746
1478
3995
1105
2861
3379
3256
4148
3622
2680
340
1533
1271
4567
3534
4037
3007
126
1654
1616
1423
4162
2321
2477
1434
2693
1489
4476
792
2777
4283
3726
339
4648
1665
2442
4168
4746
1336
846
1988
4333
68
3266
64
2909
2347
4838
1512
1957
760
4947
2217
1833
3352
4858
4815
162
2847
4556
3264
1599
3792
1777
644
3539
1063
2597
3184
4817
1014
4806
2936
456
4990
1852
103
2642
2752
4142
6
1382
74
490
4527
1808
3054
3656
188
3215
4253
3747
4419
1907
3500
1103
257
1188
3402
3877
108
3067
1702
2245
721
3535
3039
1793
1146
4379
1178
3222
2403
2926
4907
395
3929
1549
3335
27
3872
4338
4551
3430
2284
1593
81
3724
243
3245
1378
3475
1524
1604
2486
2831
3403
2358
1963
106
4596
2948
2517
1720
2903
1215
1648
2563
999
383
1844
3155
96
873
2787
3528
2722
4704
2978
1234
2512
1717
4683
2720
1994
1471
1773
3250
3668
3212
2021
2655
3345
2916
1539
1526
190
4902
2357
1826
1493
2497
3949
3353
2167
3754
946
1529
582
407
3123
4192
93
148
2901
4195
3932
689
337
3655
3237
2645
3211
4983
499
358
3895
3183
1407
1530
3761
1849
3320
445
4764
1794
1815
3223
4798
4713
1632
1239
4978
2005
4243
3050
3810
4585
3839
1583
261
21
3281
4170
4172
1276
1220
2088
1119
1857
2391
1388
229
2608
1830
284
2320
3972
3870
2962
2178
1294
4323
948
1244
2501
1670
3662
2728
3624
231
2710
3953
1005
204
1448
4875
808
4895
1366
3317
4504
3913
3665
3798
4814
4025
3396
2205
4964
702
1242
2495
2965
2586
2275
43
2095
4981
4016
3354
3057
2976
4770
1646
4804
3399
3982
4023
865
612
3458
899
1168
2633
1318
1722
2897
3714
3047
1726
4462
4065
3162
2683
312
4784
4297
1892
4642
4246
3439
1101
2935
1668
1558
4368
1818
2953
4644
454
254
1518
1503
962
1128
3760
2134
107
4729
2763
196
4411
1300
1594
4083
4022
1931
826
4543
51
1164
2192
3894
2257
4345
3589
4560
3610
350
1741
2623
3990
2242
466
4132
4893
3967
200
1592
4509
403
1113
3263
1479
1745
1713
4122
3981
3964
3889
260
3247
4395
3422
3173
744
4776
1411
2077
4760
3445
146
345
4962
219
3393
4166
1521
3431
3030
247
1747
1883
3928
396
1891
1800
2238
4664
3541
1695
4417
356
640
1364
2479
690
769
4061
732
1708
1081
4008
4038
3378
542
3135
1573
1779
1875
3077
3692
1706
4129
3669
4390
3232
877
4510
4389
4493
3520
360
2889
633
2646
2547
1975
525
1197
241
385
4241
1682
4854
3549
299
1683
4613
507
63
3696
1400
2128
1340
4235
4715
4499
2507
1623
1816
3936
2673
2542
4397
3277
597
4579
4274
228
4029
1550
4971
3865
2617
4314
857
2114
134
1902
120
1195
3425
3041
4106
1571
3491
3101
1710
3571
2565
2129
4196
2591
842
759
3230
2545
687
1543
2276
4356
823
1398
3600
4956
1564
3128
3567
4435
2818
622
4650
3341
4049
4906
2733
4728
2649
2377
1055
458
1301
4661
3719
3074
2550
224
4079
1108
718
275
4139
2203
1640
1389
3084
397
2824
310
1348
3416
2678
1472
4058
4823
2952
1054
271
1308
733
3078
4054
315
3062
2845
2658
2040
2748
595
1386
4600
1547
619
70
4228
4743
4761
4924
211
3236
2689
4988
4040
2725
2744
4960
800
3126
4523
1154
370
675
4539
327
1483
3805
1762
4199
4884
4326
2522
4266
4536
2681
3169
556
4484
426
3496
1952
1137
1369
1749
2309
1920
3210
1490
2299
953
2882
2862
489
1671
4443
4227
2620
3246
1251
2911
3287
712
1312
4179
252
4818
2742
4855
2581
1422
1344
4288
500
4705
4604
1297
2496
4562
2381
2369
2489
4175
2061
3850
2954
25
2663
2699
2133
329
4672
518
2528
1360
2955
3258
1025
4932
2197
2961
1981
4212
1372
4273
1269
1223
3455
978
3142
3652
3044
251
4755
1323
1968
3271
2717
1569
606
3867
701
2923
4325
2879
3092
4482
4531
2979
2551
2219
3968
1759
620
540
2232
159
424
4727
560
3413
4811
2153
3414
4577
3083
868
1667
557
3357
4035
24
1672
1134
2113
3755
1772
425
1753
3741
803
4153
1754
945
3081
4612
4549
2695
1993
3113
1365
1053
506
1701
4343
141
4943
225
3924
303
1183
3903
2342
686
4812
781
3217
1428
3108
2659
3508
2093
4416
1966
91
4164
4093
362
2293
548
3836
3806
1201
137
1032
2834
1707
1379
4097
3125
3397
1393
1805
1719
467
3243
1535
2805
876
1075
4908
3575
2193
4193
1157
814
4294
4440
2724
130
3834
2341
1527
4255
4372
960
915
304
2214
586
384
4694
3429
1984
649
4471
2930
2557
32
1862
2063
3727
1161
3690
1602
105
3036
3570
4503
3749
4012
2298
2307
4045
1466
215
4825
4635
3265
2940
1125
4140
4578
1346
230
3465
1678
1473
4427
1874
4229
3327
2603
4582
555
2240
72
3160
3864
4290
4436
2264
3935
1237
3003
802
1100
2186
2216
658
1880
2694
1612
1906
837
3959
2900
983
272
3177
2969
2971
698
1546
3449
3926
4289
1913
3203
553
2318
2677
2176
787
4457
974
4320
1284
3524
4470
393
998
3634
2949
1327
4452
342
2738
714
1553
741
2775
1961
1545
2009
975
1912
4377
4184
2643
2052
4215
1041
2328
1746
3141
3694
3901
438
2476
2789
3127
1675
3398
3259
2303
1390
4669
2162
4145
602
3486
4594
3778
3356
913
677
669
1511
3468
131
1401
4970
4089
1838
1149
1660
692
3691
3182
1000
546
4178
4282
3547
645
1554
1733
308
199
2460
2754
635
2785
1505
4826
4566
160
1339
4674
3058
3484
3008
2413
1867
1085
4615
3687
4866
441
3296
4306
2070
2505
2168
2165
2384
1769
3856
3453
1224
4286
2253
4086
4027
3091
3654
570
3807
4570
3255
4730
2082
813
3679
928
3701
3555
894
3409
3152
428
1817
1385
1089
289
2594
4224
2340
3111
2023
2986
2931
4159
2619
3224
4739
1082
847
2672
2204
4190
1967
971
2740
