100
93
52
12
70
25
36
18
37
27
99
68
40
84
3
76
57
60
19
33
41
92
87
58
13
15
43
28
63
64
59
31
97
14
69
4
88
72
65
10
23
67
81
21
80
90
82
74
1
95
42
89
29
53
44
17
61
50
8
85
73
30
62
7
46
54
77
9
34
38
16
26
56
71
32
83
48
49
11
91
35
24
75
78
20
86
45
94
55
98
2
39
96
5
22
100
6
79
66
51
47
12
96
87
54
76
93
27
11
66
83
7
100
35
21
8
61
39
57
50
69
95
36
31
38
74
58
42
46
77
9
17
52
34
20
4
48
19
22
71
65
51
41
91
3
10
81
68
33
99
29
53
78
25
40
23
28
26
73
47
94
32
90
75
88
1
89
44
97
13
37
86
6
82
49
56
72
5
85
67
79
80
15
98
63
60
14
45
43
16
30
2
55
62
92
70
59
18
24
64
84
