16345
5882
6359
15690
15213
7014
6359
13906
7014
7014
5882
5882
5145
7795
5882
15213
15213
3892
6359
1704
15690
16345
9128
16345
7795
13157
6359
7014
6359
15690
16345
15213
16345
7014
15213
15690
15690
7795
15690
10262
24284
8305
7795
5882
5882
5882
15690
16345
6359
5882
5882
5882
16345
6359
11088
23348
7795
6359
5882
15213
5882
15690
7014
15690
6878
5882
15690
15213
16345
5882
15690
5882
15690
15213
5882
3127
16345
5882
16345
12821
15690
16345
7014
5882
6062
4644
5882
5882
16345
15690
15213
5882
7795
5882
16345
16345
5882
15213
15690
14301
21586
7795
16345
5882
9980
5882
7014
15690
15690
15690
15690
15213
6359
7795
16345
16345
5882
15690
5328
7795
7014
7795
16345
15213
6359
16345
5882
15213
5882
7795
21127
4973
7795
5882
6359
7795
21746
5882
7014
6359
5882
5882
8827
5882
5882
15690
10386
3532
15690
7014
6359
12220
9105
15213
12544
5882
12173
7014
15213
7795
7795
15690
16345
5882
15213
6359
15213
16172
5882
15690
7014
5882
15690
5882
15213
6415
23128
10129
7014
7795
5882
15690
5882
5882
4818
6359
15690
15690
16345
15690
3993
7795
15690
15213
17445
5882
5882
7014
19819
6359
15213
16345
7795
16345
2121
4536
3240
5882
6359
2879
5882
16345
5882
14492
14245
15690
75
16345
15213
16345
6359
5882
5882
7014
16345
5882
7014
7202
16345
15213
15690
5882
15690
21003
15690
16345
15213
15690
6359
7832
7897
15213
15213
5882
15213
2218
2643
15690
21297
6359
128
16345
15690
16345
6359
15213
5882
8113
20986
5882
7795
9969
4256
5882
7795
9295
15690
6584
15213
7014
6359
14932
15690
10685
15690
15690
7795
15403
5882
15690
15690
5882
16345
19282
5882
16345
7014
3149
12565
6359
4298
15213
15213
15690
5882
5882
7555
6359
16345
15213
15213
5882
5388
16345
6359
16345
10234
15690
15213
22012
5882
11665
