0
0
1392794492
1900885991
1495281198
0
164897092
1648556097
-830371607
755605092
-1736913304
51999808
405714402
1892529598
2145649346
-917085930
-1796864185
85609903
1211721642
868401393
974414749
-1666026249
178045361
674482005
1018999630
1942657236
391458520
1628132449
-783769199
953956955
1458993044
1069560513
1841561301
1869432230
-883020674
1249260476
1123061690
700903061
1418483118
23985944
1069560513
1652144758
2127991775
95769303
948801906
445807728
2098119049
1179202287
1190837891
1748835633
1950624066
89827071
1190837891
682115875
445470869
1097888154
1359096229
-996554223
998378536
-2013090328
179573761
352738139
922733587
1697317105
222647264
2139193777
-1061725995
6364913
-1735941033
2104285884
1884096778
68066625
1378116872
549240400
2079808182
1555899187
1070058662
36424251
1566787097
263396532
1830219629
499060745
-1735941033
1836400198
43315283
63652207
1229521299
2137689882
1117104852
-1046314415
329873513
1388611515
-1899446955
1355198126
1226454173
559110509
1375582650
2101723812
-407065658
1637793905
415641805
1694610242
344180329
1292149840
1787751806
1434491728
1919479961
0
2136716241
-1518011454
550174215
1196306865
1846160353
2145649346
-1445217459
627987861
1946156671
2145649346
-365576864
1960067619
1330824800
214662425
1992020657
1706906089
1144007428
1637978249
1021017917
2004595317
318726364
2071947583
1879861032
1024206588
1087104145
1632646225
2111234890
1689490346
208601227
1328315897
1139272350
446037842
661065261
1192291532
2017952193
177438753
252524226
721410889
2057754832
2090651077
1261961545
855681219
-301749977
1885642676
1769054787
2099369642
1117104852
-570933742
1803792585
-552239796
1167166144
101245910
-1023417168
2118894617
1488226198
717102363
1486363126
1919479961
1972474492
2012635568
1626697490
1648556097
1928979085
57219254
-1231219311
1962912986
1786229373
1143359697
1208743262
1278081781
1288617208
1835144078
1800051610
541982384
2138392511
-1899446955
215906961
1170490215
1671189783
1565264990
1335928757
546060692
854187516
-1735941033
-980770876
1016052795
761398067
1558556786
1165573478
1819742211
806934110
861672196
1083839727
669269026
2090651077
-2145806726
94057943
-432449797
1328315897
2036721901
1296887763
2015112233
1447987267
2098119049
1922619930
499060745
2021467389
751858359
1996748822
928860646
1167718801
148304602
1291715389
1753259082
679289563
1830366829
1144007428
2045292424
1952339209
1319159302
1679756302
991511038
1677145251
674303133
2079958062
-982396476
2110844165
124785638
-131883499
1905862808
1962912986
2017952193
1654429677
726621364
1900106306
302424972
827000504
922733587
693964391
-1432191215
-1796864185
352738139
1359279134
-1120564766
1155804711
1985967187
1669483777
1888741009
2000707565
1357014228
1752943979
2001971933
604447704
1654429677
2098119049
432751767
2041250013
19815168
1579233404
806799588
802799868
2015112233
686755198
0
938117116
1858653877
1721964359
1410240022
1863334004
432751767
829395378
215774935
855681219
1386189633
615536886
703623347
1794080789
52727632
1821626000
1524649669
2137689882
-1920571481
2138431875
968675662
-943001590
2127991775
1375582650
1376731875
1953613251
1722247523
2041250013
604447704
-903280325
-660928119
1041671328
146909149
2114797047
-1292129810
1874545483
2119719946
463352602
1488700266
1128784439
121049330
1280092460
1900106306
2093441090
-610593563
2111234890
1071331214
1504212670
1296887763
1504212670
1054026448
-1720764148
1356952478
725478596
1359096229
-1572012041
693981415
1195912186
1587386565
703623347
2099369642
1512239361
857313447
1679634272
1032940838
1661310720
2073234568
1898131134
2136563327
284286960
720217822
1813189047
1226980840
2052770292
1334186511
775105440
1130014323
180281402
1540636934
2033644404
541239874
1956852547
669744177
-1344413983
1072603645
1817376089
1875989888
2052770292
905277879
741906704
2090651077
-515088315
1038890516
1131959585
212778477
751486327
-1875367411
173227800
-1405321475
1035438310
1814358492
1372725366
188023049
938117116
1540636934
-254107461
1980159253
1417872782
-1134599650
-415424324
693981415
1330059239
1258544492
1972416891
146075913
121049330
-1353990192
59345949
2018090483
-1436638861
329396786
67802153
1566787097
-493087905
2119826911
1770433885
1410215546
-1120564766
990064743
332167023
-2107982592
166017762
2085928080
-903280325
1365019485
1752506666
860690038
-1424169781
-1559413866
1558556786
-1715229056
-1825790512
172175765
27365901
829545804
2033070017
372014456
727223578
1956852547
1111760241
1885642676
1770433885
1379383235
1296887763
2109934474
-1935321565
2099175281
1378116872
-1365501636
2137689882
1859653540
1512239361
589473924
185864563
792883941
95769303
978334658
1375582650
-1335920126
2138431875
-2025385217
1637793905
1900413111
-1445217459
164973691
2112961699
2109123645
418344073
691055053
1697317105
1782928040
2114707877
2101723812
79172
364622620
1752506666
-910479990
2001823932
833764654
-1991183465
-891320854
31507629
569138227
1566787097
618918184
550218297
956297143
1303714230
899166257
1033445171
1409718917
1898578553
1980159253
332167023
582370886
-783769199
1858653877
172175765
1251667249
1625119170
1749460551
1463916797
720370821
167107035
1880675250
2111961561
554973902
1097888154
101124283
1195912186
1522852404
1239433565
549240400
403802322
263875725
51999808
257032043
941104596
1073113430
2028664838
1038890516
1349556344
445807728
-1353990192
1972416891
-1672280517
2017899552
1748618304
51999808
1436842588
1242950260
1950624066
2036721901
947037966
427140935
-548161116
1748086023
806799588
666486847
-1047870867
2024628381
-1139209238
1429685069
164897092
1565264990
549240400
2021886449
1939071307
302424972
1470551807
805406369
727223578
2119826911
-1256008702
1514434791
238174445
59345949
941104596
2057058045
1490800431
1989349348
1607772351
879038373
1435566049
2034318386
0
1046289355
2056474002
2145324179
1213993355
604257737
866348015
1296887763
1617483969
430736328
693981415
1398240433
1553434555
1675084911
-1230791628
1026453872
1165573478
2074173349
1685673045
1399721672
1033522980
-1895355917
1217423967
-903280325
1482556211
1950624066
129689035
-2052094273
-1034857952
1165573478
1018269580
808103029
666486847
524244868
47900753
1881238360
2017952193
1871921717
993687334
238731345
-423418153
-501232339
1996198780
1999845055
1308990003
2066041254
860690038
-842623778
872536347
1018490251
-1095719528
1242950260
-921685764
-1440399351
2145324179
145863924
742961487
951589452
1749460551
365201007
397206958
-573529433
1013289418
-1475169618
962782464
-917085930
1965675027
1242950260
2062300692
-1226710024
1635710201
1790560362
70304216
296293369
-830371607
1918465243
625767063
2052733495
15113455
720761431
1698868148
950667042
1460907616
1565264990
1745091175
1016052795
1500525102
725914710
124099554
2033644404
166017762
-1767266204
550218297
1706906089
332167023
2102896685
1216176281
-127266967
1018999630
-1380133117
857313447
948801906
1856418319
2112961699
2071947583
1829908664
833479148
1399721672
825316269
1628532311
2073234568
-670321058
591049416
2017899552
2058976528
459438146
1808733278
1208743262
1844374751
1856224190
166880311
1424435199
1980159253
1917831363
-876142103
1267912214
1225616201
-1534332368
887666695
2110483414
1424123524
81126604
-2078304122
163503266
1885642676
2029018178
1204737078
-1407666993
1917509526
887666695
868401393
1898131134
881979483
-1336856302
549240400
1566787097
1952339209
1814250347
550174215
-85220848
2099175281
1380519280
1843654049
1602729120
860690038
1051888897
2080815710
1447987267
1614326038
1512239361
928766487
1972474492
2101537886
1258544492
1462623374
1597819645
406873322
2123637097
1974817238
2051148034
992537370
1031368992
718718728
1800051610
1207988557
489011397
669744177
1322977006
2079958062
2102515414
1434133201
-1244012441
2145324179
1288617208
569659699
1921769794
352738139
1896121287
1341949702
1994692265
-1560889124
-2022930853
2112961699
1527362708
1690230135
1341743431
141026985
2105754108
2098119049
1677145251
1853102625
445470869
1341949702
2085928080
755605092
1033445171
1335860267
1281178164
1661310720
2070441017
-1129836367
1553434555
2051148034
1982676566
1708228019
1328315897
414056504
618918184
364622620
1038052695
1914771713
2021514370
85609903
178045361
1822197971
496135784
2049689310
2099369642
2047823800
2105754108
1051112411
2076320106
51999808
1026453872
1864368163
1322220426
545445938
961861309
1917509526
1372725366
1914771713
515563533
2114707877
-557644200
1721401642
2010587393
2079847000
1859653540
899166257
1195912186
1510679016
-1147290081
2098119049
436939906
2067028331
548463804
1365019485
730000666
-1905079259
370331422
768626281
1839078734
-1394457135
1830989629
673547622
1328071110
1730748632
1000126287
2079808182
2021467389
1077596914
2104285884
963315143
284828074
1285874346
-510783847
1114827153
439335255
1408884323
489011397
2101537886
1375582650
1627144559
2066041254
2036721901
628910485
2071410756
2134249443
-629423935
2062300692
2114707877
1983183523
1499751563
1725640579
917548833
1697317105
612899228
1825502019
35060754
1362431466
321645290
1636230953
-1660101635
1686590011
198280399
219612072
2145324179
-1282757953
-1574359598
1476233392
339402588
-1205910770
1032940838
849727456
548438700
1584249723
220933718
1989349348
1748835633
252524226
508913816
2112828993
1974817238
1956852547
1679756302
2010587393
-1262609907
-1113098941
564683042
1853224215
1006108548
-1226710024
1844884179
941916825
1800051610
2094591821
2101723812
145863924
-1455828764
125273909
-1365501636
1272967772
-1268722324
2021514370
970714001
1165573478
1551482697
948801906
1713401429
833479148
170808513
532180969
2051148034
1748835633
1748149721
887666695
742961487
222647264
1096676381
1794327727
-192644664
549240400
489011397
1593608779
785888870
2106815863
-1516737876
1328315897
863066586
1772447088
-1268722324
1179202287
1699274596
2109123645
927740233
1144638575
2053374133
1682625505
566314636
2017952193
1871209279
2000707565
2016619802
-639207179
1464321379
1665396570
238731345
427140935
808284658
1197960978
2105754108
1977745057
265634629
170808513
1960067619
2145324179
1829908664
945159421
914967246
1114827153
1921769794
899166257
1974817238
1349984116
28738903
827000504
2111234890
1752506666
661065261
1167166144
1466378811
140798883
1584947764
1898578553
43757590
1373625792
883781471
257032043
2134249443
725478596
1372725366
854366610
703623347
853285175
1695848449
-1905079259
1854533444
674303133
1813189047
1143359697
79172
1065111796
1328071110
1079667717
1229521299
-1672632668
1328315897
1984102439
890568917
1488700266
2118275762
1875221517
2017952193
1145965852
1900106306
860610480
146075913
1087104145
1821626000
1024206588
1949123466
1087936797
1800051610
156173686
1196306865
1016052795
1890892107
-1511955194
883781471
148304602
2133968316
-1193634687
1111760241
-1445198822
1512239361
-1374575576
2114707877
1339228195
-1900904770
592167667
2114707877
-548161116
334010550
886027271
1885642676
1890892107
-1962633678
856503138
1830219629
1229915491
1366875772
1210608423
-473025556
682115875
1965117085
795259830
1677145251
825316269
968675662
-760886292
1759639985
393096344
1786229373
255580307
-1921608901
1749460551
1814358492
299019397
726919825
1987502256
1334186511
75352500
1542461345
370331422
-1767266204
1826087862
1041671328
1328315897
2105754108
-1065819409
1322220426
-1788716379
1734705862
1033445171
-2030045397
1785011386
1989349348
2045292424
1330891022
1291092544
2070441017
2131090187
1048775397
1921769794
1373625792
1745091175
657005413
427140935
-2116778097
593318031
2015112233
2070441017
328888169
2008863522
1190837891
1522719106
2073836549
1162436278
2049689310
1322977006
1738262271
1755814437
855681219
-1700783284
-1634455821
1782928040
331750578
1901139975
529807647
2073836549
2116312165
1811568918
1772447088
257032043
-667739558
2021467389
1901783821
2138431875
2128592779
398844030
442106736
2058976528
-1611808825
1806370898
1962912986
1658101517
765131294
1459473287
-708035221
2109123645
592167667
2090651077
-1576276148
2002183737
1859285711
-2137335459
1581177178
2021514370
1428708600
267555035
163503266
-1518011454
1710624189
1863334004
1753259082
61920749
1491323753
2066041254
2073836549
-1268722324
2139193777
1738262271
842632943
2129482318
2110844165
175922353
1130014323
1100556824
566314636
1773909526
2129482318
288380741
47900753
1409982267
2123637097
666486847
2119826911
1468826020
129689035
36424251
1675084911
1962912986
645886697
1813189047
-140959080
1885352671
294560754
1601537992
-1689443021
187305739
1608819247
1722247523
476924477
1329971707
-567323278
2057754832
1972474492
1083839727
-1044083729
1977075359
1192291532
1950624066
1709072182
1362431466
65102343
1303367460
970412686
1091997117
1946156671
2104285884
-62532846
455929072
940371615
1154003916
502283127
1664583939
1328071110
2039294279
1859285711
1386189633
1652144758
1114827153
403802322
2006807452
-574314207
2099175281
1979576219
1208743262
-1065819409
1418483118
1612374276
557838651
-510783847
2140806731
745411997
35326784
2019386625
25154455
1244552500
-820224609
785888870
2127991775
-916925072
880503871
1350785153
1987502256
1919479961
2102857560
1280092460
1922619930
1657975687
2004595317
1048775397
720217822
1794327727
549240400
682115875
278174200
82920851
1709435380
1035438310
23985944
1631817825
1778344320
1893645700
288380741
129689035
976828572
-1065819409
312176491
2047803766
1781905431
1871209279
124785638
140798883
1749460551
1664583939
993153966
897467550
-1666026249
-1940841066
1013063478
488786972
1949123466
2016619802
-1660101635
383907791
1246949549
820050339
1117104852
-1474296900
2008863522
1275743071
1715848038
1512239361
-1755392225
-917085930
1829908664
752337957
1680817642
1226454173
-1777282344
1971002845
2076320106
1748149721
1468826020
1221172888
749555996
1633378967
2122679816
2112961699
-1240795281
1233705071
-1457455866
1864368163
1734705862
1013063478
-1895355917
-1751938916
1630460895
1192965569
2049135260
1863767694
-1534332368
1621461943
2045292424
1162436278
1979576219
1280937363
1468826020
440028161
559110509
1571843640
1921769794
2047965620
981017442
1607772351
2109123645
1215402379
2036721901
1628532311
604257737
1657975687
2125640114
1830989629
164973691
1738262271
585495444
-1198920092
1962912986
1238258574
657005413
873783312
1664302169
1366875772
280480877
1335928757
208601227
1896121287
2057393296
365201007
1664302169
1018999630
693964391
1917509526
894290406
-567323278
681082525
2033644404
1114827153
21713806
2038742564
1459580600
123433074
1221172888
1803792585
2082400688
2104285884
36424251
673547622
40263954
524643866
1900413059
1814358492
1297330760
2106815863
1211733416
-1631994707
541982384
1510679016
1685673045
1996748822
2140806731
1593608779
604447704
2128789738
2085406596
1410240022
1814358492
1983183523
172304434
314496330
1770433885
2139193777
2045292424
2094591821
629056069
2010599173
1486878816
1752943979
1122491832
1614340453
727670615
569138227
545445938
1893645700
1630034196
760810055
1830366829
1853224215
1463916797
2145649346
180250581
1071630020
1330824800
1684357629
1390314007
1584249723
-1308988900
1444718776
1305453747
1134381152
328888169
1763399728
857313447
2029018178
2047823800
1589403090
531567234
225550213
1646168961
1297990419
2112961699
2018090483
1664718915
2072137508
1013063478
555870255
1139272350
-1083729612
2090651077
564683042
-421215465
691631554
1996748822
1495879632
679289563
1899333077
1612374276
691055053
-567323278
1679634272
2145324179
1242950260
2033644404
1982676566
2112961699
-469172496
106278382
2102803426
445807728
205897587
699630237
1304812229
820050339
-1147290081
-2014454556
-1785309720
-1609141170
1989349348
427140935
1048973890
-654346236
-1962633678
381747377
953956955
2105754108
366619811
1542461345
1303367460
1633604639
1216685007
47314057
-2095110451
1009299327
-1445217459
1652144758
703623347
2110844165
82920851
679005864
1806788757
1439749230
1686590011
958675149
1579233404
1241424527
1721964359
2052516265
919410058
1463119870
1887756778
-578348795
-1024751812
-908075107
137556632
2102515414
-664557350
1786229373
1632646225
890568917
1987818732
1890892107
2138045481
-2040071701
-1239173566
1962912986
292418843
-2012218811
858446356
294751135
993153966
2145649346
1454460222
2017952193
63652207
1814250347
653528017
36761397
1173748948
508913816
272769057
2096129536
2004755460
480575490
1917509526
1900106306
370078547
2136716241
1031368992
1908911711
2066041254
1628532311
1261961545
1962912986
-1112725696
1495879632
-2025385217
21713806
391458520
1226980840
693964391
515016123
879038373
1988312251
1629635411
-308092148
629266717
-649151860
2099175281
1780253303
850507001
2070441017
-1213092524
-1764259728
-1033394570
-197894463
-1336856302
-1365501636
430736328
1786229373
1023689365
2134336416
1263657705
-40126860
2010587393
855681219
397147145
1214382821
1752224585
2037777390
-2107269332
2138431875
833479148
970412686
1791160845
1012525071
1921769794
2137689882
2020660867
2090651077
673547622
1114827153
1162436278
559110509
808450025
1025712390
631623002
1083839727
2073234568
682115875
1124542768
1060676627
2070441017
2128789738
-1257413479
1657975687
153562804
1688901284
733631171
706833001
2127991775
1379383235
526695306
1901783821
1830366829
1655486542
1946156671
621463537
1808026603
-205456472
1011048302
2054150484
1529544286
381935926
187305739
948801906
970412686
2145324179
472504413
344449734
1392312293
1167166144
1700169308
750032682
-564914358
1495281198
2088771559
1721964359
-2038070752
529807647
1329971707
329396786
1825502019
2097749304
854366610
2145649346
-1990080171
-1353990192
1339394775
2004595317
125273909
954882794
1714001700
1648556097
733631171
2139193777
-610593563
2088198026
256942767
382974263
2117009139
153562804
1994692265
1942657236
382974263
1466378811
604447704
2139193777
1830366829
-453567544
2101537886
63073379
2066041254
-2036136608
1917509526
2111961561
689179015
1229521299
1436842588
1822197971
863555463
1226454173
599448296
187305739
827000504
305129304
2138392511
500303842
1018490251
474288369
2102515414
1517512817
1214951723
2128596972
1408884323
1584947764
2070592570
1601537992
1463119870
1928979085
1020882329
1989349348
2010587393
403802322
1192291532
1917509526
1577248615
31507629
1087104145
65332131
1463119870
1697317105
-1423320223
1824415734
1925537380
1349984116
2125640114
768626281
1813189047
2017952193
1943331065
-292693210
1436842588
424284298
2110844165
446037842
1725640579
2088771559
674482005
-713268581
123433074
2101537886
-1120564766
558096096
1424435199
2087809448
1011048302
1966331975
1277132976
-602610772
860690038
-746318833
1291092544
854366610
1280092460
833479148
1166253137
520487065
-1495627910
726621364
349713340
1627686247
2057058045
-32287035
1241424527
1376731875
853016194
439767218
-1161360629
618869415
835382107
1046326209
713526954
1373625792
1300299003
1962912986
416404701
-466458136
-1844701317
1917509526
1350785153
145863924
1715848038
-1715229056
1677145251
-942761787
4894031
2021886449
2001971933
2110483414
1216685007
427140935
1778927100
1199186103
989502643
1390314007
1829908664
1210608423
2118894617
612899228
993354440
459438146
2105910311
-1767266204
863066586
1782928040
825207674
2090651077
1083839727
1021817290
1167166144
1773272586
-589594023
2093441090
1275743071
2070441017
997863213
515563533
1330824800
1382031709
436939906
65102343
1057675372
-1611808825
1304070123
2111961561
2112828993
1764210563
1786733199
968675662
-1504336564
1504025059
2104285884
2000707565
1261961545
760913949
921681707
125273909
305015143
2109123645
101494924
853285175
59345949
810800351
1229915491
2017952193
104135668
705224136
1459473287
2145649346
1887756778
-1154472561
-1446658479
2134249443
1660657518
105352850
2118275762
2069247781
588362287
475908256
2000707565
-943001590
2071410756
305129304
1051888897
1173748948
-2038070752
2123637097
2069247781
1521181575
1460907616
-2130757732
767430708
367543106
1929067593
1542461345
1087936797
-1057611068
2021886449
1476817066
1780253303
-1147290081
863555463
67802153
439335255
1328315897
201407322
1038890516
1745745614
2004755460
499655605
193394066
2045292424
916169357
1770079778
1522852404
1529544286
562105037
1074026838
1770079778
1663901816
305129304
1956852547
1721964359
1013063478
1858653877
1192965569
1542461345
2098119049
-2134800784
2139193777
-2091909864
2017899552
1985327809
1593608779
-525954164
1026453872
1272967772
-1509191940
721410889
1435566049
579625897
2019386625
2145649346
727824031
-432449797
-979530810
2101537886
761398067
2145649346
1540636934
1059331545
582370886
1871209279
653925165
281174777
503508643
-1004385697
2062300692
-417209727
2047823800
-1454219936
1010031298
-941171733
-1514666008
618918184
2131262089
905284679
2090651077
2114707877
1715848038
693964391
4894031
1512239361
-2130757732
1739451093
155562330
2118275762
700903061
765266811
954311620
1687458925
-171944068
1939071307
557838651
700903061
961603703
1770079778
1660657518
1233705071
1087104145
1906580382
2012999581
36424251
284920284
6364913
-198546871
1359279134
283996397
2049135260
1846160353
1462623374
57219254
2069017236
1791393735
47900753
-220706985
220933718
1350698571
1349984116
2114707877
1919479961
-1069226938
760015375
820050339
585495444
1826087862
2123637097
768626281
1272072220
1297330760
1144007428
318726364
2029018178
524244868
2016619802
-990458358
948801906
1372725366
1330059239
1813189047
1444718776
153562804
-1805569842
432751767
1987818732
1397445917
1965675027
1192291532
476924477
-473025556
325506322
124099554
