240684027
434995643
-166466580
-121306909
501673633
-88153299
-282579240
180746998
713776153
-505057605
890474313
33423043
-649948691
-528439578
117714407
-881834337
-131330699
-133990142
852645166
-520085551
-456619155
-3184418836
57993656
-436194397
1655032876
948572975
-2321573296
-35485338477
663328716
2080606534
-902470693
969987234
482228145
744382728
-1235904005
974716945
719921223
800878882
511824674
-804116364
-240117234
906624745
-102812312
727359327
881321957
-1389394294
-546784073
-818888984
1359675578
334109364
-424916030
311284337
-764277375
-968418362
635800218
182130296
44881453
485304355
286854978
-353161805
-405620230
2555904180
588941890
-631326875
-1383545818
-745052820
841392615
994424012
-702724320
1685310239
708588488
-552987916
-168304076
-1906814521
345744550
910682171
13438743
-858124792
101682430
-818065244
959627591
133446154
939584484
-9261064
-280603623
-744680440
-43383478
999162579
-717989906
-823669496
957682860
-79624771
-474637212
-232192188
-538331099
-1264629520
1214847970
335689299
606833754
-1514101319
-880296734
367943286
525043301
-716269018
390643161
425469942
928277956
999939017
612065545
316403886
-115999113
-149635020
855348030
-939742689
-908807999
-106409398
727800767
-559465912
568405710
-956973986
-612066935
439791887
955948331
175947847
385146342
1155821877
572388421
262431935
320929918
-442203004
-517186333
-1102909211
915800043
837016112
-253027289
-194955745
-101847651
-25607742
-279695926
-272470971
242833228
760411077
-533021035
885414963
388069227
978139022
103482484
-1308298045
-974340978
660379452
-660693774
-846228584
656893356
864782321
-746192603
871901603
-1665053645
118828318
800932816
894452187
-52539411
-67083792
133446154
765490056
-68933964
925031782
568395347
-304330478
534490654
986365317
-135772031
-1314315716
540755873
-686571320
-628837916
-608478085
-43355486
-905910464
877468896
154481747
791448189
427521524
1447089670
950195440
-881133611
209966526
706695635
-206202452
-809642541
-85141857
-123598356
-113264253
321393905
-1225614374
-664220386
980112143
41165500
3910939754
987032543
-793091694
730578136
-733284086
485904290
646216001
1717666873
763965906
-999360884
-10382407
383674175
-609408014
-937514656
-109359477
-121306909
181373754
-601563329
-1695140005
362402620
-1172464245
-451341705
-522417185
556848956
-204018238
910682171
848607487
-933180948
2145521021
-771849271
-804480261
722574034
1057308802
468126824
-2080093884
502075610
166050294
-418417222
-663102856
882427254
-1246393993
-311341159
395191187
401538558
1656031933
90181730
-13788732
810741322
-1609772039
694827947
-1182959056
-451271227
895672718
658765915
-939852614
801528179
621845540
978265767
481651988
287478752
10133846
-289739515
-710166130
-1900731385
545621584
-6762969
-771983586
858083656
-217330633
1199263313
393548689
690695917
46152984
840105367
851984260
1297620560
171769704
-774193420
453038339
-1406527280
620055486
-802088198
257764666
631933507
531054770
599852263
-391987570
-536549744
1248660238
-3165712119
723436129
978913858
1223258774
-112751465
-55866316
464832205
-434692058
310931294
-409697350
-1006267626
413537323
1517026517
956650431
-1192429252
-188532267
-57317146
462586986
306456215
1691093708
5549247172
-4526655402
-815245364
350486153
433165542
-285642884
598817286
876660469
86696997
951758097
-696501636
800855162
-434013480
-263813621
-2791170737
1253266793
-1628083282
-897595816
778855396
6193193
843643018
682050095
996553326
755513243
515034833
495442997
-793998859
23902368
-779485383
570808547
737925503
-656968947
235421510
-249670968
-178058287
997398732
-991350117
639277456
136987913
802838029
-2163039988
-21005964
-251237446
-2508430333
187690569
-510362643
346856960
767678024
-890340198
-359847283
950195440
734887378
-755887384
-961183917
915321598
-941495200
931847684
767678024
-5912562129
141527158
531361409
-206039250
462586986
-957437595
852097952
307360042
20770545
4575183
974246992
534020614
-628837916
972995254
998326358
-953229074
-623083000
-1312165151
567692431
61476918
937650195
973614990
246128626
-661719184
-620107108
-214159086
-198967156
-503144082
-492735844
-177580445
331863727
84699807
620047265
-230439296
933868216
148526841
390014824
-480414514
-564964357
316403886
-230493091
-808451319
798861058
343268436
-249970614
641173802
-912154357
384949932
-769062361
802476942
-724207792
82082000
-180807050
123274193
-129665888
-322250617
536636665
390315542
-766163728
164498131
912924967
-799967334
-483113568
-3971111084
-168400348
988758255
238588780
-88864418
961944898
-822864634
742197527
4926634855
444815928
507017582
-640436228
702055735
-13053417029
945099637
459916558
676151522
142216084
573986773
678177603
121003685
-2772278336
-40682683
-939852614
-288660726
1446975323
857537407
762705375
-874631356
460716732
693081192
-345304633
392507447
-897658885
-516096206
698773562
-327843536
113244497
-794116261
79913237
492529133
-175293964
530434660
-828375944
952091648
-2508430333
-265788020
264491989
720012793
801528179
388614096
563857230
938851108
539104713
446153180
763965906
-194026731
-505891891
331564970
-716134739
-380304351
330726836
-4449684046
-763746915
997729402
537514836
875648757
-697664186
-594527996
142104800
-264225953
-376073743
-565139942
