1000
430 690
116 565
258 985
129 690
109 836
501 690
142 282
867 901
97 462
598 68
61 919
371 767
756 785
902 258
679 980
479 717
332 690
434 856
853 241
834 400
347 557
692 593
31 929
774 333
167 258
398 543
690 25
917 875
104 103
694 258
591 258
258 180
38 409
373 726
63 628
213 475
170 201
394 736
376 149
296 655
581 971
318 474
843 680
580 990
877 341
521 967
666 193
893 674
690 130
690 998
258 185
192 258
475 917
96 556
726 690
690 488
690 582
690 73
348 444
690 472
274 786
57 115
26 330
648 258
690 948
51 273
427 619
258 398
785 258
464 575
672 690
117 248
690 896
690 942
605 141
827 623
542 690
788 843
140 690
972 470
719 498
937 258
708 947
223 80
690 927
149 586
586 438
264 847
608 946
595 494
768 258
52 315
930 872
690 995
307 249
690 676
921 758
258 895
729 993
156 817
819 298
271 805
943 690
188 972
258 152
378 563
278 516
820 162
275 569
12 966
980 868
258 823
128 258
920 111
391 365
253 999
412 426
258 450
794 258
367 791
16 605
690 743
784 918
847 211
158 264
691 860
173 624
153 608
372 144
690 388
601 690
645 202
558 690
764 710
690 372
152 131
20 230
154 375
431 615
258 55
416 690
643 603
407 23
390 258
324 930
402 739
305 957
180 22
690 408
206 865
797 853
690 795
868 228
690 208
225 892
926 258
329 14
69 135
751 429
504 258
734 621
392 784
256 258
90 984
662 160
123 690
282 983
686 650
334 690
314 552
625 403
613 243
544 295
940 915
841 27
949 417
111 734
690 830
393 188
904 527
737 651
824 258
185 981
258 979
258 518
526 204
690 465
384 491
166 610
763 460
258 83
1000 690
690 60
144 401
258 506
740 446
665 312
941 690
690 629
49 690
823 848
552 520
258 405
449 54
311 327
669 386
766 28
377 752
258 424
969 258
690 828
386 560
301 366
65 385
302 702
99 906
998 810
622 428
445 833
649 690
549 925
890 113
316 722
4 725
727 690
566 690
258 766
652 45
146 754
690 490
934 300
258 187
258 880
690 310
931 690
155 820
994 799
221 541
258 468
258 864
33 690
458 112
690 280
939 697
87 206
238 258
258 183
906 916
105 2
86 37
572 612
124 233
54 632
632 886
338 258
36 835
717 392
258 344
258 354
757 821
676 374
804 690
95 262
319 389
703 476
1 690
108 567
807 258
505 764
950 690
428 194
990 177
258 151
56 690
597 343
259 153
258 58
706 690
134 81
21 245
690 923
452 258
997 359
355 690
747 452
840 358
328 539
172 834
388 626
258 443
977 258
690 712
187 10
701 225
790 309
258 126
216 204
592 493
258 313
690 761
258 269
959 588
898 644
996 258
75 787
892 258
690 630
690 410
195 782
270 224
249 907
258 307
45 97
125 337
178 423
611 512
511 67
999 869
209 667
240 65
441 997
912 229
446 723
690 871
536 190
556 326
434 143
495 434
728 562
554 528
265 598
454 72
227 690
844 155
690 503
576 499
258 574
356 690
91 774
513 692
540 550
835 866
657 181
258 89
132 639
198 79
136 897
370 203
860 535
174 698
749 492
94 136
502 690
210 258
258 911
947 43
829 192
638 297
814 690
721 645
258 40
306 635
928 690
681 209
203 258
53 975
72 501
455 846
842 258
874 690
974 661
988 931
866 924
736 688
159 904
244 227
541 377
191 186
238 132
886 441
924 339
914 690
826 4
43 788
905 561
776 568
948 91
557 258
437 525
529 826
234 258
968 825
469 653
918 124
130 104
573 740
758 554
300 690
683 238
512 184
806 258
258 268
826 882
258 704
258 958
588 604
327 796
419 322
690 24
211 579
971 102
258 540
288 625
690 570
690 41
245 140
40 599
809 342
889 258
689 445
531 258
258 905
739 38
787 258
238 675
688 965
801 169
705 258
41 522
750 258
817 991
872 690
664 484
414 258
145 7
563 656
624 724
258 165
101 910
9 690
84 591
741 338
399 210
690 331
883 258
258 483
272 964
800 827
792 690
812 101
67 497
715 831
231 323
292 852
640 258
533 690
690 770
690 700
114 989
637 13
690 62
732 600
966 258
690 858
359 238
290 351
593 31
88 690
196 690
697 690
298 690
870 737
169 258
909 900
908 172
304 879
6 577
103 783
312 258
74 430
761 657
946 576
150 757
687 258
517 531
207 163
901 908
233 921
986 129
204 837
565 332
618 328
678 894
677 682
204 261
415 926
650 715
894 589
975 258
896 581
935 641
258 652
309 806
690 909
849 705
690 283
346 690
13 649
184 941
961 549
690 413
258 959
695 217
68 258
189 258
685 239
266 987
767 415
748 150
450 156
220 258
690 221
690 763
354 731
929 721
258 421
607 815
313 285
583 973
690 728
828 425
284 690
34 690
690 749
257 292
965 945
436 171
330 32
990 773
471 74
335 258
553 64
308 510
113 173
258 662
239 690
317 289
760 690
911 8
294 690
623 920
627 57
263 513
58 606
404 690
251 168
690 353
321 842
538 609
798 220
675 891
139 479
690 647
252 811
690 17
267 258
387 340
838 672
862 671
744 690
476 690
258 970
667 161
530 690
326 870
707 256
258 158
32 258
82 247
690 271
320 42
973 334
459 94
845 258
490 696
578 790
258 711
778 133
690 780
258 469
630 291
453 690
723 278
241 253
690 120
811 306
658 258
405 820
925 146
810 772
656 29
567 596
258 505
182 807
322 379
772 191
922 699
724 735
258 255
780 524
303 440
55 391
535 258
110 179
859 30
489 258
690 808
350 258
651 642
176 690
962 447
891 884
258 119
879 887
17 154
258 584
690 384
589 110
478 741
175 669
992 276
406 800
559 69
39 105
438 899
690 956
115 406
11 996
237 219
852 666
634 804
718 197
161 690
339 71
289 690
596 826
500 138
873 690
560 745
507 663
202 266
519 5
979 431
439 258
803 258
456 213
477 302
525 961
44 231
612 690
690 664
93 523
83 464
349 648
112 590
98 793
864 486
881 789
642 449
360 308
432 690
258 595
738 66
836 258
163 456
465 382
258 954
383 287
447 433
197 690
635 890
59 346
353 714
258 148
670 816
619 990
258 618
610 205
698 733
699 258
323 753
222 263
121 558
89 274
990 693
337 622
258 776
466 775
258 982
520 118
443 422
759 459
409 678
702 777
126 361
411 874
712 949
831 275
258 46
258 538
2 122
899 95
799 690
616 551
684 258
258 677
967 636
786 861
179 242
714 195
277 258
954 442
659 11
258 455
258 638
400 356
258 976
869 962
258 311
217 755
18 631
24 214
496 16
258 314
813 376
357 690
258 246
571 960
273 690
919 742
690 98
647 70
516 36
258 93
515 500
190 690
754 487
509 627
293 281
76 212
336 453
258 555
815 258
789 994
887 437
690 85
782 797
945 738
444 226
755 690
793 762
5 33
884 142
617 974
230 123
461 690
690 779
424 114
418 258
467 258
491 215
366 335
224 237
426 690
30 167
429 296
193 458
229 223
403 690
661 508
690 585
435 12
385 303
510 814
351 166
276 258
518 345
851 504
127 818
993 781
258 534
80 175
733 259
820 381
71 174
205 164
735 686
487 86
286 841
523 50
527 2
379 96
745 521
171 473
863 336
982 178
7 937
978 567
258 840
262 257
944 489
258 932
151 157
690 936
963 690
905 82
746 393
42 116
539 660
85 420
720 572
633 47
730 290
14 951
497 573
226 18
880 548
636 252
325 258
22 546
781 240
331 87
494 279
493 90
343 258
690 260
228 378
713 690
368 258
2 258
460 545
855 544
425 955
29 509
952 690
420 913
882 258
690 654
976 953
281 305
818 222
297 990
498 258
340 659
690 617
532 15
341 690
258 78
100 53
345 564
15 690
833 580
183 832
258 19
621 867
600 34
690 893
875 511
201 813
696 855
194 690
374 935
380 397
690 254
673 258
258 448
916 258
421 463
250 304
639 526
668 258
258 809
473 352
795 318
964 878
514 690
765 862
258 633
983 679
690 771
690 77
62 898
547 537
690 200
352 207
364 258
620 21
258 802
839 690
569 519
854 943
148 938
821 196
878 690
236 371
680 436
690 198
485 690
480 889
783 170
614 258
280 218
258 117
64 969
690 293
690 613
258 319
622 746
822 683
876 495
987 139
846 496
981 778
3 769
602 478
66 402
646 44
258 92
212 881
258 515
528 646
369 670
395 903
522 765
362 756
690 751
769 258
27 690
587 928
299 529
258 759
258 592
690 395
165 106
742 2
991 316
138 857
235 357
690 367
984 329
888 100
716 694
805 434
915 690
451 258
777 419
258 709
433 729
168 362
363 839
985 380
933 547
242 250
690 407
258 547
791 616
162 147
258 107
258 481
258 369
753 6
81 270
258 466
957 643
78 968
885 159
722 571
457 713
35 414
690 237
440 127
141 594
850 9
910 690
582 232
590 730
199 533
258 137
287 977
258 482
396 258
826 507
135 258
555 63
499 477
577 394
315 258
48 1
631 258
