1000
748 911
632 973
701 838
319 917
677 649
29 23
942 97
783 21
421 97
901 229
727 478
645 97
22 277
97 731
823 507
375 457
97 887
537 497
542 711
411 244
97 137
418 685
686 261
642 302
97 816
383 596
3 908
893 829
489 741
820 102
97 844
91 676
304 830
999 475
631 927
225 221
576 581
377 97
986 97
692 112
337 97
145 996
985 517
249 509
613 986
398 124
205 45
719 890
223 394
968 104
97 204
459 912
493 212
97 658
95 758
97 70
467 20
935 319
831 997
579 539
527 180
354 126
133 252
526 891
625 22
512 824
708 380
97 856
169 368
453 788
803 314
359 963
442 732
31 227
911 671
97 828
97 702
472 787
186 496
97 739
97 510
697 142
164 97
932 445
97 892
912 852
734 46
423 296
498 249
317 818
109 652
97 516
623 250
619 309
885 698
507 51
462 696
320 97
97 938
97 395
97 31
353 862
889 531
587 641
256 920
876 303
464 26
934 729
283 207
558 371
616 694
66 147
700 972
178 97
309 640
695 941
308 625
153 814
53 97
97 532
743 444
741 525
37 802
56 89
241 473
63 817
68 334
572 519
410 762
652 97
583 431
179 74
115 97
347 285
895 583
97 246
189 680
447 97
358 664
914 331
311 295
606 592
525 703
370 555
854 930
82 265
917 947
224 174
166 573
97 985
212 390
161 75
97 657
903 554
556 64
35 923
322 495
511 988
102 50
884 97
300 97
791 97
639 504
754 97
97 918
269 361
436 55
425 563
595 948
299 849
822 586
219 984
867 940
775 571
771 443
243 872
825 785
25 797
926 601
902 315
433 240
482 388
97 92
75 248
374 434
233 439
543 377
97 268
238 426
307 602
812 548
786 869
763 97
973 452
836 511
622 542
687 317
97 107
158 38
666 477
67 895
1 294
841 90
790 858
807 815
327 280
105 119
13 701
974 801
566 276
684 387
640 97
340 904
292 97
431 405
770 5
277 995
97 522
609 807
724 781
984 863
97 56
356 662
47 134
97 210
626 223
860 659
898 359
456 101
750 3
97 25
699 97
213 493
979 585
524 184
712 500
334 234
441 196
107 305
465 338
892 243
703 628
185 71
490 864
314 97
437 369
97 416
980 290
217 611
696 392
70 84
97 987
451 606
998 624
144 736
608 357
567 29
842 217
97 490
845 177
908 97
9 770
184 724
97 110
486 286
594 521
704 349
439 82
394 755
497 748
993 111
222 880
481 138
933 886
945 939
513 401
97 725
97 59
997 97
298 97
390 674
174 597
163 32
271 97
111 96
14 853
461 16
103 771
899 523
910 944
866 791
310 292
798 270
367 97
780 289
16 643
634 467
839 422
132 686
237 411
629 857
758 547
492 205
278 831
240 421
707 642
919 568
762 366
130 258
385 37
840 484
604 308
990 564
449 808
651 198
259 999
988 97
546 634
393 806
250 656
520 158
443 663
819 803
97 202
36 689
305 776
555 247
624 412
966 647
564 957
57 974
714 139
116 148
833 750
287 695
936 615
602 783
175 472
713 557
258 616
199 118
752 76
97 588
220 970
286 630
769 162
316 954
291 97
950 172
592 39
785 693
466 173
355 572
72 730
97 41
674 97
34 81
97 870
73 373
24 128
435 78
94 578
757 97
951 219
657 410
636 151
193 396
196 267
683 436
931 946
208 318
488 965
297 546
477 273
641 738
387 639
97 722
97 269
857 959
198 752
417 558
384 125
956 993
389 952
97 951
61 108
106 73
41 228
97 688
678 851
235 907
146 311
756 424
838 132
847 961
474 942
156 834
313 619
585 97
396 57
644 385
671 440
338 669
245 393
110 200
429 35
200 141
414 327
85 61
255 97
392 241
826 876
958 222
372 575
470 883
913 397
446 769
643 544
138 903
675 737
571 774
759 871
65 97
108 122
949 945
326 846
272 672
183 297
74 713
473 408
722 798
270 728
964 348
254 540
905 97
43 97
321 328
352 58
815 231
853 438
992 97
650 936
694 716
190 584
10 765
97 609
617 650
301 866
455 967
210 80
97 538
607 835
528 790
970 935
907 154
416 825
97 885
79 949
104 476
886 526
874 456
818 910
603 670
753 97
118 14
76 796
173 48
810 463
400 494
246 590
800 924
395 389
788 621
662 4
653 97
92 723
480 432
690 881
90 921
779 928
764 530
802 185
188 242
621 362
39 782
478 605
655 594
944 374
385 691
119 254
50 679
681 919
97 192
983 855
821 146
685 329
539 655
228 990
809 666
506 427
600 402
195 503
38 251
28 326
275 692
881 72
97 810
784 513
837 97
226 203
346 673
894 6
5 574
87 502
348 213
862 779
920 342
817 704
888 618
599 79
483 97
342 293
544 68
760 354
48 450
909 636
953 756
415 133
71 978
202 854
154 913
97 743
97 30
468 549
574 97
742 608
851 100
648 902
846 97
409 97
869 171
143 595
591 795
552 97
261 183
656 767
503 97
26 792
121 425
749 707
98 466
969 97
676 97
324 19
995 155
457 958
726 115
264 461
716 668
628 283
868 458
284 786
357 914
349 398
438 454
962 44
97 661
560 489
551 840
730 486
4 97
86 97
52 449
777 879
565 600
58 97
531 168
663 559
251 375
633 813
336 833
49 97
793 690
211 346
30 718
938 789
491 275
227 60
97 734
296 884
97 537
97 106
152 681
484 282
97 614
247 682
735 442
795 18
733 874
97 515
97 654
978 413
745 977
883 721
126 310
665 320
2 768
88 165
586 97
882 218
649 194
859 191
142 430
6 27
879 1
97 343
711 763
589 922
475 97
412 97
1000 751
140 534
746 153
535 69
419 613
361 299
97 167
83 166
97 683
547 2
705 533
234 720
834 97
252 518
597 67
844 491
192 312
927 136
647 423
761 365
581 384
117 43
906 263
427 97
368 556
635 97
989 714
801 529
541 178
668 708
776 512
570 385
870 160
97 794
325 593
755 253
280 552
128 99
495 784
124 453
737 149
568 969
575 316
593 897
273 492
422 386
181 33
209 899
718 962
961 809
691 226
215 480
702 953
380 257
458 859
229 821
84 54
891 462
523 150
97 279
688 955
97 324
965 356
612 114
97 740
364 298
510 577
765 97
494 49
561 347
573 778
832 264
627 623
729 882
540 560
97 469
928 36
804 487
391 363
855 238
923 225
157 332
897 637
129 163
180 971
856 281
27 832
113 528
191 367
20 304
96 341
943 717
830 256
239 983
362 208
991 620
167 216
77 570
940 97
432 819
751 757
306 845
782 97
172 836
328 414
151 933
890 188
863 181
827 98
426 536
112 631
959 232
203 800
858 355
954 591
664 665
930 498
569 47
194 471
835 97
646 211
32 566
476 699
97 127
281 220
799 991
630 735
89 376
689 753
170 488
201 97
81 675
295 932
257 906
521 323
262 97
808 97
147 580
137 505
405 960
248 727
549 501
929 143
946 97
120 382
40 399
97 236
97 186
78 176
160 418
736 66
231 360
369 97
582 610
265 383
97 182
720 901
715 337
517 344
981 848
408 24
323 745
880 129
97 826
787 822
963 159
887 632
806 989
97 896
789 839
532 587
637 773
97 747
268 85
618 629
601 152
114 994
131 749
937 262
97 567
97 135
216 339
266 433
814 931
57 325
767 873
778 97
244 201
553 709
330 934
976 706
710 370
667 321
15 1000
381 199
97 479
900 687
97 482
739 842
69 336
829 97
588 646
850 97
471 485
51 843
397 684
97 230
548 306
661 465
345 950
267 237
805 215
363 980
97 62
97 759
975 120
17 446
149 97
19 420
530 313
584 87
21 535
232 105
499 406
282 447
670 97
680 95
485 905
46 589
293 719
717 888
204 898
916 123
545 77
318 900
207 733
97 772
796 42
378 878
97 197
139 553
519 259
260 130
99 260
45 667
496 841
406 116
276 481
939 780
97 131
947 975
865 760
60 190
955 627
294 403
371 40
721 565
672 97
994 966
559 635
168 976
872 11
996 322
386 569
401 982
533 97
952 860
738 527
11 287
97 827
960 97
339 288
536 381
550 599
373 193
673 407
404 761
598 579
774 335
723 812
187 644
430 235
824 660
538 350
135 144
253 409
925 97
781 91
331 161
732 943
800 63
279 561
610 358
402 777
620 224
148 117
982 520
878 278
428 189
93 448
766 9
504 13
125 543
500 307
54 404
658 820
312 877
97 468
693 981
792 804
206 169
379 603
64 97
7 508
242 894
740 651
97 460
171 97
434 861
97 429
176 57
335 937
101 700
274 766
659 889
350 417
445 793
8 391
514 97
351 97
875 209
864 638
904 378
18 97
811 301
263 145
333 800
508 94
972 799
97 710
150 15
127 428
562 28
948 109
289 909
679 916
941 214
329 157
403 847
797 179
100 97
615 506
578 811
460 464
218 52
861 648
516 245
97 742
509 239
852 97
744 53
554 598
97 333
563 17
162 470
967 992
638 8
915 88
977 121
614 823
813 97
987 12
165 893
155 97
596 726
534 499
518 97
97 956
448 435
