1000
890 32
356 920
383 45
14 986
871 467
288 345
740 184
717 813
776 373
463 60
594 355
782 724
86 53
211 798
912 772
640 504
258 436
441 150
325 62
286 290
580 691
69 407
228 953
174 797
756 298
534 606
134 633
91 251
700 426
909 418
79 601
623 435
787 632
692 906
295 427
751 174
786 896
528 642
758 1
968 368
288 308
292 868
180 377
702 534
637 192
187 704
635 746
891 489
465 865
141 312
571 232
992 229
378 710
834 738
990 903
483 437
734 881
394 4
107 913
124 923
73 472
495 216
814 754
920 919
895 70
161 645
555 91
652 6
410 59
403 382
584 971
935 254
514 111
10 128
544 439
202 555
282 429
129 551
380 944
955 598
35 975
259 562
959 315
263 667
387 693
307 687
127 523
931 864
762 936
987 328
902 974
303 80
435 372
121 549
613 484
241 329
379 237
885 61
739 910
823 563
727 956
952 166
50 75
67 469
813 110
190 120
34 505
200 991
491 802
398 190
489 794
324 557
449 668
839 972
964 87
437 392
667 964
266 35
206 264
918 742
130 319
257 815
27 366
696 248
604 897
552 987
64 547
470 818
757 500
71 479
347 749
997 31
264 346
664 538
5 403
300 918
128 729
938 652
522 311
54 168
276 37
835 278
207 478
549 3
521 997
171 744
965 20
83 781
251 301
625 610
563 72
327 685
725 778
281 615
570 520
274 28
58 564
898 796
220 106
769 755
282 274
922 519
221 973
674 643
511 882
56 730
156 736
714 890
70 282
479 942
901 65
392 869
831 531
350 344
743 889
176 405
226 644
339 129
694 904
884 219
600 217
861 617
117 908
104 47
634 299
40 78
364 958
888 929
25 517
249 288
283 984
210 819
754 934
499 626
750 561
150 456
411 675
663 477
338 707
322 48
641 655
352 714
804 996
236 947
215 151
887 464
575 832
194 73
731 968
271 118
312 858
234 673
185 122
366 10
89 76
203 288
527 572
110 932
250 965
809 462
815 609
877 54
567 960
118 762
52 895
17 335
985 574
458 57
1 332
146 245
679 985
126 597
805 502
434 411
254 138
114 887
261 711
993 137
755 495
247 42
404 153
548 181
949 569
886 67
966 50
267 119
687 684
346 852
556 169
256 943
168 810
288 105
708 844
855 756
842 787
599 694
467 720
390 854
224 514
240 83
192 922
882 276
765 242
133 101
666 649
397 400
706 148
685 966
268 646
972 717
239 16
183 779
504 825
144 963
645 8
737 740
683 389
781 830
360 364
914 586
358 282
159 565
650 210
57 354
420 417
924 125
526 509
619 310
598 270
13 230
160 498
994 165
428 846
164 163
942 625
958 827
651 349
869 806
791 876
282 775
214 795
825 124
810 817
794 692
767 127
962 359
101 664
957 719
145 381
946 821
749 180
508 317
277 77
611 658
926 962
630 528
523 698
106 374
369 634
726 608
697 838
308 294
6 58
357 334
929 680
540 55
808 434
693 607
497 388
789 176
486 19
876 616
542 640
195 130
305 773
607 599
862 288
1000 828
915 97
205 442
282 630
55 416
80 993
384 629
520 189
746 690
147 352
78 622
288 69
231 511
430 614
230 74
873 831
18 977
317 214
900 146
223 397
541 314
452 950
155 367
800 235
592 475
162 494
278 204
812 767
930 548
978 790
149 582
354 588
11 108
468 195
936 457
984 841
471 226
242 323
577 277
153 545
713 856
790 275
31 679
152 458
596 553
175 866
288 697
760 739
538 703
903 627
875 949
181 288
589 989
395 898
601 360
88 811
705 877
182 422
870 945
837 940
811 209
894 558
547 179
362 173
989 665
803 139
761 863
444 295
689 103
291 206
429 878
22 288
51 13
98 454
647 529
123 576
709 591
105 914
331 842
245 187
866 199
662 21
764 612
318 537
382 670
402 318
795 774
621 33
235 785
503 121
665 998
979 894
296 282
656 117
801 441
632 487
543 396
840 39
806 541
294 322
572 488
282 356
819 241
279 855
9 221
917 515
72 893
21 313
193 513
822 727
255 424
576 560
488 741
225 211
476 425
328 113
137 571
227 481
142 41
209 521
614 603
405 527
466 803
433 27
423 461
698 82
280 447
904 883
167 218
406 2
198 590
557 433
287 321
612 212
672 568
389 735
314 870
967 449
401 822
349 170
622 718
49 326
950 939
910 357
289 522
301 924
565 631
448 304
334 215
204 583
371 480
293 446
370 593
456 85
282 378
629 11
732 98
788 379
365 268
668 786
33 460
304 342
701 613
633 761
707 619
976 695
63 686
154 404
597 559
457 255
139 688
643 126
793 256
372 575
363 412
533 722
62 676
113 338
252 399
939 282
329 393
103 198
907 186
275 637
47 990
44 662
43 770
649 510
36 320
525 955
537 208
595 777
502 533
473 661
553 133
407 236
802 25
462 677
199 369
878 483
919 621
48 994
222 824
742 546
722 99
588 160
724 225
868 341
298 636
272 705
385 250
60 715
344 506
313 240
826 647
431 696
310 282
648 807
451 891
718 751
675 604
218 783
768 862
496 931
498 205
208 760
464 123
136 300
748 628
179 885
676 22
87 769
443 463
981 605
273 79
163 56
178 902
282 733
116 901
166 853
554 89
846 859
677 587
539 147
745 252
374 140
550 875
561 112
773 84
943 800
367 957
421 892
736 768
986 921
288 518
262 459
759 116
233 624
660 94
93 788
53 791
969 771
899 361
316 566
419 109
408 780
824 49
982 386
686 954
602 282
798 280
892 747
140 776
609 309
217 725
883 700
432 281
74 445
691 823
157 259
775 579
624 556
65 995
738 992
779 871
524 671
475 291
733 476
23 507
288 999
148 536
28 385
376 263
545 86
400 907
680 701
864 752
988 654
492 228
282 497
248 982
569 709
119 68
879 544
359 683
853 765
29 51
945 303
741 238
469 453
587 594
186 716
999 409
184 689
991 15
450 639
288 383
608 306
772 873
132 172
490 262
143 659
712 952
269 197
219 135
796 430
484 577
336 288
368 961
373 948
7 9
807 288
77 648
482 432
783 5
893 915
506 423
817 234
628 201
68 840
396 845
516 134
841 466
343 297
38 706
460 196
15 362
288 763
393 185
59 223
459 224
472 394
46 395
348 554
610 115
440 289
418 141
76 988
836 162
925 71
19 340
478 585
699 782
720 131
532 734
770 136
244 363
311 938
638 413
752 402
960 888
844 666
941 243
716 656
517 909
535 737
32 420
574 764
16 30
996 333
201 524
439 156
20 573
848 183
75 899
975 455
315 750
169 581
97 979
881 669
109 580
615 406
320 132
351 620
780 674
852 149
4 371
321 843
391 826
568 246
412 43
678 834
191 808
232 339
309 849
753 713
620 596
829 380
723 302
998 829
530 155
355 325
84 266
937 18
585 391
771 516
120 508
2 839
593 96
729 293
158 287
639 535
26 144
416 732
424 981
229 660
703 592
636 526
681 26
897 247
566 258
644 265
299 88
719 244
361 682
847 910
284 812
921 485
238 145
684 618
730 861
774 911
197 175
913 743
867 848
513 850
45 370
345 600
454 114
510 884
906 273
671 912
816 282
721 550
177 253
447 651
414 288
872 468
911 496
777 288
833 348
135 471
165 337
963 152
797 24
711 879
956 44
951 390
512 493
335 220
529 143
417 874
173 699
125 271
905 530
102 431
288 207
99 12
896 851
122 261
436 712
631 969
940 440
319 284
617 540
845 976
477 194
461 410
426 401
551 182
669 305
626 491
41 542
865 753
243 177
3 980
290 154
151 672
381 269
189 288
422 450
948 847
970 282
507 267
253 331
591 438
934 286
728 292
606 260
562 589
744 916
413 867
12 7
658 465
603 567
961 46
90 92
487 748
838 415
857 203
850 384
480 107
642 766
82 641
111 930
445 288
653 285
353 100
425 611
342 816
377 1000
932 900
874 595
260 288
954 358
710 978
302 34
560 95
536 408
531 584
971 933
100 937
81 419
332 188
92 272
481 142
704 452
212 721
188 941
388 161
933 503
115 104
297 539
493 499
386 279
24 81
688 784
170 93
505 283
30 227
61 723
854 231
474 757
95 171
820 805
509 330
659 492
519 745
830 602
340 336
306 375
579 222
438 296
916 702
880 917
690 801
889 178
859 158
518 202
858 804
673 343
995 678
270 835
983 490
172 635
856 38
851 353
578 40
375 809
849 233
112 350
330 837
285 191
928 376
784 474
42 970
947 793
494 623
944 36
37 578
288 926
605 347
715 905
785 833
564 307
973 543
485 570
582 525
908 52
138 428
661 857
500 731
763 927
515 799
654 365
818 63
747 836
39 249
923 928
558 14
66 23
85 880
735 886
627 657
586 638
94 935
695 448
832 663
618 708
953 167
590 213
581 157
415 324
196 159
827 653
323 814
616 66
980 486
246 443
670 102
131 967
860 414
799 872
265 532
427 200
843 482
341 473
326 90
237 792
657 29
559 327
974 64
108 650
282 501
828 257
778 444
655 512
910 946
333 351
442 820
821 239
288 17
