1000
550 782
946 562
337 777
413 290
689 398
166 987
980 893
805 47
184 352
521 643
155 613
310 748
702 388
976 260
257 117
290 680
978 314
381 942
294 657
691 687
814 105
180 889
59 94
650 764
872 73
890 712
311 110
709 916
823 695
291 688
846 437
675 497
920 924
317 880
487 879
630 177
700 23
589 350
127 670
894 976
285 294
723 591
648 848
687 288
520 923
305 318
736 790
560 728
333 730
924 871
432 960
506 597
699 210
607 40
143 381
6 286
415 188
458 287
264 711
757 872
915 302
780 732
608 405
561 416
533 566
569 886
618 630
782 773
519 699
3 857
312 155
610 201
382 804
779 557
370 165
717 162
135 336
416 820
84 373
409 181
598 101
619 254
327 762
172 309
725 454
426 196
169 12
62 852
759 434
407 918
719 281
955 236
578 463
769 933
830 795
293 253
278 445
821 797
899 449
751 134
849 958
507 528
975 334
690 100
434 436
626 478
149 552
674 27
922 778
191 489
249 787
67 791
582 142
461 312
936 720
479 724
226 301
79 293
877 807
238 793
346 369
679 319
832 509
459 869
958 379
488 313
303 111
627 461
853 79
898 994
590 844
253 636
418 858
637 723
714 190
263 708
974 637
493 251
349 735
800 652
223 180
551 605
8 462
464 743
430 722
641 789
609 753
928 832
210 179
912 649
33 930
617 399
497 768
755 985
812 54
764 669
66 245
402 707
836 736
547 277
357 69
273 467
314 183
989 227
532 553
193 311
860 444
20 125
457 242
484 438
419 573
9 114
925 458
960 504
95 20
244 145
513 178
188 195
981 928
276 213
116 651
741 578
24 876
126 132
43 140
320 297
104 99
495 193
932 639
862 383
557 646
887 208
163 305
472 745
661 860
995 345
315 915
539 564
845 291
136 821
277 274
92 691
230 977
587 220
801 619
695 215
462 904
274 779
156 877
787 192
425 338
938 582
892 922
212 982
58 496
213 485
544 28
802 851
236 71
621 887
536 333
332 166
378 769
752 129
363 692
266 35
831 599
233 26
436 756
900 641
299 859
214 953
252 569
826 413
990 507
195 106
504 342
307 17
177 24
219 686
911 63
799 389
431 97
773 665
47 229
275 500
929 34
970 508
571 370
446 967
563 216
711 685
985 139
568 505
652 733
785 833
840 746
120 161
943 33
398 344
338 235
496 368
515 899
847 588
40 32
308 234
4 666
588 122
644 282
964 316
362 738
379 396
692 981
63 363
639 979
348 632
268 425
185 673
438 882
424 914
60 197
789 513
793 800
489 870
281 397
478 716
884 847
921 377
670 676
972 450
324 31
441 938
977 801
321 725
87 359
289 14
283 175
962 995
798 906
897 696
300 640
376 658
772 157
31 786
410 780
531 304
450 60
145 774
365 788
864 818
443 537
794 514
237 672
600 527
173 544
918 169
427 541
414 947
710 506
633 426
562 970
102 913
635 67
101 390
739 895
439 689
319 70
796 545
412 387
435 278
358 93
44 479
401 150
454 702
765 940
499 86
344 419
476 491
30 394
508 451
445 355
966 989
986 744
580 794
203 862
950 710
777 206
597 484
90 386
241 512
593 978
71 300
653 647
159 440
951 167
117 531
576 174
243 694
417 257
279 341
296 91
931 407
842 729
882 972
815 503
959 475
505 127
810 511
492 452
182 690
940 66
901 856
881 285
470 522
875 5
671 266
466 259
361 448
543 421
326 770
207 292
754 402
502 303
750 362
873 532
42 760
766 727
701 990
666 763
475 691
359 593
553 902
88 854
704 925
280 78
599 409
871 39
622 83
151 984
165 926
594 935
103 590
839 823
100 447
996 802
45 817
542 623
808 693
2 515
330 988
732 719
406 480
565 256
485 771
221 648
822 510
552 483
242 404
245 993
272 298
620 518
386 112
939 457
482 584
526 992
722 85
567 757
453 674
529 280
726 49
953 306
48 80
854 866
328 939
868 38
503 371
309 559
895 194
192 456
774 22
923 973
718 439
298 98
388 579
677 472
334 433
628 608
494 962
11 418
706 264
118 937
232 843
573 873
941 232
96 840
10 534
758 268
792 182
70 585
595 250
46 164
1000 141
471 929
770 767
371 682
558 6
134 273
433 905
474 885
658 538
734 955
803 488
132 48
678 136
211 677
983 137
537 961
616 853
584 403
41 135
554 214
54 601
397 225
125 375
26 307
17 74
662 230
850 917
879 358
153 519
585 59
123 128
187 120
606 849
748 656
728 211
957 563
235 829
69 758
304 116
51 517
342 589
352 84
583 432
721 581
23 308
681 969
429 936
804 241
480 684
12 815
514 837
318 941
691 103
517 934
222 784
209 814
473 170
745 661
596 427
287 861
240 326
883 749
908 226
874 224
820 19
366 228
463 340
147 393
574 825
926 587
952 52
527 948
886 498
239 577
78 104
910 741
80 700
841 96
524 191
913 742
107 920
760 492
119 442
698 950
994 667
158 275
916 783
384 2
13 759
148 348
111 635
511 315
816 7
270 53
164 965
613 530
216 633
179 816
572 703
340 343
481 568
408 892
632 944
55 881
204 998
735 212
77 583
998 626
629 884
190 172
546 4
121 945
5 476
664 772
247 473
786 237
870 912
456 44
451 46
162 107
360 836
682 76
684 392
73 540
93 408
139 339
591 424
122 616
256 95
390 382
885 631
909 361
625 296
351 422
373 529
18 714
248 1000
857 148
369 539
649 827
200 846
124 417
483 554
930 726
907 822
767 243
963 533
65 269
673 766
948 428
171 535
778 481
570 943
603 446
979 238
665 980
19 586
614 839
566 921
500 328
339 891
377 796
27 874
380 332
336 983
53 737
181 841
724 187
76 209
869 986
229 752
651 751
206 349
856 576
98 217
449 845
579 997
174 615
756 163
389 41
367 168
395 56
57 487
559 354
29 561
460 81
411 811
982 549
385 376
440 603
205 838
672 525
703 614
447 471
196 365
858 638
984 435
150 842
391 72
683 775
420 655
914 29
364 160
38 455
838 36
138 868
37 61
267 734
375 996
141 357
737 596
605 247
961 249
954 203
372 57
231 441
749 627
556 200
302 706
322 863
636 65
680 239
64 890
549 198
844 831
261 45
86 16
818 143
967 395
114 138
255 144
199 701
973 721
157 231
738 612
771 546
656 477
581 429
74 691
645 550
220 761
343 415
935 602
202 975
316 207
130 747
218 366
21 594
227 252
7 364
354 459
965 43
201 826
345 903
991 660
586 118
392 25
541 324
368 828
36 42
602 606
217 819
422 574
646 911
68 468
667 465
880 523
259 317
634 3
109 494
657 159
353 653
355 575
254 624
611 330
350 13
784 754
129 202
809 173
335 218
676 466
323 971
753 709
516 946
16 999
747 9
91 894
97 490
25 453
510 351
208 289
731 62
819 642
638 176
168 153
522 401
403 952
260 123
577 384
783 322
545 610
859 565
733 611
817 102
893 77
490 520
540 310
827 888
660 90
705 221
538 755
604 731
528 526
112 524
686 495
902 792
400 567
993 372
876 865
491 678
28 263
945 750
405 739
387 560
306 968
421 327
848 276
761 88
944 55
72 406
448 464
927 470
396 261
82 798
455 270
691 645
878 803
781 600
643 830
744 131
904 675
992 806
176 499
452 271
775 8
919 171
642 551
215 901
697 184
189 671
843 331
696 617
592 547
509 628
15 267
743 740
286 974
269 956
691 204
22 900
663 824
183 809
39 346
742 598
729 337
824 580
615 810
437 82
834 205
795 883
265 486
428 558
295 109
624 502
14 410
694 898
325 966
167 411
85 521
313 186
50 279
170 10
968 469
175 50
855 223
623 385
947 931
708 718
971 644
383 705
142 87
75 400
791 715
720 360
284 423
548 959
813 356
178 412
997 51
467 571
716 320
198 30
763 609
942 130
956 536
393 482
140 813
693 58
631 595
888 126
668 92
530 835
115 219
394 115
292 378
128 855
555 954
987 262
746 808
523 717
933 555
331 867
404 548
146 785
137 124
647 542
113 199
89 957
301 875
161 133
790 233
906 37
685 108
575 909
258 374
534 460
601 765
329 146
110 64
224 420
356 325
347 781
225 21
969 878
34 604
655 431
99 805
341 964
730 654
833 185
999 625
866 963
905 991
837 949
423 240
61 812
234 662
852 149
144 414
108 907
654 189
106 258
518 474
727 347
762 570
501 681
896 668
1 121
197 650
937 776
788 15
251 68
152 896
83 295
768 158
669 113
81 18
469 323
52 951
806 679
297 799
934 443
399 272
811 919
512 910
712 147
659 834
131 698
35 621
564 430
282 367
863 691
250 151
612 704
825 618
160 592
468 335
889 119
535 516
133 246
525 620
228 284
442 713
891 908
477 353
861 156
194 248
374 1
835 543
49 391
246 932
288 607
32 75
828 622
740 634
903 697
271 255
867 572
988 629
776 283
465 864
949 299
688 493
917 89
498 501
56 927
105 380
829 154
640 683
707 321
186 897
444 663
797 244
715 11
154 850
807 556
262 329
94 265
