1000 916
2548 2284
2548 5541
2555 5541
2555 2366
7824 2366
7824 499
8814 499
8814 1474
1535 1474
1535 4650
366 4650
366 3948
2342 3948
2342 7157
1413 7157
1413 9882
6788 9882
6788 6549
8136 6549
8136 765
5766 765
5766 1359
1422 1359
1422 2037
1966 2037
1966 4647
6318 4647
6318 4720
6786 4720
6786 7004
7104 7004
7104 5686
9659 5686
9659 8052
8897 8052
8897 7484
4063 7484
4063 5310
8551 5310
8551 5599
5269 5599
5269 5899
6312 5899
6312 7612
7725 7612
7725 3846
9408 3846
9408 865
7545 865
7545 7982
395 7982
395 3311
1817 3311
1817 1701
9341 1701
9341 135
2012 135
2012 1207
6348 1207
6348 8798
3452 8798
3452 4484
4563 4484
4563 3111
3461 3111
3461 6947
8888 6947
8888 3876
3791 3876
3791 9475
2258 9475
2258 9061
8570 9061
8570 3025
1726 3025
1726 2648
1135 2648
1135 9865
6871 9865
6871 8680
3618 8680
3618 8343
7848 8343
7848 5435
3541 5435
3541 1923
44 1923
44 5553
6392 5553
6392 703
3130 703
3130 9844
7694 9844
7694 2956
5187 2956
5187 7507
427 7507
427 1383
6255 1383
6255 4219
8513 4219
8513 9632
7211 9632
7211 3436
5289 3436
5289 2436
2657 2436
2657 6424
9528 6424
9528 1456
8653 1456
8653 3146
2853 3146
2853 4933
9800 4933
9800 6395
6196 6395
6196 8300
3208 8300
3208 2589
2691 2589
2691 8785
9004 8785
9004 6737
543 6737
543 596
1741 596
1741 971
7997 971
7997 1542
1979 1542
1979 2862
5542 2862
5542 2650
1174 2650
1174 832
3831 832
3831 3608
5086 3608
5086 9711
3740 9711
3740 9209
1417 9209
1417 2945
7569 2945
7569 9340
494 9340
494 3765
55 3765
55 6354
3993 6354
3993 2746
9349 2746
9349 5835
1492 5835
1492 6244
3233 6244
3233 3567
6431 3567
6431 7582
4762 7582
4762 6797
5109 6797
5109 305
6283 305
6283 1137
9447 1137
9447 6466
886 6466
886 2529
1097 2529
1097 978
2514 978
2514 3923
8090 3923
8090 83
8585 83
8585 201
9616 201
9616 8640
9961 8640
9961 7738
2907 7738
2907 9310
4399 9310
4399 1906
9925 1906
9925 3985
6356 3985
6356 7919
5474 7919
5474 1118
583 1118
583 7775
4716 7775
4716 3219
516 3219
516 6037
5264 6037
5264 1402
6362 1402
6362 8732
4919 8732
4919 5228
3009 5228
3009 5312
2655 5312
2655 1594
8623 1594
8623 6586
1865 6586
1865 8584
4772 8584
4772 4246
676 4246
676 9172
6953 9172
6953 3157
6153 3157
6153 3309
7979 3309
7979 780
1076 780
1076 8562
2145 8562
2145 8133
8555 8133
8555 2661
172 2661
172 415
523 415
523 6534
5442 6534
5442 1762
5499 1762
5499 4803
8154 4803
8154 2750
3426 2750
3426 3130
5291 3130
5291 8066
9336 8066
9336 6416
6365 6416
6365 5588
2313 5588
2313 3318
4818 3318
4818 2980
5097 2980
5097 2797
2525 2797
2525 7711
112 7711
112 4670
5019 4670
5019 7331
5845 7331
5845 5191
2720 5191
2720 1725
4098 1725
4098 4514
9597 4514
9597 9317
9840 9317
9840 4104
3266 4104
3266 3586
2067 3586
2067 4910
7756 4910
7756 1326
1652 1326
1652 473
3965 473
3965 3791
3266 3791
3266 8783
8363 8783
8363 1580
3123 1580
3123 888
3235 888
3235 5559
9292 5559
9292 8255
1489 8255
1489 3446
9242 3446
9242 4209
9693 4209
9693 5075
1524 5075
1524 5642
1364 5642
1364 9746
4392 9746
4392 982
6460 982
6460 2244
3332 2244
3332 568
4985 568
4985 1041
3570 1041
3570 5302
6836 5302
6836 4086
4832 4086
4832 1551
4308 1551
4308 2440
2018 2440
2018 7543
7662 7543
7662 2150
4351 2150
4351 9151
9945 9151
9945 9712
1949 9712
1949 9638
3473 9638
3473 1633
4787 1633
4787 1189
5532 1189
5532 8523
1379 8523
1379 8344
1064 8344
1064 8912
768 8912
768 6049
4338 6049
4338 7703
9953 7703
9953 7527
1137 7527
1137 5430
1789 5430
1789 5445
160 5445
160 9341
7870 9341
7870 7822
8573 7822
8573 6974
1491 6974
1491 4871
3440 4871
3440 861
3038 861
3038 3265
4178 3265
4178 806
2494 806
2494 9710
3874 9710
3874 8054
9330 8054
9330 1290
98 1290
98 3691
6966 3691
6966 788
6919 788
6919 4667
1394 4667
1394 8056
9536 8056
9536 9854
98 9854
98 9696
4320 9696
4320 7518
9195 7518
9195 2894
686 2894
686 7765
844 7765
844 479
235 479
235 96
8626 96
8626 4413
7473 4413
7473 475
903 475
903 1347
6585 1347
6585 8989
8529 8989
8529 6683
1847 6683
1847 3823
2680 3823
2680 5118
4074 5118
4074 3174
8491 3174
8491 3610
8589 3610
8589 9658
9380 9658
9380 2909
8575 2909
8575 2155
3529 2155
3529 5614
725 5614
725 2445
6272 2445
6272 960
1251 960
1251 1725
2541 1725
2541 8724
9796 8724
9796 6423
2200 6423
2200 6381
7081 6381
7081 9416
5412 9416
5412 8928
8092 8928
8092 4046
9592 4046
9592 2166
8083 2166
8083 2129
3573 2129
3573 3024
2953 3024
2953 2285
1787 2285
1787 7881
5316 7881
5316 3495
4441 3495
4441 6042
713 6042
713 3354
5940 3354
5940 1964
4833 1964
4833 688
5080 688
5080 982
3632 982
3632 3715
3463 3715
3463 714
8875 714
8875 5994
3132 5994
3132 6967
2724 6967
2724 9134
6393 9134
6393 7159
6318 7159
6318 183
7615 183
7615 9271
9402 9271
9402 3504
2468 3504
2468 1071
3261 1071
3261 3465
6999 3465
6999 3975
9291 3975
9291 2291
6819 2291
6819 4125
8251 4125
8251 5107
9332 5107
9332 8236
2795 8236
2795 8950
8822 8950
8822 1671
8306 1671
8306 4990
1296 4990
1296 7382
7689 7382
7689 893
476 893
476 4007
8091 4007
8091 9631
1076 9631
1076 7494
9897 7494
9897 4917
3135 4917
3135 9510
6487 9510
6487 9837
8382 9837
8382 5778
1553 5778
1553 6255
2129 6255
2129 9805
7813 9805
7813 8041
1362 8041
1362 6960
6537 6960
6537 4983
3343 4983
3343 1195
4639 1195
4639 8578
9974 8578
9974 8681
450 8681
450 9040
9471 9040
9471 8542
6900 8542
6900 2388
8671 2388
8671 3149
8159 3149
8159 2659
7305 2659
7305 4646
5687 4646
5687 424
2497 424
2497 7240
978 7240
978 3397
3032 3397
3032 5143
4394 5143
4394 2103
7790 2103
7790 7283
7485 7283
7485 8479
7087 8479
7087 8477
7061 8477
7061 7158
3409 7158
3409 7511
9232 7511
9232 2405
6198 2405
6198 2484
1222 2484
1222 5633
4793 5633
4793 9381
2098 9381
2098 4027
4645 4027
4645 4137
3494 4137
3494 1378
803 1378
803 824
3835 824
3835 5967
1127 5967
1127 4582
8918 4582
8918 8217
4422 8217
4422 2755
1509 2755
1509 1232
6696 1232
6696 4922
6457 4922
6457 8786
8390 8786
8390 5690
941 5690
941 8174
1191 8174
1191 2163
2337 2163
2337 7896
160 7896
160 4435
1157 4435
1157 8573
8275 8573
8275 4651
5430 4651
5430 1827
6303 1827
6303 9266
7430 9266
7430 200
7794 200
7794 2700
2216 2700
2216 5456
8417 5456
8417 78
1466 78
1466 1352
3040 1352
3040 4275
7783 4275
7783 9965
138 9965
138 8724
7682 8724
7682 7239
4492 7239
4492 19
1004 19
1004 806
5135 806
5135 2161
9762 2161
9762 3164
9379 3164
9379 5192
2034 5192
2034 810
4991 810
4991 5817
9137 5817
9137 8517
1010 8517
1010 1353
5780 1353
5780 7783
325 7783
325 3598
3366 3598
3366 7873
9136 7873
9136 1149
9274 1149
9274 6225
4191 6225
4191 3308
8683 3308
8683 3327
9816 3327
9816 6039
1303 6039
1303 4552
4134 4552
4134 1065
9865 1065
9865 6257
7716 6257
7716 1900
9059 1900
9059 7717
7068 7717
7068 8196
4430 8196
4430 5901
2586 5901
2586 6562
9264 6562
9264 160
3685 160
3685 8982
9173 8982
9173 6483
4386 6483
4386 4799
8577 4799
8577 8108
2708 8108
2708 3612
2524 3612
2524 9651
1435 9651
1435 179
1921 179
1921 1244
4203 1244
4203 1787
8271 1787
8271 39
3853 39
3853 7330
7273 7330
7273 5526
4108 5526
4108 1704
6694 1704
6694 4618
1427 4618
1427 2310
1464 2310
1464 1292
4779 1292
4779 637
5517 637
5517 5437
7775 5437
7775 4094
483 4094
483 7706
3545 7706
3545 9359
1332 9359
1332 5890
3709 5890
3709 9606
7912 9606
7912 7745
7134 7745
7134 6183
988 6183
988 9865
7784 9865
7784 8261
8244 8261
8244 6317
5391 6317
5391 4938
3170 4938
3170 3601
936 3601
936 4635
2067 4635
2067 1624
4893 1624
4893 7584
2669 7584
2669 8030
7061 8030
7061 9504
6958 9504
6958 5216
5736 5216
5736 4643
5797 4643
5797 4249
1106 4249
1106 61
4593 61
4593 2596
1994 2596
1994 1933
6130 1933
6130 194
2461 194
2461 4374
4204 4374
4204 5664
2864 5664
2864 7374
152 7374
152 8361
9265 8361
9265 8571
4159 8571
4159 2507
6338 2507
6338 3180
3399 3180
3399 2684
537 2684
537 6710
2625 6710
2625 1353
4252 1353
4252 8422
1711 8422
1711 8483
5602 8483
5602 6304
3948 6304
3948 8237
1079 8237
1079 78
9892 78
9892 4452
4783 4452
4783 4096
3999 4096
3999 7822
116 7822
116 4151
9382 4151
9382 2722
6184 2722
6184 9893
2522 9893
2522 3073
5229 3073
5229 2273
2118 2273
2118 5335
2109 5335
2109 4743
6362 4743
6362 3165
6688 3165
6688 8073
8642 8073
8642 729
8000 729
8000 8942
5431 8942
5431 9020
8966 9020
8966 1675
101 1675
101 5771
3472 5771
3472 4101
9941 4101
9941 8252
3594 8252
3594 9323
6130 9323
6130 9216
7327 9216
7327 5004
8908 5004
8908 3629
8641 3629
8641 1027
750 1027
750 5770
8965 5770
8965 3464
2005 3464
2005 7889
5288 7889
5288 648
9640 648
9640 5942
8618 5942
8618 1424
3936 1424
3936 3099
4963 3099
4963 4038
4787 4038
4787 8139
5223 8139
5223 4728
8817 4728
8817 4051
2743 4051
2743 1299
70 1299
70 2655
9619 2655
9619 5331
8260 5331
8260 6358
6284 6358
6284 5363
5249 5363
5249 8827
8480 8827
8480 7255
120 7255
120 4255
6717 4255
6717 6113
5335 6113
5335 7537
197 7537
197 9272
1512 9272
1512 3310
636 3310
636 6300
2211 6300
2211 1028
7801 1028
7801 7380
544 7380
544 8679
1432 8679
1432 6967
7403 6967
7403 8650
1334 8650
1334 2016
3971 2016
3971 7379
1360 7379
1360 9220
9840 9220
9840 2827
6206 2827
6206 6313
2923 6313
2923 2426
3434 2426
3434 4611
9984 4611
9984 3883
6315 3883
6315 1496
3303 1496
3303 4148
3545 4148
3545 5515
7698 5515
7698 2895
5177 2895
5177 4594
2961 4594
2961 7913
7927 7913
7927 6716
5613 6716
5613 8732
6563 8732
6563 9584
7923 9584
7923 8805
6111 8805
6111 4116
8670 4116
8670 6781
7984 6781
7984 7945
1419 7945
1419 2556
9207 2556
9207 7755
5522 7755
5522 9251
2791 9251
2791 8825
2688 8825
2688 692
3400 692
3400 386
4929 386
4929 1333
3588 1333
3588 4242
1515 4242
1515 958
9246 958
9246 7128
2162 7128
2162 6713
6043 6713
6043 6437
8506 6437
8506 553
1870 553
1870 7176
6206 7176
6206 5122
7334 5122
7334 3977
2893 3977
2893 1732
4030 1732
4030 4767
6822 4767
6822 9945
7336 9945
7336 9510
736 9510
736 6249
637 6249
637 2017
4225 2017
4225 2611
7582 2611
7582 2092
3180 2092
3180 5573
9921 5573
9921 5342
5964 5342
5964 1780
8638 1780
8638 823
508 823
508 7999
8685 7999
8685 3066
2372 3066
2372 7044
9473 7044
9473 5265
