75
31
10
73
25
68
79
18
32
33
85
5
84
45
99
29
19
1
18
78
50
57
60
33
85
21
36
32
86
39
14
3
79
30
68
71
38
3
42
17
66
83
95
91
31
16
36
52
80
70
89
71
30
38
50
74
63
9
74
82
87
43
5
45
65
60
27
68
83
22
62
35
90
34
20
66
97
36
97
80
14
39
99
92
89
85
50
35
8
27
34
34
93
65
66
36
58
58
83
19
69
14
71
21
55
29
32
43
86
8
13
42
5
92
56
18
24
91
3
87
77
24
84
43
27
11
88
73
48
42
37
55
84
78
90
15
67
63
21
78
99
40
3
17
81
62
0
91
36
50
10
59
53
81
21
98
0
82
14
21
15
86
97
54
71
77
37
23
6
69
2
46
0
22
30
39
41
79
51
18
62
1
53
80
19
85
0
17
72
72
56
37
48
25
15
30
16
66
30
84
89
22
59
75
67
33
47
79
91
95
49
30
56
81
84
73
83
63
92
46
90
7
25
84
50
28
75
66
11
19
35
99
98
53
0
13
26
98
43
38
50
58
17
73
49
