3
3
12
5
13
19
16
16
5
0
3
5
2
3
19
13
5
10
2
8
1
13
17
18
1
15
18
7
4
13
7
9
11
5
7
8
18
9
8
0
17
17
12
10
2
13
6
14
17
8
2
6
0
4
7
18
13
7
8
3
8
14
15
1
11
9
16
1
2
14
9
13
7
12
15
10
10
18
14
10
12
9
4
1
10
8
0
3
7
13
2
8
2
11
7
14
10
3
1
5
2
14
17
19
0
5
1
18
7
0
1
5
12
7
19
1
0
18
16
19
12
3
6
15
5
2
0
19
1
2
16
16
14
17
13
18
9
16
7
15
8
4
2
7
5
19
17
7
14
1
2
15
6
16
14
6
14
9
14
1
19
9
1
7
10
5
7
0
19
9
14
18
12
6
3
5
6
11
0
18
6
11
16
17
11
7
5
3
6
16
7
19
4
15
8
15
4
17
15
5
18
0
4
12
11
14
8
19
1
5
19
14
6
14
16
6
6
17
0
1
11
2
18
15
17
13
8
16
4
0
17
13
18
6
11
17
11
13
5
1
6
14
8
13
18
18
12
17
16
