13
4 1 108
8 2 148
12 3 89
11 4 178
2 5 113
8 6 116
5 7 118
11 9 120
11 10 111
8 11 157
5 12 114
6 13 98
100
11 10 
2 1 
9 4 
1 9 
8 5 
8 1 
12 9 
7 3 
4 1 
7 11 
3 1 
6 12 
6 7 
7 10 
10 6 
6 8 
1 10 
13 8 
1 3 
7 6 
3 11 
3 10 
1 12 
8 1 
9 10 
8 4 
12 10 
9 6 
2 1 
13 9 
4 12 
12 4 
10 1 
5 4 
12 11 
12 3 
2 10 
2 4 
12 7 
11 2 
9 5 
3 1 
10 12 
3 8 
3 9 
5 2 
9 2 
12 13 
12 11 
6 8 
7 8 
8 6 
11 7 
5 6 
10 5 
1 3 
12 13 
8 6 
13 9 
7 11 
12 11 
1 8 
5 10 
6 1 
3 1 
8 3 
4 13 
8 9 
9 8 
4 9 
3 5 
3 6 
8 6 
2 10 
8 4 
6 5 
10 2 
3 13 
1 9 
1 11 
9 11 
6 9 
12 9 
1 3 
7 4 
12 5 
1 9 
4 8 
2 12 
13 10 
4 8 
8 4 
2 4 
4 3 
5 6 
2 9 
4 11 
13 9 
13 11 
3 1 