20
200 196
185 106 25 23 44 4 150 84 57 70 79 194 173 98 29 6 54 57 114 41 174 43 71 64 159 140 118 80 165 119 114 45 11 19 136 6 96 104 135 98 93 166 15 18 81 198 111 92 41 145 46 73 84 166 92 151 66 140 140 118 187 9 5 8 149 75 110 200 24 134 128 145 22 114 45 175 158 39 144 113 42 23 176 14 85 2 200 15 59 5 99 122 56 86 47 133 141 186 164 191 95 58 147 56 146 54 98 39 9 180 75 90 136 12 150 161 88 93 81 190 139 72 11 138 190 54 124 184 28 19 100 34 179 69 166 199 130 59 161 62 91 4 130 90 129 60 43 190 113 149 49 81 22 189 112 121 65 52 117 33 147 151 106 101 194 22 185 41 58 198 132 34 177 135 128 88 114 115 156 30 50 40 140 59 180 42 109 173 8 128 109 122 61 13 6 18 75 69 170 139 
200 178
183 15 33 199 34 122 174 132 64 162 116 148 122 31 18 126 167 165 67 114 141 149 160 105 160 130 152 2 138 84 23 54 52 133 94 103 96 81 92 170 116 156 58 120 17 192 101 95 108 86 72 125 58 95 42 123 142 1 9 153 132 101 75 145 11 71 51 73 83 186 155 6 183 72 75 191 151 13 5 59 85 190 160 4 155 136 187 139 4 179 164 133 162 156 89 142 157 6 34 2 113 188 159 25 161 59 32 88 200 165 69 59 113 24 10 57 172 89 134 73 92 132 164 52 184 16 22 113 148 144 165 118 179 184 143 10 130 130 60 70 177 54 116 167 140 35 122 82 134 123 67 57 133 170 169 126 2 191 185 110 163 58 164 122 66 16 153 119 156 64 82 163 70 178 38 49 55 35 83 41 115 189 189 199 162 3 8 126 15 26 123 73 102 116 16 61 57 85 48 157 
200 162
141 146 3 180 126 120 117 24 89 126 45 4 188 186 11 143 146 124 106 56 37 162 117 154 200 19 181 80 108 7 111 111 14 81 36 188 99 12 177 173 154 136 182 182 126 142 50 114 183 92 177 138 76 85 7 68 174 172 126 40 64 81 56 77 21 42 149 101 79 165 111 42 73 106 152 108 140 40 120 139 176 71 30 191 113 55 12 200 88 181 167 63 131 83 99 102 73 193 69 199 69 84 190 15 198 31 79 99 36 117 110 171 177 73 77 156 37 121 24 81 9 28 129 37 127 87 39 133 61 89 139 39 14 188 173 145 36 153 53 87 178 154 26 107 143 24 138 129 185 46 87 145 106 3 115 139 167 72 21 140 96 94 145 25 171 194 14 177 137 16 128 17 105 180 117 19 112 56 151 67 101 26 44 42 31 60 135 198 66 70 121 10 122 168 137 84 173 9 50 114 
200 111
160 182 11 108 197 20 26 23 100 162 74 25 173 56 155 59 30 107 102 193 164 115 33 107 69 24 95 161 33 79 82 160 16 104 174 33 8 27 51 145 72 21 99 20 7 24 95 41 140 117 112 30 162 105 65 76 172 29 86 117 169 180 65 54 10 199 8 144 182 171 63 175 171 173 99 60 14 169 67 146 72 77 161 198 30 139 168 182 15 177 177 114 107 112 69 21 100 80 81 61 59 140 185 126 63 72 52 151 149 109 171 96 46 16 50 172 172 69 96 42 200 164 150 199 49 72 193 141 8 46 6 150 169 122 47 193 145 96 155 2 52 68 178 110 180 158 165 55 148 35 190 193 22 150 34 114 125 200 40 68 71 25 155 127 46 103 34 144 55 28 186 33 193 48 50 154 104 132 12 89 22 192 124 44 199 65 48 100 68 64 116 188 38 25 154 161 121 132 4 159 
200 170
78 186 131 197 118 9 144 67 43 1 127 199 76 161 86 138 19 72 87 119 129 36 132 66 51 126 144 125 194 191 94 71 97 7 75 58 33 173 38 48 182 40 138 169 200 110 88 72 94 12 178 151 189 176 181 105 28 138 178 87 126 168 191 139 148 69 54 49 84 2 60 113 93 145 131 62 147 101 129 126 96 56 108 177 133 33 160 177 75 154 6 61 51 182 184 132 117 190 152 53 176 123 1 20 190 97 98 102 184 71 51 122 124 91 6 72 107 188 152 12 195 17 160 8 140 158 118 142 114 131 38 10 27 74 175 2 53 1 111 152 108 62 147 192 15 110 103 82 82 100 162 145 114 7 160 49 171 2 104 150 114 170 142 123 57 96 33 158 183 101 80 199 102 110 133 138 134 186 99 138 159 35 21 187 125 178 40 55 45 131 179 65 106 42 171 72 149 100 63 144 
200 96
157 131 117 53 1 186 185 46 22 76 131 8 76 88 67 90 62 148 142 18 122 136 5 21 98 72 120 63 79 110 18 24 172 10 153 111 133 198 130 181 110 13 94 24 90 148 59 104 85 30 113 125 135 178 174 10 183 154 135 14 10 54 133 189 140 193 53 178 6 159 62 63 64 26 178 143 172 140 80 116 28 12 140 32 49 63 115 5 186 47 133 99 150 107 75 114 57 197 139 123 103 180 122 177 31 94 119 46 193 55 67 28 121 7 139 128 190 104 117 16 157 166 24 107 161 112 68 1 12 166 105 140 67 172 95 67 183 161 127 179 180 84 84 48 157 52 45 49 155 139 45 198 142 146 60 184 72 3 49 49 43 8 23 96 199 94 195 99 36 49 25 14 199 23 57 2 57 41 193 63 124 54 34 25 115 137 118 137 24 190 52 57 27 192 135 179 11 95 64 150 
200 49
4 154 31 92 121 136 162 79 84 20 27 67 29 94 161 131 169 95 169 133 56 31 174 125 149 60 111 61 86 156 65 188 78 53 107 132 160 50 178 176 130 26 87 8 45 77 165 81 54 8 18 162 119 101 116 45 177 171 183 64 89 92 39 181 131 25 68 21 20 33 129 28 162 158 32 162 90 179 160 107 199 66 98 5 170 126 104 191 22 140 125 148 78 117 78 128 123 122 172 120 162 168 150 69 114 2 16 134 189 13 188 189 94 36 102 43 179 149 150 76 3 44 73 19 72 31 145 118 51 16 127 173 93 168 70 188 118 52 59 180 15 22 5 54 182 32 195 167 33 102 48 37 6 185 28 8 65 22 127 37 32 174 98 155 39 49 91 189 121 170 2 150 94 104 24 105 71 58 44 21 52 55 55 46 7 77 149 60 28 96 166 125 88 46 189 185 124 9 187 167 
200 28
179 101 120 59 117 25 175 63 125 154 56 137 154 124 197 117 53 145 56 30 119 5 146 176 97 133 142 197 162 17 34 153 50 33 47 10 89 100 13 2 20 131 117 115 176 58 39 137 188 177 16 81 151 61 114 196 7 73 90 132 146 32 13 128 3 179 150 40 12 86 84 32 153 27 176 198 123 103 169 31 114 35 107 40 147 82 166 163 75 162 7 22 10 153 14 153 45 85 156 9 2 169 19 19 82 199 10 104 52 166 19 109 131 33 109 44 185 99 70 116 102 162 166 75 57 143 195 62 132 117 78 178 99 115 147 135 166 154 31 15 9 128 116 194 31 129 189 37 146 76 39 163 13 94 128 171 32 41 172 18 121 101 145 178 160 28 71 82 107 17 16 22 187 5 154 86 191 77 74 89 144 185 126 50 121 154 64 8 34 51 62 84 147 75 83 62 140 51 92 75 
200 197
118 141 31 90 41 7 189 41 68 187 171 75 144 12 143 135 88 13 136 116 42 152 155 107 83 80 197 176 180 24 12 71 155 25 133 141 22 104 101 32 13 32 157 35 163 30 157 3 107 83 165 56 49 100 113 15 1 78 176 4 54 84 98 86 28 92 179 28 162 25 130 14 186 138 137 29 120 88 28 135 29 160 149 122 37 60 87 55 123 43 55 136 123 70 147 72 171 200 159 13 84 43 75 139 41 20 181 67 163 45 197 119 104 139 135 21 164 23 18 119 122 102 59 123 60 76 163 80 199 165 162 102 32 109 95 186 29 86 28 14 9 94 133 84 176 51 35 21 22 58 104 134 128 51 30 94 24 120 13 34 85 71 150 31 186 187 6 161 73 8 195 187 138 153 177 185 173 57 152 174 137 104 18 69 97 8 85 41 76 51 20 58 116 94 137 143 46 156 101 65 
200 43
43 93 30 145 30 160 43 82 148 175 81 61 14 156 133 41 151 12 72 133 8 195 195 37 22 82 142 169 134 91 49 3 197 38 23 19 35 3 180 97 83 114 180 168 174 94 12 32 120 62 68 178 46 72 133 165 77 27 87 173 43 9 24 200 23 93 111 164 102 67 106 4 123 190 26 177 59 166 69 189 76 171 91 192 27 105 122 138 91 14 155 97 48 92 75 15 124 83 57 162 7 32 170 182 191 32 40 188 100 68 165 63 159 38 23 2 186 11 62 12 126 190 90 129 102 13 189 92 45 108 156 158 47 51 198 103 138 177 151 10 35 75 129 151 43 37 72 152 73 96 7 55 65 178 158 76 153 125 150 141 94 92 67 89 132 166 18 111 159 94 77 111 172 99 62 134 160 13 73 181 197 120 30 30 132 104 14 142 27 46 140 105 16 56 200 17 171 157 66 2 
200 175
25 121 132 82 25 10 113 114 40 15 46 173 82 183 113 147 136 150 156 192 48 171 51 87 190 104 167 139 184 42 185 159 56 152 24 117 131 16 31 174 38 27 29 145 125 88 89 26 79 188 199 108 83 157 126 31 88 38 172 114 109 174 101 164 20 85 156 102 181 162 194 71 25 31 119 81 133 187 151 159 141 83 66 82 105 181 189 100 23 52 43 61 105 25 87 43 62 47 45 192 158 93 177 30 134 4 105 180 116 35 50 46 100 183 36 7 133 82 68 125 39 103 69 88 165 85 48 52 54 10 89 69 56 163 148 49 32 131 36 109 146 119 123 72 48 190 199 14 72 182 48 121 42 11 145 168 167 138 33 195 35 25 71 120 192 34 139 182 56 28 4 83 78 183 156 62 83 97 87 182 49 171 199 140 74 83 89 87 111 155 57 200 53 26 71 165 153 67 175 145 
200 38
22 101 132 144 17 124 136 145 129 108 137 194 195 110 21 194 106 155 132 155 33 151 132 56 193 189 68 115 148 32 136 95 197 164 114 13 4 90 151 142 120 180 30 1 112 151 190 32 43 137 56 199 66 126 119 181 1 96 156 12 147 92 105 77 66 176 181 72 35 27 65 113 33 128 76 171 52 39 30 15 193 89 121 79 123 108 36 72 38 71 20 79 196 6 137 127 174 30 105 42 34 78 84 189 118 194 60 128 51 132 188 197 60 181 133 154 69 74 136 190 185 30 129 47 5 36 101 192 89 110 147 178 74 147 132 179 73 147 7 30 4 35 90 41 79 28 135 47 142 3 114 47 119 146 198 183 166 165 166 169 135 48 20 50 68 129 116 108 40 146 200 56 123 145 112 157 147 160 133 22 26 92 42 112 98 66 134 154 143 118 96 164 178 106 86 80 168 88 29 86 
200 110
142 137 139 75 155 40 113 100 96 61 189 159 152 96 58 152 21 172 196 188 89 149 162 126 38 79 18 135 93 97 133 27 196 136 43 111 102 87 34 52 142 160 167 169 91 134 133 14 200 98 15 106 90 21 98 60 37 58 128 173 9 152 154 173 122 71 143 45 1 39 136 143 80 116 130 29 161 194 113 183 176 73 17 10 178 6 18 153 185 93 146 78 142 149 100 41 141 72 126 67 171 115 106 82 74 49 112 3 102 91 15 24 20 98 37 20 36 55 117 168 12 157 186 23 29 108 100 93 199 150 175 39 24 140 100 30 104 158 1 198 162 153 78 95 168 39 9 182 99 26 22 70 159 75 112 106 198 143 28 60 68 98 23 187 181 54 45 39 190 27 54 18 127 110 4 114 57 102 95 137 88 141 164 33 120 108 159 178 90 103 155 167 127 62 173 72 49 28 133 197 
200 70
11 10 166 150 197 51 99 75 44 154 195 162 15 156 162 86 107 163 166 65 199 160 10 133 174 85 182 36 5 3 29 54 145 123 15 170 16 92 76 121 90 188 107 53 84 72 37 169 5 189 132 151 45 167 108 103 42 52 90 181 134 51 138 100 86 73 181 95 98 161 24 104 113 57 177 97 25 116 9 19 193 10 100 60 113 119 53 188 195 154 124 166 54 95 29 118 73 167 123 136 172 161 79 10 178 59 101 183 198 89 95 166 51 136 55 36 3 130 169 56 153 91 47 111 31 66 104 28 158 20 23 42 19 89 176 191 190 29 134 17 1 153 31 34 167 72 65 76 16 59 149 18 130 146 30 55 165 118 110 53 168 54 62 139 172 77 109 120 9 121 1 5 59 133 119 56 123 67 170 30 37 20 24 23 128 61 18 1 53 69 89 71 90 76 159 20 62 177 18 64 
200 6
114 9 6 84 89 187 21 106 199 130 119 19 91 114 161 162 117 88 155 167 175 4 102 23 6 141 161 78 132 157 24 159 72 6 105 177 24 195 159 106 121 165 197 111 26 19 22 55 187 175 93 190 116 167 166 63 122 127 37 139 71 39 48 117 65 116 103 135 95 26 3 9 36 138 45 53 16 38 61 175 174 4 117 142 79 144 160 86 56 91 23 180 43 81 184 199 173 27 73 53 84 99 43 148 139 104 146 110 131 89 146 199 57 68 110 175 170 12 14 190 190 21 67 108 105 75 64 113 111 6 157 186 19 69 113 106 137 168 148 42 100 122 153 68 98 44 174 3 43 63 105 50 81 105 132 108 122 156 192 18 93 3 127 116 79 11 9 173 65 174 43 39 110 104 60 57 7 46 136 136 96 164 109 162 139 187 150 5 64 85 192 76 19 137 51 40 163 42 8 72 
200 104
83 125 149 37 94 159 79 152 95 87 176 182 17 88 54 135 116 155 43 60 67 95 131 49 153 167 53 54 155 90 193 141 85 4 78 94 143 86 8 166 62 79 32 23 175 76 172 25 1 139 23 45 186 18 176 76 96 47 93 161 71 113 122 85 150 138 46 152 127 110 26 167 77 159 131 37 90 10 99 175 11 34 103 61 187 43 11 2 190 103 151 127 118 120 171 35 77 42 94 28 30 21 86 170 177 166 68 181 179 187 109 40 179 4 13 31 102 68 145 185 55 64 55 109 103 186 109 26 144 74 137 8 69 65 42 7 57 94 176 5 158 8 126 149 131 11 127 41 107 103 27 81 181 43 200 37 58 161 50 168 98 15 180 78 128 40 153 134 124 50 43 121 191 128 62 140 67 197 193 169 28 103 134 119 135 38 74 78 76 71 126 27 53 82 60 117 61 183 95 186 
200 13
91 95 159 100 186 167 59 96 146 98 84 66 172 66 188 82 127 146 12 70 11 97 180 163 70 83 150 48 89 100 171 53 70 125 50 191 156 165 64 7 54 105 118 190 6 175 185 61 197 145 5 122 53 64 159 93 76 35 106 14 168 33 11 60 4 24 101 106 62 41 105 134 54 118 195 194 168 81 49 24 29 77 37 120 31 45 21 165 13 40 80 115 130 32 121 174 112 93 69 194 157 17 200 99 71 134 170 196 61 96 178 117 139 32 72 159 149 65 183 190 88 169 157 57 130 4 44 121 22 74 140 139 55 67 6 67 82 163 158 145 196 148 119 12 26 146 13 36 45 144 17 3 113 110 23 35 71 125 150 39 189 50 134 81 17 45 114 34 140 86 141 47 104 123 25 169 67 160 113 195 41 195 123 52 172 109 31 70 81 70 51 69 87 185 17 68 92 26 151 172 
200 150
164 145 46 37 78 65 2 48 168 45 158 141 104 51 182 122 57 178 36 190 135 134 100 51 152 50 148 200 87 129 7 21 137 77 167 87 122 24 97 96 129 122 36 27 14 55 177 171 146 36 26 185 164 1 121 53 177 151 54 180 147 96 101 100 170 104 98 151 125 112 165 172 119 23 42 136 142 100 183 184 172 54 165 200 195 50 22 55 54 142 121 187 181 163 82 50 18 70 127 174 121 127 41 150 147 14 101 10 168 27 28 79 199 157 189 51 77 172 78 107 63 16 178 168 106 197 76 36 173 159 73 177 10 51 11 187 102 26 127 140 29 8 26 145 91 189 113 90 66 92 177 108 175 26 196 10 8 99 78 145 159 154 45 95 49 10 92 26 71 139 188 78 51 131 143 2 81 163 95 42 183 69 142 135 115 29 106 77 180 130 66 5 155 95 183 180 76 89 7 17 
200 17
188 24 153 200 36 189 188 181 148 165 113 183 20 177 92 8 22 2 86 71 171 144 76 133 15 127 91 182 26 78 31 23 148 66 99 14 10 143 91 182 39 105 149 91 163 134 151 172 61 52 134 145 94 48 7 157 134 118 156 18 39 119 82 85 116 173 50 14 11 6 199 64 137 118 20 116 64 89 119 79 90 8 162 162 88 190 199 190 175 134 177 47 158 149 198 2 138 36 49 158 42 177 176 87 110 52 90 107 90 74 62 11 122 22 181 19 17 139 190 168 15 111 21 134 37 189 126 103 50 174 113 84 139 59 55 142 60 69 44 107 122 6 129 84 78 182 176 99 135 18 91 23 25 79 32 90 77 87 182 164 102 100 35 45 102 200 30 84 156 160 154 137 120 90 106 31 194 72 164 12 180 48 20 102 150 143 153 187 81 73 22 30 38 191 163 71 3 80 34 175 
200 107
91 157 59 42 182 51 45 1 47 173 35 55 187 13 101 63 106 175 136 61 193 166 7 50 133 57 39 125 9 54 27 178 90 157 31 122 85 167 25 98 165 179 159 62 157 14 43 140 53 170 198 44 163 172 66 200 158 191 52 121 55 60 179 17 33 115 87 5 159 56 128 28 6 69 50 47 145 9 95 59 200 88 92 5 124 183 56 49 69 148 117 81 130 114 156 101 67 68 156 181 177 66 179 174 58 159 55 163 60 81 38 198 130 1 5 160 88 22 37 108 82 82 13 14 79 81 13 154 140 61 107 81 1 104 21 75 186 141 79 173 53 54 112 9 169 24 184 101 46 5 150 68 142 125 20 45 51 47 134 170 33 43 141 106 65 147 121 36 34 138 78 134 99 138 112 63 130 144 145 38 53 38 121 11 46 38 49 137 110 18 81 154 70 140 92 136 81 91 50 92 
