10
1000000 2
420 69
123 523 1234232 512323
69 420
1234 125123 12342 123492
6969 1337
2938 2398 21234 121423
1000000 2
420 69
123 523 1234232 512323
69 420
1234 125123 12342 123492
6969 1337
2938 2398 21234 121423
1000000 2
420 69
123 523 1234232 512323
69 420
1234 125123 12342 123492
6969 1337
2938 2398 21234 121423
1000000 2
420 69
123 523 1234232 512323
69 420
1234 125123 12342 123492
6969 1337
2938 2398 21234 121423
1000000 2
420 69
123 523 1234232 512323
69 420
1234 125123 12342 123492
6969 1337
2938 2398 21234 121423
1000000 2
420 69
123 523 1234232 512323
69 420
1234 125123 12342 123492
6969 1337
2938 2398 21234 121423
1000000 2
420 69
123 523 1234232 512323
69 420
1234 125123 12342 123492
6969 1337
2938 2398 21234 121423
1000000 2
420 69
123 523 1234232 512323
69 420
1234 125123 12342 123492
6969 1337
2938 2398 21234 121423
1000000 2
420 69
123 523 1234232 512323
69 420
1234 125123 12342 123492
6969 1337
2938 2398 21234 121423
1000000 2
420 69
123 523 1234232 512323
69 420
1234 125123 12342 123492
6969 1337
2938 2398 21234 121423
1000000 2
420 69
123 523 1234232 512323
69 420
1234 125123 12342 123492
6969 1337
2938 2398 21234 121423
