200 210
133 143
62 129
100 108
152 56
56 119
111 151
43 105
108 193
130 166
169 132
117 47
172 68
180 23
149 192
164 169
151 27
190 24
35 120
144 110
62 84
163 101
110 36
76 31
129 197
75 91
190 144
134 25
29 30
127 126
143 134
104 160
149 20
56 132
172 13
90 109
119 5
95 49
127 119
97 24
196 49
156 184
93 45
7 106
109 154
152 65
183 138
1 90
130 137
195 56
163 11
27 42
106 168
12 1
110 80
58 171
131 14
47 164
197 25
38 131
18 87
151 187
113 179
195 150
150 113
162 134
73 147
121 30
140 157
78 126
103 197
8 93
188 38
85 93
188 120
11 146
187 110
9 87
68 103
73 100
74 105
183 152
170 187
102 10
105 110
0 196
142 185
60 47
124 131
158 186
19 0
15 55
82 74
61 6
2 68
165 70
118 123
89 106
119 130
55 132
193 174
195 10
73 55
130 95
45 105
94 148
73 153
74 160
141 156
44 143
40 137
79 135
149 129
10 7
17 55
187 173
26 45
112 172
195 153
53 183
117 55
17 176
77 176
199 54
128 2
161 55
70 116
94 181
130 80
4 186
159 7
154 79
102 165
53 132
36 32
163 17
107 183
110 67
116 146
119 128
71 107
56 120
153 128
154 30
77 48
120 4
14 10
119 125
98 131
101 109
151 22
17 52
124 95
71 153
25 178
16 142
197 88
132 117
4 143
195 149
7 136
102 167
45 163
140 198
96 51
7 167
197 178
50 9
130 160
116 161
93 9
153 98
130 34
143 89
88 31
92 1
74 94
93 165
149 165
137 58
41 48
143 29
15 189
9 188
154 43
101 71
116 164
77 112
5 11
12 182
92 123
1 124
4 37
2 4
163 191
73 175
106 159
26 96
59 163
158 177
84 147
156 148
5 54
194 159
30 123
83 24
47 2
47 76
49 192
188 104
133 158
