3000
194 7319
4485 5218
-1169 109
4007 949
4453 -5750
-2765 -7316
6777 35
-5144 -3205
-5982 7567
-2382 -2528
-5351 7930
-7853 9992
6218 -8069
-5295 3895
-5656 -3135
9554 7288
-7460 7999
-933 2072
1389 299
-1365 3274
-3823 -9446
6790 -8476
-9309 -7219
-5197 7583
5918 344
7302 6542
-926 -5461
606 9557
-520 -1396
3309 -2649
3630 -3397
-1733 8895
-4851 1920
-9542 -2436
-5212 -9780
-3030 7958
-4620 -7395
3252 -625
7229 -8341
7807 -7746
-8284 5512
3230 1524
-2693 -6692
8417 3778
-629 6371
-6180 5928
1780 -8877
6247 7562
8062 1389
-1289 9329
-7750 2666
-9421 3189
-3368 759
140 -2116
-7673 -6197
-5074 5120
2029 4752
-8813 3270
-5847 8657
-3664 -4788
-2009 2013
-4620 -4796
-7194 -4330
-105 5825
5557 -1189
6381 -7164
-4598 -1832
3387 -9925
-5593 -7804
5700 -7200
-155 1911
-5257 435
9179 6252
-8008 6740
-5495 9606
6942 -3062
-5888 -9127
4921 3622
-9731 6879
5111 9981
8301 4539
-6570 7656
-2043 2921
-6416 -9022
-1890 8154
5510 -5346
8360 -1841
4392 -6118
4305 1884
9771 -7453
4500 8352
9579 1438
6208 -6214
9599 -4714
-2274 7031
5417 -6504
-8127 3880
-5709 -4940
2301 1734
4626 -8635
-2949 -3274
-3671 -7028
9000 -6386
-7490 -4112
-4300 4409
-2633 -4603
-2655 2288
5139 -588
8132 8126
-6207 384
5361 7721
-932 7747
8853 -8916
1418 -6932
-4502 -8507
-3704 -8511
3724 -9967
605 5350
373 -8641
2709 9864
-9672 6019
6389 -9535
-3718 -2205
-515 6768
3914 1806
-7198 4730
-6285 7626
-5038 7474
7386 6412
-3599 -5882
-8552 -2266
1088 -9008
-2424 2241
8061 7986
2441 -4999
-5467 -5061
2321 151
-4550 -390
1037 5831
-7759 7601
-8080 1942
-4127 -5803
8032 8165
6724 -9559
-238 -5381
-4575 1877
-1533 -7885
596 -8561
5405 -8402
8659 -9625
5718 -8998
4381 2595
-4858 -9231
-6061 -6727
-279 -8295
7735 -2757
-5894 3426
-773 -1927
5370 -5766
6460 8804
5004 -2826
1709 4296
2305 -4634
9237 -2515
3019 636
5191 2051
8203 -4742
7986 -6783
-9849 -6290
2525 -4841
-9736 3911
-3504 -3186
-3930 987
-1702 4825
9822 3362
3716 4178
-1471 -6637
6138 6457
-962 9090
-6689 -9973
-753 5045
9634 -3151
-5378 -7586
-6908 -993
-4042 7971
-3668 -3265
19 -6004
3791 4185
8386 557
-6351 -3056
9038 -6585
7535 9756
-1197 -5038
9288 8747
4883 -388
-292 -5612
-5245 -6341
2481 -770
7554 5987
-2154 3634
3421 8245
-1588 -5772
380 8727
7028 -2663
8358 -1979
5274 -6554
-9743 7601
9641 1199
-717 8143
9053 -3334
5962 -2189
8006 -4589
-8987 -9499
8737 -6234
6468 561
-1074 6420
965 303
-3017 25
4802 -9700
-2098 4415
-813 -116
-4856 9413
2104 -620
-4130 8186
5918 -8822
4061 -8825
-4619 7543
-2160 1735
-8905 1475
-3029 -4869
6334 4130
-516 550
9557 -3201
-2820 -2739
9893 4242
3303 -3245
7432 -2887
8949 -9297
1283 -2520
3651 5884
7916 6173
-8020 -2644
-8455 -8752
5327 1607
-5428 -9708
1161 -5440
4002 -1771
-9416 1253
9894 5341
5580 2737
2134 -5339
-3662 4967
-5268 9079
8767 5798
-8706 -752
-252 -957
-222 -8254
8209 7825
-3759 -1051
5769 1482
-1699 -4550
8612 -226
4713 -7741
2431 -9906
2344 9450
4501 -7337
8156 -9390
-9102 -202
-977 5031
-4277 -3970
3540 3988
9719 9602
-9129 -1274
8918 987
-6398 -3895
-70 8925
1436 435
-3748 -9837
7769 -9960
-5128 -5709
8533 -6257
-2752 385
-9748 5766
-8849 -1085
-227 -7979
-1670 6762
7431 -5792
8590 -9314
-5550 2908
6762 9717
1148 6383
-551 -5636
-16 -2984
8217 5973
-5752 -471
345 6136
-8109 -9422
148 7136
2650 -668
-1133 -2735
2014 -9569
-4903 -7444
-3330 -4310
8891 -5642
594 -3287
-46 5269
1095 -7061
1757 -5339
1724 3748
9104 5290
-5880 -1654
6381 -7162
-7635 -6330
4813 6255
8956 -3216
-234 -8952
-9608 -2752
-8903 3873
-3720 -5015
6356 2392
-6373 2321
8958 -6107
-9372 1484
7704 1331
211 5692
-7044 -688
-1708 -8937
1394 -8029
-1946 -9746
6315 -6023
7368 -8967
-4968 -4360
6063 -1889
3478 883
715 7522
-1816 452
-9502 3495
5728 5431
-4148 3554
-9022 -1892
373 7985
3230 2606
-8518 882
-2407 -4635
2286 9225
695 -361
-7298 -9639
3196 3764
-3323 274
554 6078
-1712 -416
3878 -2080
1511 -1909
6661 -1761
-5722 -3100
2479 3908
6842 8568
3350 7302
2468 6694
1140 2380
1399 -9254
1729 -9087
-3301 -2990
1901 -2424
1999 163
-5969 1099
7742 -635
-9912 -615
4671 2229
-9797 -892
992 -5203
8855 -9314
-4986 5743
7561 4142
-6172 -4072
8442 1146
-1489 7334
-7246 -6692
1419 -8515
-8806 -2108
6448 -9976
4320 1995
6322 -3175
-9613 1667
-4050 -3256
6171 1321
7457 -460
7604 3563
-8479 -1960
-7631 -8280
-4025 5592
9536 -2789
-1047 -2634
-9917 3703
-3588 1552
-2168 -3379
8120 -5566
-5336 2955
3634 654
-7907 -1671
6481 -4738
7346 -2857
2759 2123
-5426 -2279
-5158 -9755
-3992 660
-2014 -9039
8640 1329
6887 1875
3292 -1589
2710 2729
1459 -2846
-6670 -2047
5313 -1404
-727 7585
-8132 7908
8401 -5067
-2981 8652
2762 -1829
-6261 -6612
9976 -5479
-7958 4601
-6789 -9193
5335 6676
1977 6977
1631 -8987
-1511 -9050
-4640 1025
-1664 -9459
4343 8292
-9391 -5537
-3840 5511
-6801 9704
9147 -4352
-4694 8200
9383 5637
-1977 942
-7338 -4793
7479 -4414
6035 -566
-9037 7387
2793 1521
-3055 -4705
-2377 3853
4272 -5372
-1511 -8218
3040 -7828
4232 5937
7118 1379
5805 84
2209 -3561
-5723 6924
6625 1482
5185 -6912
6380 9212
-7216 251
2157 3854
4911 -4584
816 -7660
-9175 1114
-7252 1578
7275 -7618
-8052 2830
-9194 -8360
-9345 3955
-5848 8473
7265 2658
-9379 -6236
-576 2006
2217 9002
3835 -7065
1382 -2931
-3148 -4903
1038 -8889
6429 -9217
6853 3916
-182 -3937
-6481 385
56 -3851
834 -2685
5484 -11
-6739 -5173
8395 -6193
-1673 -9797
-6432 -4277
-5290 1232
3567 6059
1807 711
8927 3047
-727 9401
6026 4468
7080 5630
5575 -5630
-644 2941
-4618 -6709
-7921 -136
-9101 7860
4790 3441
-5165 2248
-6953 -5107
5006 -5319
-5756 6059
7902 8054
-476 9995
-4222 5258
3251 5252
-2076 6072
-7349 -6226
-4955 568
-626 1659
-4571 6044
-7200 -3717
-6020 4468
4394 416
-421 -8813
9557 -6123
4326 -5142
7323 -6111
-7166 7854
9493 4622
-4756 3225
4406 1027
-6256 8855
-1178 3583
8954 2667
870 -2827
-8659 -2478
-4835 -45
2560 1700
3111 -6848
762 -904
5898 6863
-9815 9615
-7411 -9089
7089 4872
-4393 -2328
-4781 5795
-672 8938
774 -707
6072 5853
6192 -5470
6326 -6751
-7302 -9141
-2772 -237
-8522 -7904
-1029 3424
4889 -8643
-1174 3209
-2722 7126
638 -9508
3952 -533
-5846 -2388
4078 -3416
1059 4348
-6018 -1934
9676 -7334
-1514 -1808
-80 -7348
-5564 9062
-894 -1135
9054 -5227
4154 -3228
-4600 9819
1694 -8203
-2804 -6190
1351 4671
-5016 -489
6477 109
8763 2686
7301 8336
2950 -4377
2841 -6680
9029 7963
-6585 -5847
-1945 9996
-2873 -6470
-5518 9526
3670 -3338
-3386 1136
9742 -8959
7924 7766
-3051 -4968
6309 7408
9309 947
7502 -7703
5557 3791
-5900 -339
-7191 -5838
6603 8579
-7943 3491
-1838 -93
-2087 348
3515 7880
-2455 727
9609 -5702
-782 -8337
8875 -4005
-271 5622
3746 2466
-4765 1296
2752 -3867
8190 3139
2967 3216
9832 -132
6716 3270
-2916 6187
6746 -2273
-3255 4722
4718 -2420
-5842 9344
4245 -7022
-8232 -5284
-9252 -2710
6936 -1636
5013 6534
-7045 -8484
-1232 -6310
1287 2654
-9351 -5253
-3134 8840
-4080 -7127
2974 9881
-7164 3476
7830 4566
-2636 -8755
-5529 -2034
8093 -4270
-4915 -1381
7978 5211
9272 -8077
-297 -6120
-4551 -748
9140 322
-1896 753
-9135 2939
3259 -6838
15 7818
5841 345
7501 5719
-281 7310
-3828 -5259
340 -6422
2595 -3219
1551 5617
2880 -4196
-115 4185
-989 6716
730 -7586
1036 9689
3279 6232
5813 -9640
-7538 -769
-1569 5176
-3820 -4667
-2669 4167
9540 -9805
-9565 4826
-6095 5880
2780 -5247
-588 -6716
-4453 -1446
-5850 425
6691 -5077
5773 -948
1163 -2334
-9562 -2917
1076 26
3306 8761
-5630 -9792
-8892 653
9527 -2026
7172 2041
4496 9805
3845 2005
759 -6262
2027 -8730
3372 2925
2044 5297
2360 5502
-3805 2825
-2160 1925
8745 -3504
3530 -3721
8571 -7495
7846 1206
1367 8523
-243 8602
2998 -5710
-2542 -4791
-1956 9842
-3272 -7509
-3038 1701
-3756 4099
-6071 2655
8277 1725
9274 -8422
-6041 8056
-443 5717
5987 -2994
-6524 -4974
6279 -7072
6321 -8706
9926 3025
-5628 -4064
-5999 7554
8152 2369
2004 -279
-694 7082
-29 7193
5076 -9320
9449 2081
-556 8093
-1315 -8394
2942 4054
-7009 3611
-5327 5201
4069 682
-3881 6430
-5111 5128
5977 -1831
9668 3184
-5107 -1780
-8252 9485
8912 -9726
1095 4143
-2145 -352
1265 -1450
-5230 1613
-6722 -6968
1534 8958
5296 48
-7734 -632
-7361 -6970
2390 -3958
9498 4516
8837 -2423
-3088 5584
-6766 2765
-6995 5837
-3414 4191
4397 7495
-3606 -1209
-9582 8432
-4320 4047
-8476 2272
5348 1747
-7912 -3217
-1089 9088
-4945 -5698
-4292 4069
5810 4416
668 6896
-7275 -6479
4210 -742
3339 -4843
8119 -5933
9215 9747
6287 8639
-4896 -8622
1445 -3667
-6317 8014
5806 -3897
9198 -5315
9667 -5544
-621 6401
-4716 -799
-1085 -7650
-3133 -7630
1989 -9925
5369 -7213
7395 2884
-8027 1231
-8104 -7584
-9985 -9392
-5923 -1532
8121 4332
-2723 2856
-8514 2701
7067 -6196
-6661 -9943
-6464 9753
-8749 -6850
-8902 3995
3635 -1854
5449 -3064
6794 -6803
5585 2753
-3242 3850
-9875 -7985
-1013 3456
-3086 6172
6282 1491
4994 1772
-1544 -2508
9784 5636
-1925 -5809
2673 320
-5395 4427
-8813 2705
-9999 -2800
6169 -6479
-1300 1554
6856 9199
-9647 2203
-5528 -2406
7275 2370
1604 -8116
9023 -6365
-166 8056
8444 -2685
6433 -8958
2721 -8067
-238 -6711
-9206 8786
-1025 9984
7472 4840
-7937 -6014
-5564 8783
-5443 7056
7077 2759
2727 982
2752 9386
-5952 -383
1456 -7550
-854 9861
4400 -3702
760 5693
9369 -1042
-5200 7302
-5540 7544
-6644 1990
3971 6580
1375 -2681
-9392 8035
-7431 -7993
2784 -9959
6500 -9031
-2705 -7042
-3636 1230
-6752 -6611
5519 4304
8134 -21
-6465 -5088
-3845 -3132
-4043 -9514
-3963 -4727
7161 6428
7254 2367
-3345 -5183
2273 3357
-691 -2092
6225 -9791
-376 2444
7395 8026
-8386 -3980
6169 -6249
8221 3424
-8412 7351
5101 9857
2809 -7399
-9259 -1328
4918 -5538
-2073 1725
408 -4022
-229 -4487
3308 -5706
148 -212
8969 -4198
-1439 6357
-8502 160
3996 2052
4350 1841
-1324 -5069
558 6012
4081 -6714
3795 -9892
741 5301
5860 -5893
-4415 6490
-2102 -2467
248 9283
-4286 -774
-9139 -9413
4608 2215
-245 -6428
1638 2914
6725 1206
-393 -7159
5549 -7111
3103 9293
-9210 5802
4913 -6418
-11 9709
-3574 -2760
-6370 -7300
-4470 4847
-6334 -6652
4472 -5932
-8278 9748
5029 3099
6014 8711
1144 -6619
3961 -8324
-8134 -8191
4518 -4559
-3007 -149
4091 -5776
4267 -4937
-617 -497
1630 9896
-4807 -1230
-1124 -9677
-5734 -6836
-6181 6911
8991 -2701
5640 -918
-4461 -8570
-7016 -3221
8787 -7091
3710 9236
-2331 -8725
-9275 9262
-253 2640
4388 7636
3428 9483
-7896 4033
-2526 -4174
-8974 8026
-9765 -873
-9456 -9000
8070 5656
-2909 -6544
-9206 -5698
-8880 8840
-8269 4312
-1225 -4662
5433 7724
-4341 -9018
9214 -2365
8941 3144
-6593 2470
-66 -431
-1151 -501
-2590 3707
4011 2509
-240 1248
8458 4852
-3006 819
-1028 6375
-516 -783
1196 -2822
1528 4296
4366 -4800
-8127 -1276
-6886 7322
6888 -6584
-5375 -5927
4364 -308
-9671 8082
-2632 -803
-2453 -4214
6637 -7347
4183 8656
2588 5165
-9929 1492
-4675 6355
-2426 9696
-2174 -8349
3388 -35
3501 4718
7367 9119
-9087 3342
-2142 -9290
1637 6865
-1496 -2812
5395 -8692
-7126 946
6729 8640
-7337 3624
-5168 -3902
-2382 -9120
-5733 -8883
5113 3068
-7006 7139
1796 4819
529 7553
-8929 -2910
3450 3278
5967 -909
-2065 -2741
2499 8575
-1357 7811
-6105 7683
5248 4091
-3134 -5885
6344 4378
4205 287
-8669 713
-522 6514
-3916 2409
6440 -5764
-2026 2203
-5288 -9921
3279 -5050
5666 -2196
880 -6152
-6846 -9232
9540 -8889
1994 2447
7284 3186
4880 -259
5589 -4928
5655 8000
-5082 -9056
-1212 -1038
5872 2527
8174 7792
5543 -2819
2732 9015
-2323 -1475
2661 971
-455 3432
3120 6233
1286 2788
-790 6812
7497 -1193
-8302 -2302
9674 -5570
3204 -7557
-5222 204
-9071 1116
-2426 -6709
-4155 -8033
1681 2807
3591 5588
8634 -3692
7702 7279
1299 -6243
-5834 8637
-5094 8043
-442 -2263
-3766 -4449
-3293 -1300
3904 4536
-5404 -5467
-6739 -7925
-3179 -9557
3040 6853
7220 8836
-83 1822
1802 5947
7951 -8493
5783 -6184
9777 9376
-2045 -8587
4983 8444
5832 5045
-811 -3478
-9563 1032
-8982 2382
3767 4949
162 5526
5470 3003
-6346 -6502
4027 -8515
9775 4480
6836 5567
-8882 -7738
-2906 9670
8210 8093
-6461 3150
8982 4006
868 5648
5 219
-242 8745
-5900 -134
-5341 -3138
835 -2576
-2009 -8582
-9140 8787
-7580 8096
-2563 -6004
1003 -4934
4164 9352
-86 -7664
1791 -2444
4546 -4857
6086 -5260
-5016 3974
-2682 -8572
7398 -5100
3548 -5241
5560 -8077
-5115 -3234
-7072 9434
-2498 3436
-7617 -7381
5750 6470
-4612 4093
9015 -3467
-8444 -7382
-9281 8515
9783 -7105
840 8480
-6237 1
7775 153
2313 -6156
4504 5520
386 -3687
-4216 4330
-8701 1366
-2276 9564
82 4760
-1681 2951
9093 7400
-7077 2875
-5501 138
-6451 7437
548 -1557
-5855 9923
5918 7963
6456 7408
3948 6736
5532 -9476
-1239 -9618
849 -2197
4060 -6659
8722 -6687
3462 -4465
2555 9928
-5005 -6901
-8929 9226
-7161 -3260
961 8427
3790 9522
7689 9587
1401 4305
-6907 2341
-9704 8893
-4477 -6177
-4507 647
6310 -1267
7610 -8898
8952 7352
7614 5786
5526 1369
172 -9891
120 2964
9314 6277
4134 -7112
-2425 -9563
-7232 -2837
-6189 1339
-3527 602
2776 8285
6193 9809
-3628 6268
-2043 -7044
-2628 -4700
-6658 4092
-7546 -3097
-9455 9520
-663 3996
-3099 -9112
7940 -3123
-2856 -5785
-1218 8810
-6527 -7604
9206 -8786
-3937 9301
8782 5772
6916 730
-9809 6621
4370 -7965
-9992 4567
-3836 9432
2164 -373
7313 2407
3450 -3576
-7142 -5141
-4586 -4803
8302 -7032
-5788 5975
9420 -6416
474 -7624
-1763 5130
1902 5945
1182 2816
7579 1407
8845 647
3117 -3523
1356 6158
4673 -2098
-6640 -3088
1407 -7860
272 -8849
6875 -5099
8805 7361
-8848 -8097
5714 860
9826 7447
-4134 2489
4093 -5562
-4571 8698
-5542 -4964
1073 2192
6622 -7518
-9441 -8549
3243 7692
6941 -2148
-4999 3420
767 9041
4970 1008
-4095 5241
-7884 -4331
-4418 -5775
-8554 3824
4462 -3611
2602 4690
1058 3608
-4440 9623
4154 -9908
-1059 6621
-2829 7969
-7405 1979
1761 -2043
-7469 -3845
-9219 -3623
-5928 -4988
-6925 -449
5337 1742
9668 1106
-141 4262
-1705 9986
-1911 7148
6542 -8170
-7489 -4656
1365 3130
-1919 9658
4303 8210
3515 436
-5882 -7472
9241 3746
-1040 -4886
-4351 -7464
4588 -2954
-7419 1418
-1780 2032
5382 1640
-8626 5365
-527 -6139
7434 -5953
-10000 4358
-9883 8918
9794 -1866
5348 6312
-3740 4469
9263 -9642
-7327 7249
3976 1837
-5850 4692
-5710 7237
9287 8924
-1086 7856
1967 8515
370 -3879
-1001 -5718
-4943 -6842
2825 337
7207 -2893
8246 -8327
3140 -5317
-3180 3195
-8323 -5673
9200 -2754
2029 2565
983 9158
-3254 2534
3340 4835
1590 6253
-9985 6696
2594 6750
7358 2101
9151 5501
-214 9257
1595 3837
5681 -3310
874 -1218
-3376 -6595
7920 -5018
-6046 -8074
3467 -4449
4761 7331
-6618 3374
-6777 4336
2153 -9136
7599 -4973
7807 -5934
-2430 -8705
4741 -2268
9290 -1007
4260 6153
-7300 -2979
-1802 6029
-2206 3972
-8962 1874
-1649 -9353
2239 5138
-4595 3064
-2270 6275
3031 -9605
-4641 -9876
615 -8870
3639 -9332
-166 7787
-880 -4963
6396 5633
6564 3816
-4993 6769
691 -1299
3339 3608
9474 9281
2749 -5716
-2710 2343
-1433 9320
7434 4715
-7512 1351
-9669 -4323
1192 -5108
3697 -7793
8583 7061
-5741 7928
3626 -6148
2124 4326
1518 1893
-4189 275
1142 9579
6550 -3049
-7283 3467
9296 6099
3272 -7366
-4795 -2259
2587 4998
-7769 8572
2299 4558
6641 9828
9508 3387
-3332 -8047
2892 -1542
-5142 -2556
-1107 -2074
3539 1829
7562 -706
-203 -419
589 9132
999 -706
-6178 -1856
-5251 56
-505 -3806
1238 1191
-1303 -7578
-6784 -4711
8529 -4084
-9696 7683
6804 4806
-610 5896
3401 4053
-7042 5882
4850 -1755
945 6531
-8456 793
-9449 8116
6338 -1395
5945 -3046
2798 -2164
9918 4641
6431 9417
8845 -9547
-763 -4846
-3136 -4309
6658 5493
788 -2269
218 3091
1048 4834
3711 -8217
8478 6761
5460 6588
-703 5972
2192 -2821
-2795 4733
-3501 8527
-4493 -989
-3061 1773
7915 -3014
-7352 -2157
1011 -3809
-5770 5351
1244 2383
3538 7871
8243 -610
3655 -3263
3740 -7274
-9506 -9129
1042 3904
455 -856
-826 -5816
1098 4402
5319 3056
-4916 6128
-4469 -7391
4460 -8339
5926 6051
1345 4808
9677 -9237
5357 -1840
6446 1695
-9250 -5215
1603 -8009
9173 1436
9087 -8014
-6679 4480
5836 2255
-687 -2761
-1095 6485
4915 -8735
-9642 3983
5352 953
4356 -8619
-8079 3722
5921 -999
3275 -3610
-9348 1676
1079 -8850
7418 5720
5582 9396
-4639 8886
-36 -461
-7713 5974
-9843 -1705
-8402 -3928
-2907 -2019
5525 -3712
4201 -509
-5631 -8730
-2538 -8394
-3806 -4768
935 3864
-8539 980
7441 -5163
2673 7704
3960 -7180
-9245 2518
-8048 -7334
2607 -3318
4348 -6368
-8474 -2929
-5252 223
3724 8190
4569 -8203
7677 9101
-6458 2756
8798 899
-274 836
6360 4820
6893 5545
-5108 9357
4160 5794
-6467 -2895
-5066 -8300
1367 7949
-9278 6379
2176 -1882
-4284 4842
8577 -5074
2632 -6560
-638 5535
7804 4282
5014 -4886
-7641 -1080
9874 3024
-9819 -711
8305 833
3656 -3066
7396 -9355
9172 -8911
-5818 8333
-7909 -5587
5562 6698
8923 -2172
-7251 -8154
-6915 6468
4370 7780
-9853 -3842
4680 -1226
5065 -6106
-5058 -6801
-1558 3367
447 -618
-8820 -4619
-6038 -1985
-6702 5684
-4737 -9242
-5739 7504
-4539 -4101
-8900 9613
-1719 1323
4533 -3700
-2024 9274
5458 -3008
-97 -7486
3488 207
309 478
3390 2095
2406 3482
6704 -6455
-7560 -2839
-5720 -4451
9027 4008
4644 8740
-8762 1109
-5273 -4302
-529 -3275
989 406
332 -4543
5443 -9157
1630 3458
-7134 5276
-474 -6227
3107 8012
6401 3360
9856 2618
-2771 1304
-2653 4168
-1776 449
1609 2668
13 -8100
-1520 -2883
-6067 2760
6965 8314
3709 -5557
6318 7141
-9782 184
-5048 1626
7314 7515
7363 -7652
5441 -6152
7406 -7299
7330 8988
-7167 4512
6126 5118
293 -8602
-6649 4800
1429 -703
-803 5679
5623 -4601
-8925 -5193
-6065 -1761
859 5145
-6457 7354
-1059 -2436
-1941 8524
7011 7210
-4271 -2152
-9558 4723
-5391 8533
646 217
-749 -6361
-901 -9722
6149 2229
-7881 -9952
-1374 -2482
-6691 3288
1827 -5445
-6069 8214
2376 5070
7302 8438
5429 -7367
9991 9076
-8119 2545
-311 8705
-4404 6648
-8595 -7363
3180 -9226
9245 4045
7249 4988
-7641 1889
5405 -872
-2442 -6838
3379 7993
-6056 -7864
7567 -6319
-6487 7763
9101 -194
9482 1487
6486 7478
717 1863
8818 -3826
-7762 5123
9046 -2976
1183 9917
-4529 1707
-6218 8368
-5384 -8457
-7255 7894
3608 9836
5471 -225
8449 186
9544 9139
9104 8669
3020 -3292
7021 -3395
-7267 -8361
8647 -8842
-8380 4438
1287 2648
7029 8
-5046 -1644
7692 4981
3216 2202
5966 5222
-7001 -5202
4389 -6769
5702 -4779
-6955 6924
-9609 4501
-9366 6657
7525 6683
-7031 829
-4930 -9936
8187 -9307
4480 -5218
-1883 328
-1943 -9049
-4616 -9658
5808 -756
-6807 -6594
-9417 6725
-551 9979
4022 6419
2914 7204
3594 -6102
8818 9148
-2489 -3726
-3100 2308
-6553 -7828
-9469 5634
-3647 7833
-5984 135
9380 -7354
5180 9457
4675 -5474
5921 2610
7807 3753
3443 5032
1641 -9775
-1354 1733
1588 9797
-564 5131
-2318 9908
7181 -628
855 8034
1094 6082
-5837 3048
4272 -8738
-8531 -6261
-3390 4649
8107 -9539
-6024 7706
-8748 -3259
-3747 -2128
6615 1406
2228 1551
8897 -1389
-2686 -9721
3198 8442
7984 -6759
-5501 -8860
7675 8781
-5275 2537
5069 -5921
-8060 257
-3832 5234
3797 6978
-7020 -1388
6141 -3570
7236 5752
9406 7383
2262 -6702
4323 2630
-1764 4023
-6591 -7117
-3196 1723
2882 4112
5037 -1813
-5335 7998
2601 3116
5536 4684
-1764 9151
2880 -7272
-1577 -4883
-7779 7737
8543 4665
-6753 7215
-5912 -8316
4248 9340
-9590 7097
830 -1820
3806 7937
-4742 -64
-4472 5902
-2732 3747
-9914 5893
-304 -1365
-2980 -1536
6453 -9918
9491 -8393
-5733 3106
9476 -914
-3193 -3850
-156 -4205
-8914 -8652
718 2380
-4881 -4337
8993 780
6063 6568
8855 -6015
3379 7606
-79 9369
-9291 -4154
5529 -8748
-660 5025
-4702 7870
6345 3466
-2862 -9087
-2237 -6887
-7225 6489
-7024 5315
1728 6828
-4328 -682
-4528 -1128
9781 -1243
-2257 -3341
-4531 -8996
8268 1103
-3376 -3150
2521 -7607
1480 -9135
-8603 -6557
5241 -4910
1212 361
5379 1116
-3616 -8003
6543 1486
4167 3413
2341 869
-3419 534
8149 1368
3018 467
4858 -3755
6460 3946
-1153 -1766
-7824 7569
2878 -5502
2219 -5077
-2630 -7564
5122 590
-3839 6167
-8632 9191
-4483 -8214
-9683 -6546
802 2086
-8360 5123
-4277 -835
-2389 7993
-3473 8604
-8613 257
-7592 -5552
-2306 438
9176 -5123
-6998 9220
-246 9199
5104 9585
-406 4063
8899 8345
-4867 9712
3226 -8738
-9967 2890
6578 -8248
-3404 -1500
-4645 -1300
4623 5057
-2646 7309
-7863 5150
-8715 404
3259 6272
7500 -52
-3497 -2728
7375 -3554
4047 -3444
9600 6991
-1336 1336
910 -5907
-2568 -8198
-446 -4580
-1065 -5827
9126 8055
5799 4670
1067 9910
-9429 1997
7363 1587
-564 581
-5046 -8966
4774 6822
615 -3998
3857 3240
-598 6351
5337 637
9062 -9626
-9133 -489
-5797 -4036
5175 -8681
-2989 -5604
1425 -3940
8599 1642
5359 -1440
-4689 7854
-6955 -2281
-8343 -2903
-7651 9511
-3422 -1497
2361 9665
-9053 6316
-5701 -2604
1082 -6082
-8378 -8794
2692 6982
320 -6916
7271 -8896
1944 1016
-7715 -1875
-2524 -8386
-8682 -9303
-5370 -8145
-2124 -360
9571 -2958
-110 -2123
3036 8625
6176 -2235
6837 3909
8840 -9697
7785 8372
-4814 -9418
6406 -4966
-6347 3809
6363 390
8506 -1648
-8959 3732
9429 4020
-3297 -4640
1226 4750
1638 -2386
-7585 -9745
-8250 -1567
5450 -1782
-8403 3399
-1922 -7847
-5732 839
4781 7493
6418 -9328
299 4264
-2566 -6992
2588 5036
6845 5685
1672 819
9335 3767
5734 -1310
-4555 7112
2164 7009
-9400 -6378
3034 -206
4587 7586
-1371 9533
-2467 -8304
-2835 3753
1292 -3118
6807 3221
7849 -3032
-4422 3772
5266 -6247
1342 -3578
1661 4617
1637 4040
2850 4417
-1103 -8081
157 -9560
166 -6313
7741 -4620
1577 -570
7607 247
4180 5759
1801 7942
-7815 -943
-1880 8798
8675 -3550
4949 8115
-5166 1061
7714 1844
8480 4427
4707 9829
5890 -8991
7489 3050
1817 -9615
-6901 1490
-6111 7260
-344 5074
-9535 4855
5411 -4064
-1368 1840
769 -851
-3185 2692
3129 6048
2223 -7522
3274 1846
-5047 6187
9696 -1306
-7934 6100
-139 -9040
1418 921
2176 1520
-9930 -9627
7844 -7356
5823 9107
5169 -2659
725 -1067
-5491 -5352
-2741 2104
-56 5750
9015 -4174
9768 -3116
-9953 -8856
5432 -7181
-5234 5660
2463 -183
2672 1971
-8641 -7190
-5782 -9166
-8679 596
9541 -2026
7550 2960
2472 9289
1367 9161
7567 2718
2270 7022
-1422 -7806
1817 3974
4925 -6258
8041 4282
4063 -8578
-7730 1554
-4027 -9209
2429 4438
4858 7415
-1918 8425
247 -3272
2248 -7864
-3465 2478
4936 1730
7881 5487
7848 4492
2232 -752
2039 -9131
-1407 3591
-5407 4338
7592 299
5498 9608
-445 2910
-4752 7324
-9940 -3346
5414 -3423
2103 2418
307 -9763
-4816 2865
6687 -1311
-4022 6645
9969 -8236
6012 -8561
-9398 -4775
1314 -4178
723 9018
9067 -1715
-5798 1124
-2204 5797
-6826 5969
-7639 -744
6427 6759
-1556 833
-7169 6552
3710 1382
4822 8202
-5258 -9907
-6425 3510
-2397 4102
7672 -6116
4510 1426
2896 7799
-8646 1302
-7905 -7251
-3579 388
-5291 8523
-8980 -2418
-7779 -6224
-5539 2808
-5771 -8044
-9227 3946
230 -5121
-8915 -2006
-8527 -9097
494 -1276
9693 4428
252 5315
-5573 9378
-6119 -5574
8710 -5515
9967 -7170
-8681 -1605
-1697 3871
93 -5936
8560 -680
-697 1360
-9344 -9930
7808 -6079
6771 8282
721 4007
-7616 8169
8750 313
-3792 -1542
-6325 9525
-3256 2829
-6937 1433
5164 -6431
4488 9491
-2740 1651
-6454 -6741
-5827 4582
8659 -9832
-7980 -6094
270 5395
-7731 9942
7393 4251
8631 -9264
479 4431
781 7111
-2601 8916
-5577 -8504
-7687 -7308
1498 4923
-6223 3961
-832 -8160
7708 -2754
-168 -3923
-8559 9754
-7134 -8887
-122 -3173
-4296 4208
-3802 -6545
-9300 -5430
1505 5562
5409 5815
-4195 -4307
6348 -1891
418 -6050
3194 -1710
4992 710
5070 8910
-3699 5570
353 -1493
-7109 -4100
8026 -2523
2980 -1537
-4663 -9714
5753 7404
-9881 4297
1886 -6054
-9820 4099
-8896 4195
5990 -1291
-8740 -7070
-6860 -5014
-6520 3409
-8729 9408
-4102 5835
-1541 -9627
-3296 -6250
8718 -3712
4250 -9034
-5312 3077
-8683 -234
9090 -4172
1689 -6454
1123 6117
-5248 3080
6225 -1057
842 -178
-178 -8582
-6775 5140
1230 -3451
-4989 -7121
-9246 -2383
9478 330
-1345 -8935
4757 1736
6345 -224
-5742 8175
-4606 3479
7676 -4383
-8781 2974
-4544 -8931
2248 -7288
8278 -2585
-7710 9770
76 3115
-8781 1367
-8980 1659
7803 -4826
-8257 -2391
-2612 -2413
-6798 -5312
8241 -4055
-6504 -294
5392 2101
-6370 -7526
8459 -7317
-3148 -9196
-3762 8359
-8994 3243
-9219 -9018
-559 9415
7447 4641
2000 -9594
7235 -3374
-7757 1892
-1415 8098
456 -2556
-706 7391
6067 -8680
-2773 -630
-8775 9926
2202 -2453
-7839 6501
-6553 6119
6823 -4953
-3693 -9093
8199 -3442
-2698 -823
-2594 3370
4022 1535
-3584 -6839
-8871 8449
-7511 -8986
-9324 5801
6584 -6240
9922 -8105
-1750 5641
4157 -8706
9844 5063
-9635 826
3832 7149
-9153 -5907
-1047 -5400
8297 -7167
-3516 334
4103 8151
5382 3635
-9609 -894
-6301 6393
-9693 7431
-9474 7781
9666 5618
3554 2297
-9155 8868
2636 -1223
-7519 -2365
4008 -8862
-8531 -290
-3516 -7208
1475 9030
4818 8914
9821 -2364
6726 206
6776 9360
-9784 3839
-4180 3199
-7651 -5365
-7768 -9315
-7405 7810
1531 -2770
9225 -2511
-706 -8625
394 -8780
1221 -114
5254 5577
7973 -7214
9951 3327
-2588 7563
-1002 4075
-1938 -3335
-5369 4094
6360 9523
1097 7313
8414 -5350
-62 6897
-7841 574
9934 -2121
4163 -5010
-1323 -2718
4396 2585
-9363 9209
2844 -8376
9628 1626
-6951 6074
7455 566
5902 -8383
-8589 8483
-9347 -7408
5577 -5034
-8075 -1513
4026 -5084
-9776 -4563
4728 -6274
-5135 6511
-2295 2022
-7477 619
5163 -1179
440 -5837
1602 5564
-7260 1939
-2192 -945
-551 8954
456 -8407
-3208 6884
-5021 -4049
7416 -1436
6533 -1531
-1016 -7304
-8722 -1111
5690 8522
1615 -8547
2278 -3333
-8579 -212
-75 8240
-5322 -8331
4746 5905
5394 -9697
165 3811
3321 9542
4551 -3448
-9073 3852
1538 5276
-6004 -4461
-1778 2439
-6485 -4282
7941 -5898
8135 -5925
-8403 -8402
-3398 6265
2367 -2682
8007 1135
6643 1211
3662 -9460
9032 4648
-551 -2378
-1417 749
8476 8247
2059 4888
-5118 -5914
6430 1403
-4980 6185
-722 6961
7392 4112
-14 8566
-7570 1145
-4568 9005
-5352 1574
-6465 5116
-4566 -3738
5138 -9972
7256 -1297
5677 1124
-8751 -2964
2547 -4505
4988 7211
700 2696
-2980 5211
-9862 -3752
7066 -3914
-1808 -3660
-7147 1702
3198 -2075
-7784 5094
-4414 8040
-9987 -8815
3189 -6791
7909 -6332
-1777 -9287
-9716 1546
2102 1140
-9840 -4047
7640 -7827
1412 7411
-466 -6284
-5483 -4978
-1455 -8089
3650 9819
2705 1925
-4521 8721
1814 3572
8422 1091
-7125 4225
6696 8636
7901 -7197
2938 7353
-8277 -1659
-1727 -7405
5565 177
6860 293
3106 1517
3589 1607
-9943 -6966
232 1251
-2938 -5398
8280 -8259
-4593 -2452
4614 4161
-5255 1696
4490 -6621
2779 4521
9746 7130
-2153 2402
2860 7692
-352 7522
3377 -3288
8524 769
9458 -8465
-4476 2682
7770 4000
5507 9410
3043 123
7693 -7276
5723 1511
3817 1573
-4190 -7738
5692 -6372
-3435 9973
2313 5105
-1187 -3073
6206 -5194
6346 -4964
-6298 7178
7889 9486
9163 127
-9213 -2621
6815 -5862
4163 -6128
-3055 -38
-6073 7173
4816 7011
-2818 -8041
724 -6562
-1301 -6548
7604 -7303
8829 3730
2851 -7044
5198 7460
7577 9010
-5419 -3754
-9637 -2886
-4007 -619
-7031 -1222
-3526 99
3356 -1358
-351 1408
-5712 1756
-4572 2947
514 488
3170 -9736
-1206 -9716
4349 -5250
-2798 -414
-6712 2673
-9740 -4304
-5091 7353
1883 6648
-6741 -3265
991 -7950
-907 -3292
-284 3263
-8140 -4874
-1353 5151
-6661 -3389
-6339 3700
3984 2554
3779 3796
-246 -1459
797 -3770
-3489 -8953
-17 -1578
-389 -2544
-3278 9496
6841 -6912
5852 -9991
-5085 -8012
2672 -148
-7184 -974
4135 8971
4379 1397
-8085 -2629
-7142 9411
-936 -3984
-6113 2930
-8078 6916
8185 4875
8382 8158
-5360 -7751
2913 -8755
-6340 8043
6480 4213
4003 -2839
-2644 -7814
2817 9356
5780 6012
606 -9595
-835 -4493
-8768 2666
-2603 4565
4324 4354
6320 1315
-3610 5759
7208 -9746
-363 3458
-3128 6705
-8777 -1979
3964 -7495
7780 -5037
3646 5986
9687 -406
-1157 4884
-8652 -5148
650 4966
-3992 1889
-1082 5447
3615 -2076
-5463 -9229
-1496 3022
9392 6899
1998 -1348
-2624 -6297
1075 -609
3402 -2933
3216 -6716
-7405 -5607
-7732 6586
-750 996
-4100 4893
-9540 -1295
-2329 5332
3915 3313
-2660 9574
-4455 2341
-3941 -6038
-5102 -6715
4572 -684
-7293 2658
495 -8059
-2577 4172
-2657 8848
6054 -3435
-2418 -1198
81 -1934
-6692 461
9528 1152
78 2268
3496 -4438
-6945 7475
-9226 -9664
3682 -6099
4513 787
-6424 6797
-6324 618
1414 -7248
-1759 -8043
-4072 6127
-9622 -9745
9152 1347
165 -1713
2664 5545
-5895 -3165
9883 -3292
3205 7738
8518 9029
-3681 -2651
147 9613
6243 -270
9755 4302
-7284 -3664
7667 -1241
4968 7184
8088 -8500
5973 5149
-7768 -9107
-8480 1944
-8944 -5782
-4777 -86
7028 -5484
-2428 -2087
6021 -832
-8484 8848
-9853 5248
-5007 2863
-7852 9145
-1794 -1138
-5695 386
-2245 -9481
-4606 6994
-4706 4029
-2012 5792
3011 -1268
-3351 5178
3948 1265
7928 -6067
3563 -6400
3370 3373
9025 -2902
7145 9622
-8906 -9358
-3083 2693
6037 4994
8021 7712
-6391 5100
9107 8375
711 8135
-3153 691
-8592 -8055
-7185 2188
-8446 -8621
-2768 -7292
-5486 -8665
9964 9404
-8683 2361
-9620 -7449
-6556 9428
-3604 -7304
-7087 -6460
9925 797
-4126 5670
2999 -775
1448 -5485
9790 -6153
4295 -3321
-4355 -5383
-1777 -1537
-4682 -411
-1627 7104
1838 -3707
9237 -6975
-6376 -4028
-9153 2485
8918 -8027
-5083 -970
2180 4655
1467 -9965
-1136 6374
8100 -7893
2119 9486
2512 6239
-4942 -8569
4327 3805
-7782 1844
8841 -7586
3047 5298
-8590 2155
832 -467
8657 -8710
-3325 -6653
-9763 9092
9976 1118
2531 -3081
4670 -3809
-5510 3889
-1629 -141
8134 -2508
-1319 -6386
-6697 9618
166 602
-1443 -7410
-4221 -2926
-2716 2077
5661 -2965
-5154 -3999
4159 302
-4168 -7556
-9173 -3798
-1227 -7352
9664 -5866
8882 -3124
-1333 7022
2165 4180
4556 -4671
-5779 -8565
9992 4407
1447 6654
7955 2476
-1700 913
7257 6332
1976 7525
9615 -9742
9963 86
6924 -203
3385 5580
-4398 -7242
-9840 9036
-625 -7246
5415 -1157
2319 6888
3732 -6925
6109 1636
516 8273
-3223 4434
2713 2395
-4521 -2019
-2070 -7857
6949 957
-1639 5043
1639 2938
-7577 -7219
-3231 -5653
-8539 -6124
5713 -5296
4829 4216
-6681 6699
-2607 4098
2991 -9662
-238 6277
-8282 9287
6076 2817
-3320 4306
-1701 2073
9464 -4920
-2958 -2980
6316 -6590
-836 -8431
9032 -7129
834 3045
4155 -9180
-3884 6332
-3476 4975
-8053 -5626
-4890 -5748
5901 8524
-5587 -4123
-253 -6087
-7876 -6332
-2472 -8294
-2209 4106
7169 -288
8735 -7378
7069 6370
-3444 2111
-2510 6976
-9562 -4719
3585 5310
4595 -4621
-274 -4247
-5908 170
-3981 -6070
4774 8124
9965 2222
-3575 -5274
-7941 -2979
976 -8006
-8042 4725
7669 -1527
-3472 9861
-256 8874
-5349 2954
139 -3096
-5964 -4425
4013 5666
-71 -9508
5984 -6933
-1191 -6439
-2642 -3012
-8945 -1761
-8259 8467
-5327 -6853
-2032 87
216 -3550
-6449 -6139
8030 -9453
6261 -1861
-5215 -3297
1040 -5808
-1381 4926
1683 -3472
-588 -1315
-7910 -9044
5988 3674
-6604 -909
6763 -4342
-7693 -5552
7997 -4315
9505 -5736
9617 -4669
4814 4196
-7664 -7197
795 -3280
7733 -6136
7690 2121
2599 3460
-9624 6122
6802 1061
2323 8003
-7280 -8628
-7535 -4272
3253 -8236
-7527 4561
5008 -9870
-9634 -9598
-8686 8530
7552 7785
-4624 -3323
4289 -4002
-535 3923
-3003 4705
-8942 8072
5260 2690
1511 6025
-2085 -701
5934 -5831
-2897 5623
-4296 -8441
184 872
5250 3181
-6970 6336
2602 -7403
-4410 -8676
375 1076
-6907 7877
8823 6711
-1496 -1181
-484 40
8904 -1121
-3409 -5677
3824 5967
9383 6237
6806 -9934
-5523 -3490
-2014 6975
-1739 -5246
4529 -4974
-8313 8164
7298 -6503
7611 -9376
4702 -3488
7101 -2847
3630 -1268
-7037 -5974
9276 -1840
-789 6829
538 8248
2844 -94
-5812 -1945
3837 6422
6313 -1644
122 -539
-4686 -9108
-2571 -4322
5669 -1178
-3499 2600
-1898 453
-5039 2262
-7335 -6405
2410 -9509
9131 9683
-6473 -5988
1068 -3856
-2618 7404
6162 1854
1780 -7805
2028 -5237
-5399 -8984
933 -5184
-9040 9594
7863 2923
6611 -5245
-55 8351
773 -8430
3800 -6545
-7499 193
6706 -468
-7829 -1692
-6406 -3150
638 -3069
-3461 -5689
-1433 3442
5312 2308
3420 -1585
-9700 -4565
6036 -1478
-3638 -1003
3345 3271
4480 9836
8559 -321
6181 6319
-3743 -4308
9796 -9736
-3229 -1752
6264 4482
-8827 8260
5224 -5921
7231 -4437
1949 3744
5678 -5759
-9566 3436
-1247 6634
-4397 -2439
8717 -6564
7540 -4200
7718 5318
849 5800
-4275 609
2600 7252
5593 6809
6752 -7204
-6985 5089
4847 613
-6375 9388
-6776 -9279
-6806 769
-7102 4955
-2728 9037
9036 6665
-2692 1879
4715 5902
-4735 6414
6393 9457
-2647 2910
5732 941
5494 9105
5022 -6976
-890 2824
-5043 -9055
-136 -2880
7837 9132
-9378 8823
6149 -8068
9203 358
6827 -1173
-232 -2264
-4195 5918
-3708 -9593
6193 233
-828 4082
-8026 8364
-3013 -6071
-9119 -7076
-2639 -1076
-2170 -918
-8360 1918
-1313 -5205
-5223 9060
-8722 -2831
-9759 -5138
1345 -5488
3404 4089
2353 -5310
-3443 386
-869 -9655
-8154 -1809
-5972 -3410
-2937 -1634
-9322 7455
5511 2222
1571 -4799
3763 2575
-7864 -141
8167 622
-7465 6615
5541 3434
-6365 -7864
-5961 -147
1509 -1992
7727 9471
2049 -5727
-3708 -6880
-8570 -1590
9653 5233
4984 1178
-6211 4089
3038 -7669
5851 4076
-6900 6684
1666 -2167
8159 320
-273 -3548
-6534 -7274
-813 6016
5315 -7904
-9201 7623
-3264 -2479
8553 6384
6125 2563
3828 2654
7540 -5810
4745 7841
9297 -7699
-2904 206
-6313 -9359
-3000 -6642
-1684 5215
-1646 3956
8627 -5416
-8284 -6567
7318 5009
1766 -8492
7158 6571
2417 -1081
-8867 -8771
9955 -5827
1516 -3246
-5430 -8922
-5798 8072
4372 -8321
1848 -7782
5504 780
7966 3369
2256 -2132
1020 4406
9941 3452
-3688 -1570
-6418 9195
-1549 -5225
-9915 4362
-6340 -9232
-4748 -1374
4388 2676
-7075 139
-5368 1809
-6010 -2176
-9111 7315
-2183 7516
-2630 -2838
-4301 -6471
9783 7600
-3252 -5993
-869 2788
-4297 5059
-990 -2479
-6200 -7242
-6225 4321
-2577 905
-8510 2074
7944 -2235
4417 3551
-9347 -1965
4298 3877
2114 -6420
-4381 -6031
-1749 8087
-5629 9847
2808 2185
-6767 -8215
9686 -4722
-8350 -1723
-3812 3815
-9719 9743
-9604 3182
696 186
2853 -223
-7837 -8999
9235 2480
8357 -9123
2849 8811
-7681 -6892
-3010 -5615
4559 8599
7505 -4830
5421 1702
-5881 1100
-4958 -8922
-5579 9246
9744 1464
-5031 720
-4650 2660
-2164 -8740
2830 3872
9245 -449
-2790 -3655
-8033 4585
-6403 -3823
2327 750
