3 4713 1571 332707951 211781 635343 998123853 
0
3 4713 1571 332707951 211781 635343 998123853 
0
3 4713 1571 332707951 211781 635343 998123853 
0
3 4713 1571 332707951 211781 635343 998123853 
0
3 4713 1571 332707951 211781 635343 998123853 
0
3 4713 1571 332707951 211781 635343 998123853 
0
3 4713 1571 332707951 211781 635343 998123853 
0
3 4713 1571 332707951 211781 635343 998123853 
0
3 4713 1571 332707951 211781 635343 998123853 
0
3 4713 1571 332707951 211781 635343 998123853 
0
3 4713 1571 332707951 211781 635343 998123853 
0
3 4713 1571 332707951 211781 635343 998123853 
0
3 4713 1571 332707951 211781 635343 998123853 
0
3 4713 1571 332707951 211781 635343 998123853 
0
3 4713 1571 332707951 211781 635343 998123853 
0
3 4713 1571 332707951 211781 635343 998123853 
0
3 4713 1571 332707951 211781 635343 998123853 
0
3 4713 1571 332707951 211781 635343 998123853 
0
3 4713 1571 332707951 211781 635343 998123853 
0
3 4713 1571 332707951 211781 635343 998123853 
0
3 4713 1571 332707951 211781 635343 998123853 
0
3 4713 1571 332707951 211781 635343 998123853 
0
3 4713 1571 332707951 211781 635343 998123853 
0
3 4713 1571 332707951 211781 635343 998123853 
0
3 4713 1571 332707951 211781 635343 998123853 
0
3 4713 1571 332707951 211781 635343 998123853 
0
3 4713 1571 332707951 211781 635343 998123853 
0
3 4713 1571 332707951 211781 635343 998123853 
0
3 4713 1571 332707951 211781 635343 998123853 
0
3 4713 1571 332707951 211781 635343 998123853 
0
3 4713 1571 332707951 211781 635343 998123853 
0
3 4713 1571 332707951 211781 635343 998123853 
0
3 4713 1571 332707951 211781 635343 998123853 
0
3 4713 1571 332707951 211781 635343 998123853 
0
3 4713 1571 332707951 211781 635343 998123853 
0
3 4713 1571 332707951 211781 635343 998123853 
0
3 4713 1571 332707951 211781 635343 998123853 
0
3 4713 1571 332707951 211781 635343 998123853 
0
3 4713 1571 332707951 211781 635343 998123853 
0
3 4713 1571 332707951 211781 635343 998123853 
0
2 4 8 16 32 64 128 256 512 5 25 125 625 3125 15625 78125 390625 1953125 10 50 250 1250 6250 31250 156250 781250 3906250 20 100 500 2500 12500 62500 312500 1562500 7812500 40 200 1000 5000 25000 125000 625000 3125000 15625000 80 400 2000 10000 50000 250000 1250000 6250000 31250000 160 800 4000 20000 100000 500000 2500000 12500000 62500000 320 1600 8000 40000 200000 1000000 5000000 25000000 125000000 640 3200 16000 80000 400000 2000000 10000000 50000000 250000000 1280 6400 32000 160000 800000 4000000 20000000 100000000 500000000 2560 12800 64000 320000 1600000 8000000 40000000 200000000 1000000000 
1
2 4 8 16 32 64 128 256 512 5 25 125 625 3125 15625 78125 390625 1953125 10 50 250 1250 6250 31250 156250 781250 3906250 20 100 500 2500 12500 62500 312500 1562500 7812500 40 200 1000 5000 25000 125000 625000 3125000 15625000 80 400 2000 10000 50000 250000 1250000 6250000 31250000 160 800 4000 20000 100000 500000 2500000 12500000 62500000 320 1600 8000 40000 200000 1000000 5000000 25000000 125000000 640 3200 16000 80000 400000 2000000 10000000 50000000 250000000 1280 6400 32000 160000 800000 4000000 20000000 100000000 500000000 2560 12800 64000 320000 1600000 8000000 40000000 200000000 1000000000 
1
2 4 8 16 32 64 128 256 512 5 25 125 625 3125 15625 78125 390625 1953125 10 50 250 1250 6250 31250 156250 781250 3906250 20 100 500 2500 12500 62500 312500 1562500 7812500 40 200 1000 5000 25000 125000 625000 3125000 15625000 80 400 2000 10000 50000 250000 1250000 6250000 31250000 160 800 4000 20000 100000 500000 2500000 12500000 62500000 320 1600 8000 40000 200000 1000000 5000000 25000000 125000000 640 3200 16000 80000 400000 2000000 10000000 50000000 250000000 1280 6400 32000 160000 800000 4000000 20000000 100000000 500000000 2560 12800 64000 320000 1600000 8000000 40000000 200000000 1000000000 
1
2 4 8 16 32 64 128 256 512 5 25 125 625 3125 15625 78125 390625 1953125 10 50 250 1250 6250 31250 156250 781250 3906250 20 100 500 2500 12500 62500 312500 1562500 7812500 40 200 1000 5000 25000 125000 625000 3125000 15625000 80 400 2000 10000 50000 250000 1250000 6250000 31250000 160 800 4000 20000 100000 500000 2500000 12500000 62500000 320 1600 8000 40000 200000 1000000 5000000 25000000 125000000 640 3200 16000 80000 400000 2000000 10000000 50000000 250000000 1280 6400 32000 160000 800000 4000000 20000000 100000000 500000000 2560 12800 64000 320000 1600000 8000000 40000000 200000000 1000000000 
1
2 4 8 16 32 64 128 256 512 5 25 125 625 3125 15625 78125 390625 1953125 10 50 250 1250 6250 31250 156250 781250 3906250 20 100 500 2500 12500 62500 312500 1562500 7812500 40 200 1000 5000 25000 125000 625000 3125000 15625000 80 400 2000 10000 50000 250000 1250000 6250000 31250000 160 800 4000 20000 100000 500000 2500000 12500000 62500000 320 1600 8000 40000 200000 1000000 5000000 25000000 125000000 640 3200 16000 80000 400000 2000000 10000000 50000000 250000000 1280 6400 32000 160000 800000 4000000 20000000 100000000 500000000 2560 12800 64000 320000 1600000 8000000 40000000 200000000 1000000000 
1
2 4 8 16 32 64 128 256 512 5 25 125 625 3125 15625 78125 390625 1953125 10 50 250 1250 6250 31250 156250 781250 3906250 20 100 500 2500 12500 62500 312500 1562500 7812500 40 200 1000 5000 25000 125000 625000 3125000 15625000 80 400 2000 10000 50000 250000 1250000 6250000 31250000 160 800 4000 20000 100000 500000 2500000 12500000 62500000 320 1600 8000 40000 200000 1000000 5000000 25000000 125000000 640 3200 16000 80000 400000 2000000 10000000 50000000 250000000 1280 6400 32000 160000 800000 4000000 20000000 100000000 500000000 2560 12800 64000 320000 1600000 8000000 40000000 200000000 1000000000 
1
2 4 8 16 32 64 128 256 512 5 25 125 625 3125 15625 78125 390625 1953125 10 50 250 1250 6250 31250 156250 781250 3906250 20 100 500 2500 12500 62500 312500 1562500 7812500 40 200 1000 5000 25000 125000 625000 3125000 15625000 80 400 2000 10000 50000 250000 1250000 6250000 31250000 160 800 4000 20000 100000 500000 2500000 12500000 62500000 320 1600 8000 40000 200000 1000000 5000000 25000000 125000000 640 3200 16000 80000 400000 2000000 10000000 50000000 250000000 1280 6400 32000 160000 800000 4000000 20000000 100000000 500000000 2560 12800 64000 320000 1600000 8000000 40000000 200000000 1000000000 
1
2 4 8 16 32 64 128 256 512 5 25 125 625 3125 15625 78125 390625 1953125 10 50 250 1250 6250 31250 156250 781250 3906250 20 100 500 2500 12500 62500 312500 1562500 7812500 40 200 1000 5000 25000 125000 625000 3125000 15625000 80 400 2000 10000 50000 250000 1250000 6250000 31250000 160 800 4000 20000 100000 500000 2500000 12500000 62500000 320 1600 8000 40000 200000 1000000 5000000 25000000 125000000 640 3200 16000 80000 400000 2000000 10000000 50000000 250000000 1280 6400 32000 160000 800000 4000000 20000000 100000000 500000000 2560 12800 64000 320000 1600000 8000000 40000000 200000000 1000000000 
1
2 4 8 16 32 64 128 256 512 5 25 125 625 3125 15625 78125 390625 1953125 10 50 250 1250 6250 31250 156250 781250 3906250 20 100 500 2500 12500 62500 312500 1562500 7812500 40 200 1000 5000 25000 125000 625000 3125000 15625000 80 400 2000 10000 50000 250000 1250000 6250000 31250000 160 800 4000 20000 100000 500000 2500000 12500000 62500000 320 1600 8000 40000 200000 1000000 5000000 25000000 125000000 640 3200 16000 80000 400000 2000000 10000000 50000000 250000000 1280 6400 32000 160000 800000 4000000 20000000 100000000 500000000 2560 12800 64000 320000 1600000 8000000 40000000 200000000 1000000000 
1
2 4 8 16 32 64 128 256 512 5 25 125 625 3125 15625 78125 390625 1953125 10 50 250 1250 6250 31250 156250 781250 3906250 20 100 500 2500 12500 62500 312500 1562500 7812500 40 200 1000 5000 25000 125000 625000 3125000 15625000 80 400 2000 10000 50000 250000 1250000 6250000 31250000 160 800 4000 20000 100000 500000 2500000 12500000 62500000 320 1600 8000 40000 200000 1000000 5000000 25000000 125000000 640 3200 16000 80000 400000 2000000 10000000 50000000 250000000 1280 6400 32000 160000 800000 4000000 20000000 100000000 500000000 2560 12800 64000 320000 1600000 8000000 40000000 200000000 1000000000 
1
2 4 8 16 32 64 128 256 512 5 25 125 625 3125 15625 78125 390625 1953125 10 50 250 1250 6250 31250 156250 781250 3906250 20 100 500 2500 12500 62500 312500 1562500 7812500 40 200 1000 5000 25000 125000 625000 3125000 15625000 80 400 2000 10000 50000 250000 1250000 6250000 31250000 160 800 4000 20000 100000 500000 2500000 12500000 62500000 320 1600 8000 40000 200000 1000000 5000000 25000000 125000000 640 3200 16000 80000 400000 2000000 10000000 50000000 250000000 1280 6400 32000 160000 800000 4000000 20000000 100000000 500000000 2560 12800 64000 320000 1600000 8000000 40000000 200000000 1000000000 
1
2 4 8 16 32 64 128 256 512 5 25 125 625 3125 15625 78125 390625 1953125 10 50 250 1250 6250 31250 156250 781250 3906250 20 100 500 2500 12500 62500 312500 1562500 7812500 40 200 1000 5000 25000 125000 625000 3125000 15625000 80 400 2000 10000 50000 250000 1250000 6250000 31250000 160 800 4000 20000 100000 500000 2500000 12500000 62500000 320 1600 8000 40000 200000 1000000 5000000 25000000 125000000 640 3200 16000 80000 400000 2000000 10000000 50000000 250000000 1280 6400 32000 160000 800000 4000000 20000000 100000000 500000000 2560 12800 64000 320000 1600000 8000000 40000000 200000000 1000000000 
1
2 4 8 16 32 64 128 256 512 5 25 125 625 3125 15625 78125 390625 1953125 10 50 250 1250 6250 31250 156250 781250 3906250 20 100 500 2500 12500 62500 312500 1562500 7812500 40 200 1000 5000 25000 125000 625000 3125000 15625000 80 400 2000 10000 50000 250000 1250000 6250000 31250000 160 800 4000 20000 100000 500000 2500000 12500000 62500000 320 1600 8000 40000 200000 1000000 5000000 25000000 125000000 640 3200 16000 80000 400000 2000000 10000000 50000000 250000000 1280 6400 32000 160000 800000 4000000 20000000 100000000 500000000 2560 12800 64000 320000 1600000 8000000 40000000 200000000 1000000000 
1
2 4 8 16 32 64 128 256 512 5 25 125 625 3125 15625 78125 390625 1953125 10 50 250 1250 6250 31250 156250 781250 3906250 20 100 500 2500 12500 62500 312500 1562500 7812500 40 200 1000 5000 25000 125000 625000 3125000 15625000 80 400 2000 10000 50000 250000 1250000 6250000 31250000 160 800 4000 20000 100000 500000 2500000 12500000 62500000 320 1600 8000 40000 200000 1000000 5000000 25000000 125000000 640 3200 16000 80000 400000 2000000 10000000 50000000 250000000 1280 6400 32000 160000 800000 4000000 20000000 100000000 500000000 2560 12800 64000 320000 1600000 8000000 40000000 200000000 1000000000 
1
2 4 8 16 32 64 128 256 512 5 25 125 625 3125 15625 78125 390625 1953125 10 50 250 1250 6250 31250 156250 781250 3906250 20 100 500 2500 12500 62500 312500 1562500 7812500 40 200 1000 5000 25000 125000 625000 3125000 15625000 80 400 2000 10000 50000 250000 1250000 6250000 31250000 160 800 4000 20000 100000 500000 2500000 12500000 62500000 320 1600 8000 40000 200000 1000000 5000000 25000000 125000000 640 3200 16000 80000 400000 2000000 10000000 50000000 250000000 1280 6400 32000 160000 800000 4000000 20000000 100000000 500000000 2560 12800 64000 320000 1600000 8000000 40000000 200000000 1000000000 
1
2 4 8 16 32 64 128 256 512 5 25 125 625 3125 15625 78125 390625 1953125 10 50 250 1250 6250 31250 156250 781250 3906250 20 100 500 2500 12500 62500 312500 1562500 7812500 40 200 1000 5000 25000 125000 625000 3125000 15625000 80 400 2000 10000 50000 250000 1250000 6250000 31250000 160 800 4000 20000 100000 500000 2500000 12500000 62500000 320 1600 8000 40000 200000 1000000 5000000 25000000 125000000 640 3200 16000 80000 400000 2000000 10000000 50000000 250000000 1280 6400 32000 160000 800000 4000000 20000000 100000000 500000000 2560 12800 64000 320000 1600000 8000000 40000000 200000000 1000000000 
1
2 4 8 16 32 64 128 256 512 5 25 125 625 3125 15625 78125 390625 1953125 10 50 250 1250 6250 31250 156250 781250 3906250 20 100 500 2500 12500 62500 312500 1562500 7812500 40 200 1000 5000 25000 125000 625000 3125000 15625000 80 400 2000 10000 50000 250000 1250000 6250000 31250000 160 800 4000 20000 100000 500000 2500000 12500000 62500000 320 1600 8000 40000 200000 1000000 5000000 25000000 125000000 640 3200 16000 80000 400000 2000000 10000000 50000000 250000000 1280 6400 32000 160000 800000 4000000 20000000 100000000 500000000 2560 12800 64000 320000 1600000 8000000 40000000 200000000 1000000000 
1
2 4 8 16 32 64 128 256 512 5 25 125 625 3125 15625 78125 390625 1953125 10 50 250 1250 6250 31250 156250 781250 3906250 20 100 500 2500 12500 62500 312500 1562500 7812500 40 200 1000 5000 25000 125000 625000 3125000 15625000 80 400 2000 10000 50000 250000 1250000 6250000 31250000 160 800 4000 20000 100000 500000 2500000 12500000 62500000 320 1600 8000 40000 200000 1000000 5000000 25000000 125000000 640 3200 16000 80000 400000 2000000 10000000 50000000 250000000 1280 6400 32000 160000 800000 4000000 20000000 100000000 500000000 2560 12800 64000 320000 1600000 8000000 40000000 200000000 1000000000 
1
2 4 8 16 32 64 128 256 512 5 25 125 625 3125 15625 78125 390625 1953125 10 50 250 1250 6250 31250 156250 781250 3906250 20 100 500 2500 12500 62500 312500 1562500 7812500 40 200 1000 5000 25000 125000 625000 3125000 15625000 80 400 2000 10000 50000 250000 1250000 6250000 31250000 160 800 4000 20000 100000 500000 2500000 12500000 62500000 320 1600 8000 40000 200000 1000000 5000000 25000000 125000000 640 3200 16000 80000 400000 2000000 10000000 50000000 250000000 1280 6400 32000 160000 800000 4000000 20000000 100000000 500000000 2560 12800 64000 320000 1600000 8000000 40000000 200000000 1000000000 
1
2 4 8 16 32 64 128 256 512 5 25 125 625 3125 15625 78125 390625 1953125 10 50 250 1250 6250 31250 156250 781250 3906250 20 100 500 2500 12500 62500 312500 1562500 7812500 40 200 1000 5000 25000 125000 625000 3125000 15625000 80 400 2000 10000 50000 250000 1250000 6250000 31250000 160 800 4000 20000 100000 500000 2500000 12500000 62500000 320 1600 8000 40000 200000 1000000 5000000 25000000 125000000 640 3200 16000 80000 400000 2000000 10000000 50000000 250000000 1280 6400 32000 160000 800000 4000000 20000000 100000000 500000000 2560 12800 64000 320000 1600000 8000000 40000000 200000000 1000000000 
1
2 4 8 16 32 64 128 256 512 5 25 125 625 3125 15625 78125 390625 1953125 10 50 250 1250 6250 31250 156250 781250 3906250 20 100 500 2500 12500 62500 312500 1562500 7812500 40 200 1000 5000 25000 125000 625000 3125000 15625000 80 400 2000 10000 50000 250000 1250000 6250000 31250000 160 800 4000 20000 100000 500000 2500000 12500000 62500000 320 1600 8000 40000 200000 1000000 5000000 25000000 125000000 640 3200 16000 80000 400000 2000000 10000000 50000000 250000000 1280 6400 32000 160000 800000 4000000 20000000 100000000 500000000 2560 12800 64000 320000 1600000 8000000 40000000 200000000 1000000000 
1
2 4 8 16 32 64 128 256 512 5 25 125 625 3125 15625 78125 390625 1953125 10 50 250 1250 6250 31250 156250 781250 3906250 20 100 500 2500 12500 62500 312500 1562500 7812500 40 200 1000 5000 25000 125000 625000 3125000 15625000 80 400 2000 10000 50000 250000 1250000 6250000 31250000 160 800 4000 20000 100000 500000 2500000 12500000 62500000 320 1600 8000 40000 200000 1000000 5000000 25000000 125000000 640 3200 16000 80000 400000 2000000 10000000 50000000 250000000 1280 6400 32000 160000 800000 4000000 20000000 100000000 500000000 2560 12800 64000 320000 1600000 8000000 40000000 200000000 1000000000 
1
2 4 8 16 32 64 128 256 512 5 25 125 625 3125 15625 78125 390625 1953125 10 50 250 1250 6250 31250 156250 781250 3906250 20 100 500 2500 12500 62500 312500 1562500 7812500 40 200 1000 5000 25000 125000 625000 3125000 15625000 80 400 2000 10000 50000 250000 1250000 6250000 31250000 160 800 4000 20000 100000 500000 2500000 12500000 62500000 320 1600 8000 40000 200000 1000000 5000000 25000000 125000000 640 3200 16000 80000 400000 2000000 10000000 50000000 250000000 1280 6400 32000 160000 800000 4000000 20000000 100000000 500000000 2560 12800 64000 320000 1600000 8000000 40000000 200000000 1000000000 
1
2 4 8 16 32 64 128 256 512 5 25 125 625 3125 15625 78125 390625 1953125 10 50 250 1250 6250 31250 156250 781250 3906250 20 100 500 2500 12500 62500 312500 1562500 7812500 40 200 1000 5000 25000 125000 625000 3125000 15625000 80 400 2000 10000 50000 250000 1250000 6250000 31250000 160 800 4000 20000 100000 500000 2500000 12500000 62500000 320 1600 8000 40000 200000 1000000 5000000 25000000 125000000 640 3200 16000 80000 400000 2000000 10000000 50000000 250000000 1280 6400 32000 160000 800000 4000000 20000000 100000000 500000000 2560 12800 64000 320000 1600000 8000000 40000000 200000000 1000000000 
1
2 4 8 16 32 64 128 256 512 5 25 125 625 3125 15625 78125 390625 1953125 10 50 250 1250 6250 31250 156250 781250 3906250 20 100 500 2500 12500 62500 312500 1562500 7812500 40 200 1000 5000 25000 125000 625000 3125000 15625000 80 400 2000 10000 50000 250000 1250000 6250000 31250000 160 800 4000 20000 100000 500000 2500000 12500000 62500000 320 1600 8000 40000 200000 1000000 5000000 25000000 125000000 640 3200 16000 80000 400000 2000000 10000000 50000000 250000000 1280 6400 32000 160000 800000 4000000 20000000 100000000 500000000 2560 12800 64000 320000 1600000 8000000 40000000 200000000 1000000000 
1
2 4 8 16 32 64 128 256 512 5 25 125 625 3125 15625 78125 390625 1953125 10 50 250 1250 6250 31250 156250 781250 3906250 20 100 500 2500 12500 62500 312500 1562500 7812500 40 200 1000 5000 25000 125000 625000 3125000 15625000 80 400 2000 10000 50000 250000 1250000 6250000 31250000 160 800 4000 20000 100000 500000 2500000 12500000 62500000 320 1600 8000 40000 200000 1000000 5000000 25000000 125000000 640 3200 16000 80000 400000 2000000 10000000 50000000 250000000 1280 6400 32000 160000 800000 4000000 20000000 100000000 500000000 2560 12800 64000 320000 1600000 8000000 40000000 200000000 1000000000 
1
2 4 8 16 32 64 128 256 512 5 25 125 625 3125 15625 78125 390625 1953125 10 50 250 1250 6250 31250 156250 781250 3906250 20 100 500 2500 12500 62500 312500 1562500 7812500 40 200 1000 5000 25000 125000 625000 3125000 15625000 80 400 2000 10000 50000 250000 1250000 6250000 31250000 160 800 4000 20000 100000 500000 2500000 12500000 62500000 320 1600 8000 40000 200000 1000000 5000000 25000000 125000000 640 3200 16000 80000 400000 2000000 10000000 50000000 250000000 1280 6400 32000 160000 800000 4000000 20000000 100000000 500000000 2560 12800 64000 320000 1600000 8000000 40000000 200000000 1000000000 
1
2 4 8 16 32 64 128 256 512 5 25 125 625 3125 15625 78125 390625 1953125 10 50 250 1250 6250 31250 156250 781250 3906250 20 100 500 2500 12500 62500 312500 1562500 7812500 40 200 1000 5000 25000 125000 625000 3125000 15625000 80 400 2000 10000 50000 250000 1250000 6250000 31250000 160 800 4000 20000 100000 500000 2500000 12500000 62500000 320 1600 8000 40000 200000 1000000 5000000 25000000 125000000 640 3200 16000 80000 400000 2000000 10000000 50000000 250000000 1280 6400 32000 160000 800000 4000000 20000000 100000000 500000000 2560 12800 64000 320000 1600000 8000000 40000000 200000000 1000000000 
1
2 4 8 16 32 64 128 256 512 5 25 125 625 3125 15625 78125 390625 1953125 10 50 250 1250 6250 31250 156250 781250 3906250 20 100 500 2500 12500 62500 312500 1562500 7812500 40 200 1000 5000 25000 125000 625000 3125000 15625000 80 400 2000 10000 50000 250000 1250000 6250000 31250000 160 800 4000 20000 100000 500000 2500000 12500000 62500000 320 1600 8000 40000 200000 1000000 5000000 25000000 125000000 640 3200 16000 80000 400000 2000000 10000000 50000000 250000000 1280 6400 32000 160000 800000 4000000 20000000 100000000 500000000 2560 12800 64000 320000 1600000 8000000 40000000 200000000 1000000000 
1
2 4 8 16 32 64 128 256 512 5 25 125 625 3125 15625 78125 390625 1953125 10 50 250 1250 6250 31250 156250 781250 3906250 20 100 500 2500 12500 62500 312500 1562500 7812500 40 200 1000 5000 25000 125000 625000 3125000 15625000 80 400 2000 10000 50000 250000 1250000 6250000 31250000 160 800 4000 20000 100000 500000 2500000 12500000 62500000 320 1600 8000 40000 200000 1000000 5000000 25000000 125000000 640 3200 16000 80000 400000 2000000 10000000 50000000 250000000 1280 6400 32000 160000 800000 4000000 20000000 100000000 500000000 2560 12800 64000 320000 1600000 8000000 40000000 200000000 1000000000 
1
2 4 8 16 32 64 128 256 512 5 25 125 625 3125 15625 78125 390625 1953125 10 50 250 1250 6250 31250 156250 781250 3906250 20 100 500 2500 12500 62500 312500 1562500 7812500 40 200 1000 5000 25000 125000 625000 3125000 15625000 80 400 2000 10000 50000 250000 1250000 6250000 31250000 160 800 4000 20000 100000 500000 2500000 12500000 62500000 320 1600 8000 40000 200000 1000000 5000000 25000000 125000000 640 3200 16000 80000 400000 2000000 10000000 50000000 250000000 1280 6400 32000 160000 800000 4000000 20000000 100000000 500000000 2560 12800 64000 320000 1600000 8000000 40000000 200000000 1000000000 
1
2 4 8 16 32 64 128 256 512 5 25 125 625 3125 15625 78125 390625 1953125 10 50 250 1250 6250 31250 156250 781250 3906250 20 100 500 2500 12500 62500 312500 1562500 7812500 40 200 1000 5000 25000 125000 625000 3125000 15625000 80 400 2000 10000 50000 250000 1250000 6250000 31250000 160 800 4000 20000 100000 500000 2500000 12500000 62500000 320 1600 8000 40000 200000 1000000 5000000 25000000 125000000 640 3200 16000 80000 400000 2000000 10000000 50000000 250000000 1280 6400 32000 160000 800000 4000000 20000000 100000000 500000000 2560 12800 64000 320000 1600000 8000000 40000000 200000000 1000000000 
1
2 4 8 16 32 64 128 256 512 5 25 125 625 3125 15625 78125 390625 1953125 10 50 250 1250 6250 31250 156250 781250 3906250 20 100 500 2500 12500 62500 312500 1562500 7812500 40 200 1000 5000 25000 125000 625000 3125000 15625000 80 400 2000 10000 50000 250000 1250000 6250000 31250000 160 800 4000 20000 100000 500000 2500000 12500000 62500000 320 1600 8000 40000 200000 1000000 5000000 25000000 125000000 640 3200 16000 80000 400000 2000000 10000000 50000000 250000000 1280 6400 32000 160000 800000 4000000 20000000 100000000 500000000 2560 12800 64000 320000 1600000 8000000 40000000 200000000 1000000000 
1
2 4 8 16 32 64 128 256 512 5 25 125 625 3125 15625 78125 390625 1953125 10 50 250 1250 6250 31250 156250 781250 3906250 20 100 500 2500 12500 62500 312500 1562500 7812500 40 200 1000 5000 25000 125000 625000 3125000 15625000 80 400 2000 10000 50000 250000 1250000 6250000 31250000 160 800 4000 20000 100000 500000 2500000 12500000 62500000 320 1600 8000 40000 200000 1000000 5000000 25000000 125000000 640 3200 16000 80000 400000 2000000 10000000 50000000 250000000 1280 6400 32000 160000 800000 4000000 20000000 100000000 500000000 2560 12800 64000 320000 1600000 8000000 40000000 200000000 1000000000 
1
2 4 8 16 32 64 128 256 512 5 25 125 625 3125 15625 78125 390625 1953125 10 50 250 1250 6250 31250 156250 781250 3906250 20 100 500 2500 12500 62500 312500 1562500 7812500 40 200 1000 5000 25000 125000 625000 3125000 15625000 80 400 2000 10000 50000 250000 1250000 6250000 31250000 160 800 4000 20000 100000 500000 2500000 12500000 62500000 320 1600 8000 40000 200000 1000000 5000000 25000000 125000000 640 3200 16000 80000 400000 2000000 10000000 50000000 250000000 1280 6400 32000 160000 800000 4000000 20000000 100000000 500000000 2560 12800 64000 320000 1600000 8000000 40000000 200000000 1000000000 
1
2 4 8 16 32 64 128 256 512 5 25 125 625 3125 15625 78125 390625 1953125 10 50 250 1250 6250 31250 156250 781250 3906250 20 100 500 2500 12500 62500 312500 1562500 7812500 40 200 1000 5000 25000 125000 625000 3125000 15625000 80 400 2000 10000 50000 250000 1250000 6250000 31250000 160 800 4000 20000 100000 500000 2500000 12500000 62500000 320 1600 8000 40000 200000 1000000 5000000 25000000 125000000 640 3200 16000 80000 400000 2000000 10000000 50000000 250000000 1280 6400 32000 160000 800000 4000000 20000000 100000000 500000000 2560 12800 64000 320000 1600000 8000000 40000000 200000000 1000000000 
1
2 4 8 16 32 64 128 256 512 5 25 125 625 3125 15625 78125 390625 1953125 10 50 250 1250 6250 31250 156250 781250 3906250 20 100 500 2500 12500 62500 312500 1562500 7812500 40 200 1000 5000 25000 125000 625000 3125000 15625000 80 400 2000 10000 50000 250000 1250000 6250000 31250000 160 800 4000 20000 100000 500000 2500000 12500000 62500000 320 1600 8000 40000 200000 1000000 5000000 25000000 125000000 640 3200 16000 80000 400000 2000000 10000000 50000000 250000000 1280 6400 32000 160000 800000 4000000 20000000 100000000 500000000 2560 12800 64000 320000 1600000 8000000 40000000 200000000 1000000000 
1
2 4 8 16 32 64 128 256 512 5 25 125 625 3125 15625 78125 390625 1953125 10 50 250 1250 6250 31250 156250 781250 3906250 20 100 500 2500 12500 62500 312500 1562500 7812500 40 200 1000 5000 25000 125000 625000 3125000 15625000 80 400 2000 10000 50000 250000 1250000 6250000 31250000 160 800 4000 20000 100000 500000 2500000 12500000 62500000 320 1600 8000 40000 200000 1000000 5000000 25000000 125000000 640 3200 16000 80000 400000 2000000 10000000 50000000 250000000 1280 6400 32000 160000 800000 4000000 20000000 100000000 500000000 2560 12800 64000 320000 1600000 8000000 40000000 200000000 1000000000 
1
2 4 8 16 32 64 128 256 512 5 25 125 625 3125 15625 78125 390625 1953125 10 50 250 1250 6250 31250 156250 781250 3906250 20 100 500 2500 12500 62500 312500 1562500 7812500 40 200 1000 5000 25000 125000 625000 3125000 15625000 80 400 2000 10000 50000 250000 1250000 6250000 31250000 160 800 4000 20000 100000 500000 2500000 12500000 62500000 320 1600 8000 40000 200000 1000000 5000000 25000000 125000000 640 3200 16000 80000 400000 2000000 10000000 50000000 250000000 1280 6400 32000 160000 800000 4000000 20000000 100000000 500000000 2560 12800 64000 320000 1600000 8000000 40000000 200000000 1000000000 
1
2 4 8 16 32 64 128 256 512 5 25 125 625 3125 15625 78125 390625 1953125 10 50 250 1250 6250 31250 156250 781250 3906250 20 100 500 2500 12500 62500 312500 1562500 7812500 40 200 1000 5000 25000 125000 625000 3125000 15625000 80 400 2000 10000 50000 250000 1250000 6250000 31250000 160 800 4000 20000 100000 500000 2500000 12500000 62500000 320 1600 8000 40000 200000 1000000 5000000 25000000 125000000 640 3200 16000 80000 400000 2000000 10000000 50000000 250000000 1280 6400 32000 160000 800000 4000000 20000000 100000000 500000000 2560 12800 64000 320000 1600000 8000000 40000000 200000000 1000000000 
1
2 4 8 16 32 64 128 256 512 5 25 125 625 3125 15625 78125 390625 1953125 10 50 250 1250 6250 31250 156250 781250 3906250 20 100 500 2500 12500 62500 312500 1562500 7812500 40 200 1000 5000 25000 125000 625000 3125000 15625000 80 400 2000 10000 50000 250000 1250000 6250000 31250000 160 800 4000 20000 100000 500000 2500000 12500000 62500000 320 1600 8000 40000 200000 1000000 5000000 25000000 125000000 640 3200 16000 80000 400000 2000000 10000000 50000000 250000000 1280 6400 32000 160000 800000 4000000 20000000 100000000 500000000 2560 12800 64000 320000 1600000 8000000 40000000 200000000 1000000000 
1
2 4 8 16 32 64 128 256 512 5 25 125 625 3125 15625 78125 390625 1953125 10 50 250 1250 6250 31250 156250 781250 3906250 20 100 500 2500 12500 62500 312500 1562500 7812500 40 200 1000 5000 25000 125000 625000 3125000 15625000 80 400 2000 10000 50000 250000 1250000 6250000 31250000 160 800 4000 20000 100000 500000 2500000 12500000 62500000 320 1600 8000 40000 200000 1000000 5000000 25000000 125000000 640 3200 16000 80000 400000 2000000 10000000 50000000 250000000 1280 6400 32000 160000 800000 4000000 20000000 100000000 500000000 2560 12800 64000 320000 1600000 8000000 40000000 200000000 1000000000 
1
2 4 8 16 32 64 128 256 512 5 25 125 625 3125 15625 78125 390625 1953125 10 50 250 1250 6250 31250 156250 781250 3906250 20 100 500 2500 12500 62500 312500 1562500 7812500 40 200 1000 5000 25000 125000 625000 3125000 15625000 80 400 2000 10000 50000 250000 1250000 6250000 31250000 160 800 4000 20000 100000 500000 2500000 12500000 62500000 320 1600 8000 40000 200000 1000000 5000000 25000000 125000000 640 3200 16000 80000 400000 2000000 10000000 50000000 250000000 1280 6400 32000 160000 800000 4000000 20000000 100000000 500000000 2560 12800 64000 320000 1600000 8000000 40000000 200000000 1000000000 
1
2 4 8 16 32 64 128 256 512 5 25 125 625 3125 15625 78125 390625 1953125 10 50 250 1250 6250 31250 156250 781250 3906250 20 100 500 2500 12500 62500 312500 1562500 7812500 40 200 1000 5000 25000 125000 625000 3125000 15625000 80 400 2000 10000 50000 250000 1250000 6250000 31250000 160 800 4000 20000 100000 500000 2500000 12500000 62500000 320 1600 8000 40000 200000 1000000 5000000 25000000 125000000 640 3200 16000 80000 400000 2000000 10000000 50000000 250000000 1280 6400 32000 160000 800000 4000000 20000000 100000000 500000000 2560 12800 64000 320000 1600000 8000000 40000000 200000000 1000000000 
1
2 4 8 16 32 64 128 256 512 5 25 125 625 3125 15625 78125 390625 1953125 10 50 250 1250 6250 31250 156250 781250 3906250 20 100 500 2500 12500 62500 312500 1562500 7812500 40 200 1000 5000 25000 125000 625000 3125000 15625000 80 400 2000 10000 50000 250000 1250000 6250000 31250000 160 800 4000 20000 100000 500000 2500000 12500000 62500000 320 1600 8000 40000 200000 1000000 5000000 25000000 125000000 640 3200 16000 80000 400000 2000000 10000000 50000000 250000000 1280 6400 32000 160000 800000 4000000 20000000 100000000 500000000 2560 12800 64000 320000 1600000 8000000 40000000 200000000 1000000000 
1
2 4 8 16 32 64 128 256 512 5 25 125 625 3125 15625 78125 390625 1953125 10 50 250 1250 6250 31250 156250 781250 3906250 20 100 500 2500 12500 62500 312500 1562500 7812500 40 200 1000 5000 25000 125000 625000 3125000 15625000 80 400 2000 10000 50000 250000 1250000 6250000 31250000 160 800 4000 20000 100000 500000 2500000 12500000 62500000 320 1600 8000 40000 200000 1000000 5000000 25000000 125000000 640 3200 16000 80000 400000 2000000 10000000 50000000 250000000 1280 6400 32000 160000 800000 4000000 20000000 100000000 500000000 2560 12800 64000 320000 1600000 8000000 40000000 200000000 1000000000 
1
2 4 8 16 32 64 128 256 512 5 25 125 625 3125 15625 78125 390625 1953125 10 50 250 1250 6250 31250 156250 781250 3906250 20 100 500 2500 12500 62500 312500 1562500 7812500 40 200 1000 5000 25000 125000 625000 3125000 15625000 80 400 2000 10000 50000 250000 1250000 6250000 31250000 160 800 4000 20000 100000 500000 2500000 12500000 62500000 320 1600 8000 40000 200000 1000000 5000000 25000000 125000000 640 3200 16000 80000 400000 2000000 10000000 50000000 250000000 1280 6400 32000 160000 800000 4000000 20000000 100000000 500000000 2560 12800 64000 320000 1600000 8000000 40000000 200000000 1000000000 
1
2 4 8 16 32 64 128 256 512 5 25 125 625 3125 15625 78125 390625 1953125 10 50 250 1250 6250 31250 156250 781250 3906250 20 100 500 2500 12500 62500 312500 1562500 7812500 40 200 1000 5000 25000 125000 625000 3125000 15625000 80 400 2000 10000 50000 250000 1250000 6250000 31250000 160 800 4000 20000 100000 500000 2500000 12500000 62500000 320 1600 8000 40000 200000 1000000 5000000 25000000 125000000 640 3200 16000 80000 400000 2000000 10000000 50000000 250000000 1280 6400 32000 160000 800000 4000000 20000000 100000000 500000000 2560 12800 64000 320000 1600000 8000000 40000000 200000000 1000000000 
1
2 4 8 16 32 64 128 256 512 5 25 125 625 3125 15625 78125 390625 1953125 10 50 250 1250 6250 31250 156250 781250 3906250 20 100 500 2500 12500 62500 312500 1562500 7812500 40 200 1000 5000 25000 125000 625000 3125000 15625000 80 400 2000 10000 50000 250000 1250000 6250000 31250000 160 800 4000 20000 100000 500000 2500000 12500000 62500000 320 1600 8000 40000 200000 1000000 5000000 25000000 125000000 640 3200 16000 80000 400000 2000000 10000000 50000000 250000000 1280 6400 32000 160000 800000 4000000 20000000 100000000 500000000 2560 12800 64000 320000 1600000 8000000 40000000 200000000 1000000000 
1
2 4 8 16 32 64 128 256 512 5 25 125 625 3125 15625 78125 390625 1953125 10 50 250 1250 6250 31250 156250 781250 3906250 20 100 500 2500 12500 62500 312500 1562500 7812500 40 200 1000 5000 25000 125000 625000 3125000 15625000 80 400 2000 10000 50000 250000 1250000 6250000 31250000 160 800 4000 20000 100000 500000 2500000 12500000 62500000 320 1600 8000 40000 200000 1000000 5000000 25000000 125000000 640 3200 16000 80000 400000 2000000 10000000 50000000 250000000 1280 6400 32000 160000 800000 4000000 20000000 100000000 500000000 2560 12800 64000 320000 1600000 8000000 40000000 200000000 1000000000 
1
2 4 8 16 32 64 128 256 512 5 25 125 625 3125 15625 78125 390625 1953125 10 50 250 1250 6250 31250 156250 781250 3906250 20 100 500 2500 12500 62500 312500 1562500 7812500 40 200 1000 5000 25000 125000 625000 3125000 15625000 80 400 2000 10000 50000 250000 1250000 6250000 31250000 160 800 4000 20000 100000 500000 2500000 12500000 62500000 320 1600 8000 40000 200000 1000000 5000000 25000000 125000000 640 3200 16000 80000 400000 2000000 10000000 50000000 250000000 1280 6400 32000 160000 800000 4000000 20000000 100000000 500000000 2560 12800 64000 320000 1600000 8000000 40000000 200000000 1000000000 
1
2 4 8 16 32 64 128 256 512 5 25 125 625 3125 15625 78125 390625 1953125 10 50 250 1250 6250 31250 156250 781250 3906250 20 100 500 2500 12500 62500 312500 1562500 7812500 40 200 1000 5000 25000 125000 625000 3125000 15625000 80 400 2000 10000 50000 250000 1250000 6250000 31250000 160 800 4000 20000 100000 500000 2500000 12500000 62500000 320 1600 8000 40000 200000 1000000 5000000 25000000 125000000 640 3200 16000 80000 400000 2000000 10000000 50000000 250000000 1280 6400 32000 160000 800000 4000000 20000000 100000000 500000000 2560 12800 64000 320000 1600000 8000000 40000000 200000000 1000000000 
1
2 4 8 16 32 64 128 256 512 5 25 125 625 3125 15625 78125 390625 1953125 10 50 250 1250 6250 31250 156250 781250 3906250 20 100 500 2500 12500 62500 312500 1562500 7812500 40 200 1000 5000 25000 125000 625000 3125000 15625000 80 400 2000 10000 50000 250000 1250000 6250000 31250000 160 800 4000 20000 100000 500000 2500000 12500000 62500000 320 1600 8000 40000 200000 1000000 5000000 25000000 125000000 640 3200 16000 80000 400000 2000000 10000000 50000000 250000000 1280 6400 32000 160000 800000 4000000 20000000 100000000 500000000 2560 12800 64000 320000 1600000 8000000 40000000 200000000 1000000000 
1
2 4 8 16 32 64 128 256 512 5 25 125 625 3125 15625 78125 390625 1953125 10 50 250 1250 6250 31250 156250 781250 3906250 20 100 500 2500 12500 62500 312500 1562500 7812500 40 200 1000 5000 25000 125000 625000 3125000 15625000 80 400 2000 10000 50000 250000 1250000 6250000 31250000 160 800 4000 20000 100000 500000 2500000 12500000 62500000 320 1600 8000 40000 200000 1000000 5000000 25000000 125000000 640 3200 16000 80000 400000 2000000 10000000 50000000 250000000 1280 6400 32000 160000 800000 4000000 20000000 100000000 500000000 2560 12800 64000 320000 1600000 8000000 40000000 200000000 1000000000 
1
2 4 8 16 32 64 128 256 512 5 25 125 625 3125 15625 78125 390625 1953125 10 50 250 1250 6250 31250 156250 781250 3906250 20 100 500 2500 12500 62500 312500 1562500 7812500 40 200 1000 5000 25000 125000 625000 3125000 15625000 80 400 2000 10000 50000 250000 1250000 6250000 31250000 160 800 4000 20000 100000 500000 2500000 12500000 62500000 320 1600 8000 40000 200000 1000000 5000000 25000000 125000000 640 3200 16000 80000 400000 2000000 10000000 50000000 250000000 1280 6400 32000 160000 800000 4000000 20000000 100000000 500000000 2560 12800 64000 320000 1600000 8000000 40000000 200000000 1000000000 
1
2 4 8 16 32 64 128 256 512 5 25 125 625 3125 15625 78125 390625 1953125 10 50 250 1250 6250 31250 156250 781250 3906250 20 100 500 2500 12500 62500 312500 1562500 7812500 40 200 1000 5000 25000 125000 625000 3125000 15625000 80 400 2000 10000 50000 250000 1250000 6250000 31250000 160 800 4000 20000 100000 500000 2500000 12500000 62500000 320 1600 8000 40000 200000 1000000 5000000 25000000 125000000 640 3200 16000 80000 400000 2000000 10000000 50000000 250000000 1280 6400 32000 160000 800000 4000000 20000000 100000000 500000000 2560 12800 64000 320000 1600000 8000000 40000000 200000000 1000000000 
1
2 4 8 16 32 64 128 256 512 5 25 125 625 3125 15625 78125 390625 1953125 10 50 250 1250 6250 31250 156250 781250 3906250 20 100 500 2500 12500 62500 312500 1562500 7812500 40 200 1000 5000 25000 125000 625000 3125000 15625000 80 400 2000 10000 50000 250000 1250000 6250000 31250000 160 800 4000 20000 100000 500000 2500000 12500000 62500000 320 1600 8000 40000 200000 1000000 5000000 25000000 125000000 640 3200 16000 80000 400000 2000000 10000000 50000000 250000000 1280 6400 32000 160000 800000 4000000 20000000 100000000 500000000 2560 12800 64000 320000 1600000 8000000 40000000 200000000 1000000000 
1
2 4 8 16 32 64 128 256 512 5 25 125 625 3125 15625 78125 390625 1953125 10 50 250 1250 6250 31250 156250 781250 3906250 20 100 500 2500 12500 62500 312500 1562500 7812500 40 200 1000 5000 25000 125000 625000 3125000 15625000 80 400 2000 10000 50000 250000 1250000 6250000 31250000 160 800 4000 20000 100000 500000 2500000 12500000 62500000 320 1600 8000 40000 200000 1000000 5000000 25000000 125000000 640 3200 16000 80000 400000 2000000 10000000 50000000 250000000 1280 6400 32000 160000 800000 4000000 20000000 100000000 500000000 2560 12800 64000 320000 1600000 8000000 40000000 200000000 1000000000 
1
2 4 8 16 32 64 128 256 512 5 25 125 625 3125 15625 78125 390625 1953125 10 50 250 1250 6250 31250 156250 781250 3906250 20 100 500 2500 12500 62500 312500 1562500 7812500 40 200 1000 5000 25000 125000 625000 3125000 15625000 80 400 2000 10000 50000 250000 1250000 6250000 31250000 160 800 4000 20000 100000 500000 2500000 12500000 62500000 320 1600 8000 40000 200000 1000000 5000000 25000000 125000000 640 3200 16000 80000 400000 2000000 10000000 50000000 250000000 1280 6400 32000 160000 800000 4000000 20000000 100000000 500000000 2560 12800 64000 320000 1600000 8000000 40000000 200000000 1000000000 
1
2 4 8 16 32 64 128 256 512 5 25 125 625 3125 15625 78125 390625 1953125 10 50 250 1250 6250 31250 156250 781250 3906250 20 100 500 2500 12500 62500 312500 1562500 7812500 40 200 1000 5000 25000 125000 625000 3125000 15625000 80 400 2000 10000 50000 250000 1250000 6250000 31250000 160 800 4000 20000 100000 500000 2500000 12500000 62500000 320 1600 8000 40000 200000 1000000 5000000 25000000 125000000 640 3200 16000 80000 400000 2000000 10000000 50000000 250000000 1280 6400 32000 160000 800000 4000000 20000000 100000000 500000000 2560 12800 64000 320000 1600000 8000000 40000000 200000000 1000000000 
1
