76631030
14316070
14316070
18266020
18266020
712934375
4462334
18266020
18266020
14316070
14316070
4462334
14316070
62986903
4462334
14316070
4462334
36780863
64279830
14316070
14316070
4462334
18266020
14316070
18266020
185315329
158691185
64279830
18266020
14316070
75224206
77125934
14316070
4462334
76631030
4462334
84071417
14316070
14316070
18266020
36780863
14316070
62986903
4462334
14316070
14316070
36780863
4462334
18266020
18266020
14316070
54687666
64279830
14316070
64279830
18266020
14316070
14316070
64279830
14316070
18266020
14316070
64279830
18266020
14316070
14316070
72734916
14316070
64279830
4462334
4462334
72734916
4462334
76631030
22909075
4462334
64279830
14316070
14316070
14316070
18266020
18266020
4462334
14316070
18266020
269093679
18266020
18266020
4462334
70840160
14316070
4462334
14316070
18266020
18266020
36780863
100366126
303289048
14316070
4462334
