150
0111111000
000100
01011001
1101111
100
1100110
0111
11
000100
00101010
111110
0111011110
1110
01110
00
011001
1101
10011
100
011000111
0
101111
0011001110
1000100110
0011
00
1110001
0110
00000
1110
11001101
001001101
00110
1101
001101001
1
111000
0
001
01011000
010110000
11
11
1101001110
1
00000
00001
01
1000
10111
1100000
11000111
10
1011
0111001111
100
1
10
01
10011111
100011
1100001110
0010110
0
01001110
1110011
000010
0
001111100
1000011
1111
011110
110101
0011001
0
1001
0101
000010110
11
0
100010101
01010001
01010011
0011
1110
00110010
101101011
100
000100
1001
101011
10011011
1101100
01001001
00100110
00100011
101010
010000101
0111011101
010010
0
1111110000
10000
10
1001101
0
0001
011
1110
100100
01
1110
1100
011
0010
101
0100
00101011
10011
1
00
01100
111000
011101100
010010010
111
0011
010
110
1010
0111011110
111
1001
0100
000000
0101
0011000010
11110
1111001101
100
10011
011101
11
010
00
1101
01000101
0
0100010010
00000
