2721
251
2
102
3750
42
441
2967
1225
206
1795
1089
367
6
2769
312
3014
1365
4156
115
282
788
2842
788
934
1614
2009
699
158
320
1297
4131
518
3984
1484
2005
1180
4480
5473
2183
2174
5172
106
5013
2282
587
4214
2959
1569
2334
492
2728
4525
1210
333
2411
876
3026
1167
192
846
1624
450
2280
727
408
6729
1098
497
469
1287
1331
2148
1765
479
1682
970
136
2001
1749
3799
3790
1026
17
19
1
297
527
4116
755
1889
2245
1671
1316
1828
4921
1050
3
796
279
223
533
187
3228
2143
1321
605
248
332
550
638
19
1285
466
602
398
3403
401
1244
1259
1464
3673
1740
5878
1480
24
2528
1482
2664
3421
120
4088
6340
1751
83
2501
842
209
3932
1255
3004
391
1099
165
2733
898
5239
2433
1739
1001
502
1660
3833
390
8
3227
1615
42
826
4570
2332
1895
3832
616
207
2931
497
1163
3089
347
394
0
1377
2198
481
5592
464
488
874
2366
8
4319
1530
3114
1025
1154
1004
2442
802
2373
4405
736
1269
139
977
170
1553
3235
652
584
395
1175
694
2032
387
3489
322
265
552
1447
6154
3969
351
555
1800
121
3716
914
1282
214
3843
1755
4095
1851
37
15
7415
264
1064
5796
448
480
1697
3509
3958
1598
1619
902
2406
1186
951
144
532
1283
837
33
1712
3219
1091
388
1133
5454
3068
617
3650
183
3560
884
2916
1187
564
1925
921
825
3444
571
79
846
726
209
3185
373
264
4945
4980
2560
1107
454
6089
1783
23
1139
145
6260
1809
4042
65
446
1122
1979
2
2254
2637
1334
3108
80
74
1674
1291
1541
1423
211
1448
679
281
3275
554
2513
158
4288
1632
415
1084
5125
576
3267
2013
211
3235
702
2533
2125
2283
491
4
1638
497
1786
2681
952
661
816
26
270
1043
1611
1282
5956
1582
101
1361
1129
755
941
1005
374
1845
2124
1746
145
1250
4353
4148
8
494
3287
1451
545
1070
2164
2119
941
203
361
1032
842
162
1658
484
782
757
5902
4818
3982
2777
3685
959
1033
3541
152
253
1775
142
978
765
1532
349
1380
3854
253
723
432
4936
2060
1188
1220
5656
4840
1082
59
1712
2813
432
368
408
909
1239
6280
2863
648
252
1719
1447
1400
266
1610
11
6593
106
39
1357
3634
4168
1285
2817
3194
2456
2380
90
985
1464
1066
148
1849
191
34
3165
3660
59
1257
807
770
5999
642
2757
191
600
423
3127
7693
1067
1583
28
3871
934
582
2065
2047
66
695
2745
92
326
1883
284
1633
134
1645
374
1476
4065
58
2445
124
5788
303
782
132
558
458
1147
2908
1515
1600
90
811
269
933
4599
801
662
93
479
3583
1390
2005
2636
2005
130
986
5628
802
3456
1559
40
1316
1716
213
2839
809
320
1982
619
802
1399
156
5868
188
373
423
798
358
4236
2834
386
1393
1828
138
812
483
917
429
4050
4302
198
356
1743
200
2034
116
2536
275
1798
523
2422
681
1623
1090
653
4077
777
300
3658
254
207
1250
3053
1444
4123
4476
428
2517
1988
2744
1605
196
286
1312
2631
392
2061
800
130
914
2377
3436
262
296
3525
150
5109
516
4167
5826
5354
2735
2536
628
4168
1273
2059
429
423
42
1255
1194
1413
2328
2092
181
2629
2178
3019
2494
7151
1270
3379
133
1143
4831
1866
5577
129
2806
325
232
111
1103
4879
212
943
2648
1000
192
473
562
2275
179
1996
1695
4375
2
1860
4299
518
901
715
3257
1063
508
162
874
204
56
877
396
4824
5356
2149
95
761
932
282
4296
468
623
499
1829
1159
3635
107
1863
2007
359
2430
1063
523
47
1082
7409
195
1394
68
1458
696
302
112
339
3691
1603
5012
1494
3552
1039
958
220
632
1200
83
3790
409
1965
6575
469
1954
123
39
223
3019
54
321
894
695
1086
506
2239
859
469
57
219
128
2957
87
1231
1437
466
3147
3524
299
1496
1306
1632
4505
4631
44
2437
74
1931
3512
3169
8030
5840
7209
1828
490
2195
99
1639
632
5463
8594
4159
527
58
3313
1184
195
1221
6
765
2752
5225
2310
18
159
577
2517
2355
3489
253
2069
641
1709
454
9
35
325
21
351
1932
1455
1869
248
746
126
5193
616
1227
3729
11
1899
2615
1067
529
271
437
4338
89
1862
397
65
160
489
222
5
435
2326
1153
272
116
567
1437
877
5071
941
1599
1685
4364
3554
3496
3676
1446
659
3014
639
135
216
24
2321
404
563
436
40
491
2137
1474
1010
3393
283
3743
1448
2963
259
4602
1668
293
1483
83
2461
2791
1857
1047
47
6201
1179
345
2831
2096
2382
5743
2028
5045
921
662
4481
3086
5902
4870
959
990
4401
96
573
9
1009
448
1985
3258
245
3439
2901
1889
1487
117
679
171
1464
807
134
2723
1513
2551
4506
379
2102
176
3576
1408
852
5774
1055
2642
2198
1539
94
815
1460
1068
4444
987
1287
1657
1274
3612
3325
3149
1332
5301
3021
1201
1767
224
843
192
294
1629
1339
111
2471
2295
2649
3129
458
410
3074
3363
295
633
1932
299
1315
763
210
74
391
656
3440
358
35
166
216
834
242
5905
1577
2079
5239
728
65
84
2970
489
565
1102
3840
8040
326
1406
275
5174
1094
2895
1996
1387
4691
721
39
3217
903
1995
1091
577
458
1672
1211
246
26
3370
2703
88
286
5651
2163
375
693
2699
59
311
959
3
3370
857
454
86
4656
4138
224
1319
792
272
322
741
628
4863
4556
311
407
325
760
6420
250
192
596
2575
1190
1520
1158
3035
1522
89
1235
2417
1030
629
29
426
361
2097
338
2365
2369
115
4104
1246
120
2710
1632
4254
164
527
2736
281
4708
22
5094
4195
1127
3685
1
288
3301
1351
1300
172
882
551
500
79
144
1262
2692
2436
97
452
1621
141
1
3770
1498
894
768
1153
2218
2492
7519
506
549
229
348
48
628
1030
1819
176
1744
1610
1631
201
3993
148
1842
34
162
191
2190
3079
2602
2479
639
1922
1040
5540
3998
1740
3172
76
6336
8583
160
3698
2173
157
135
315
2853
4175
2099
162
1790
7204
4689
4144
1436
481
8042
1277
1084
343
1350
2442
936
617
4874
881
1059
758
3831
1931
602
320
1176
2243
687
364
392
1769
3797
713
4993
2176
147
356
609
2487
557
37
230
5610
224
3544
280
617
4187
18
537
1615
3529
2668
2634
970
1128
6865
5011
2253
931
531
4782
2753
339
407
4744
6773
1316
2849
2223
1810
51
251
774
1424
37
331
4140
2411
905
1079
802
3112
235
478
3689
2603
3002
1470
3300
815
680
1707
286
27
40
251
4
1114
1852
2999
775
4271
2889
2553
698
172
319
15
2480
3949
4440
1165
2024
120
1444
188
937
1429
3560
309
77
514
2429
1163
2934
860
1377
50
2408
205
3655
521
1171
4020
85
1535
4693
1401
3368
735
3761
1237
844
56
137
1016
1774
1394
89
918
7135
30
1377
1521
2630
349
2183
1501
273
408
4752
884
683
671
1826
411
917
2029
2231
3305
1575
455
546
921
92
6412
1158
129
2758
359
1478
1883
131
3264
1280
6043
213
149
115
1063
567
420
4167
2490
1272
2140
2837
3189
2462
1020
4963
2206
1004
2941
117
501
1168
1203
68
8
1603
1567
1731
733
816
2415
1811
275
1549
1793
447
854
424
62
1289
262
787
5594
3996
3321
1943
842
908
107
2254
723
940
18
609
37
3189
3252
501
1781
532
347
7030
42
3479
3
187
1732
389
742
1318
3
179
1393
2165
22
514
2336
2063
7052
2762
3326
7008
4660
612
131
1458
1320
1912
1746
300
2190
3433
826
561
1592
4152
364
1919
4
4692
192
3377
2627
84
4588
190
614
823
859
553
4728
84
2559
260
328
4140
32
773
825
4948
1459
11
2864
318
876
497
631
1276
160
3437
111
3426
13
2679
908
7303
1914
2193
451
297
54
666
567
2060
2774
1149
2011
4458
71
420
1522
849
1995
403
1218
847
5217
1730
3896
5883
3065
607
2793
341
3371
1568
1622
968
8191
3322
1463
404
819
5047
118
42
162
3901
4520
229
2113
613
1338
113
2273
450
623
4230
2388
1174
1902
2623
494
1340
140
5863
404
676
2562
420
768
1833
2649
800
1086
224
430
2169
4420
5382
4354
2372
1788
595
7371
606
2414
24
608
801
1
3337
5
410
5941
805
1425
460
487
1382
260
811
494
1646
4061
5900
3844
1088
214
995
365
44
598
4423
5371
1734
15
1134
112
422
924
3013
835
1583
1276
2593
78
2881
2229
2499
1926
1392
555
35
487
845
1262
6235
5383
204
4042
525
134
3328
4535
1268
2813
1387
624
1083
2700
842
3184
4140
39
275
456
1171
2079
851
1028
665
1524
541
2317
420
1456
3235
122
5741
1123
2061
758
3219
1219
153
1915
815
2272
1203
634
6950
157
510
1
1721
1562
538
1215
167
663
75
1229
579
1071
3987
8497
1481
2571
2477
2578
726
348
603
3165
3447
1374
2808
2477
1676
636
975
4
13
712
5859
3102
1796
1165
2609
1142
1217
378
250
5
5884
4837
1766
5114
5
6163
3217
159
1304
1336
3646
1513
285
961
1398
3299
993
960
83
356
865
1018
715
4266
133
642
296
814
851
2306
3211
5830
2026
933
4013
5940
2023
2396
5395
29
4991
1334
444
3124
2675
792
234
1738
3400
1437
451
2687
231
351
14
617
348
245
2926
3185
1179
7482
95
4365
984
50
3293
145
319
19
190
728
387
874
955
300
1037
170
286
1052
4264
8
359
3484
296
95
1411
760
3245
1773
1708
6777
1020
5753
551
4145
291
512
199
253
4537
4924
125
2834
3971
2413
272
2186
287
760
2488
949
834
5268
648
18
3856
213
373
2440
1413
44
64
520
4400
175
461
884
190
2787
2899
6393
522
1435
1199
1431
27
2649
3350
5377
4204
5656
1153
716
331
2819
628
1038
1229
4734
618
2677
654
735
644
3421
3218
244
629
3747
925
3180
1730
742
2072
131
313
434
28
57
857
74
20
122
1947
1126
136
3059
970
417
2658
1485
1235
2934
382
118
3648
986
118
2433
854
164
1940
1222
2608
2599
1833
467
6387
990
478
1417
6682
455
1924
2271
1238
4568
1944
131
2999
5125
2156
1542
191
46
1543
282
1660
1849
4360
84
324
1057
1953
1848
1375
36
1831
197
812
1148
2499
4206
1286
6619
1304
7830
590
242
2086
2336
1132
83
705
2904
2368
2360
1600
1785
1356
1001
62
1058
3986
4596
538
874
1677
409
2495
2300
23
331
403
2107
672
82
5153
431
200
1341
3746
115
2025
1397
790
739
245
178
249
11
1844
21
1493
291
1221
4041
1770
1938
582
2076
1629
52
588
61
4276
1884
2560
2436
1234
601
451
1297
2081
705
1925
657
839
1147
285
3118
2740
3172
1107
3438
512
1833
4618
402
4339
788
5163
2292
2155
4836
53
315
429
630
4154
1684
4747
229
142
815
744
4953
2562
2506
968
1125
8
45
7
1227
1969
50
835
2987
282
999
422
1860
2400
260
1156
4069
4253
1132
2475
1184
3061
40
2149
1893
109
3007
4622
7191
252
6600
4204
676
1860
319
136
116
1779
20
307
2744
841
3698
5398
3265
9
3484
377
4272
297
5455
743
1556
719
1018
3864
1423
18
1778
8087
751
217
1066
985
1869
179
713
6247
170
478
439
4010
2485
63
972
592
778
3376
3205
1541
11
43
3156
850
3677
393
189
1691
2233
320
962
1744
362
592
1615
40
848
677
736
772
1492
1239
5439
1546
2826
407
1554
809
4220
1059
353
157
845
273
773
3516
733
582
4027
1009
1589
2650
615
658
1685
3642
4089
146
5522
6743
2207
1021
180
2390
2156
3433
2612
21
55
1051
3246
435
185
84
4692
115
180
949
1389
4183
1704
460
72
51
963
231
861
5087
1435
1292
567
697
1339
1150
352
6013
3631
727
474
2797
133
2424
417
54
1877
674
8292
479
726
787
6640
2126
634
433
394
3103
22
4327
32
6586
282
490
324
2722
331
1022
937
194
993
189
5417
276
2368
4143
269
2917
1065
2062
2473
2030
2923
4141
619
1997
161
2449
67
138
843
3515
5728
286
6280
5571
91
1594
111
1531
3878
702
293
1598
4039
1
1327
779
560
4484
68
1382
85
46
3523
5233
53
528
194
3965
3454
804
102
1747
281
247
1846
1850
7
1484
3442
1483
4418
753
1858
7
908
1063
631
171
344
4475
1436
2026
678
1731
3610
413
3347
1355
2429
3332
224
1122
459
20
561
5201
101
2247
712
5237
1230
1699
2602
163
4114
247
247
939
1895
1906
1696
1854
2518
1898
250
2282
4193
76
426
985
912
1638
1329
2319
431
4077
3902
2159
1066
1051
6644
2844
3913
1862
1691
743
2592
199
5921
202
903
2885
546
209
5591
1942
73
53
234
454
72
728
1064
497
2551
379
1413
3152
1261
1445
236
1945
16
61
285
229
1104
900
124
25
244
3250
20
483
3141
1573
460
773
790
190
57
705
2379
1515
322
807
1838
3231
157
2099
2900
2959
4428
4
582
719
73
3170
5893
2885
276
2527
416
619
8570
64
73
105
940
7
831
1781
134
1163
318
488
2234
1491
1101
445
2571
3907
3576
2437
865
1049
2652
1184
640
2908
1435
1027
1406
358
1409
138
1871
3496
74
3919
119
1123
1536
266
2657
4037
568
303
506
824
2286
1093
613
388
1127
484
542
1762
2605
564
1020
758
1805
40
142
3437
3220
558
946
533
2698
452
700
139
3003
5028
3730
109
1988
3642
2482
3789
1661
441
514
301
5406
1144
209
580
678
196
3306
1948
90
2146
3902
3
563
917
1864
1166
2453
126
1621
6900
816
386
276
2292
13
68
198
2638
2400
1523
6130
264
14
385
5168
594
2912
865
215
254
1005
15
829
19
817
3126
22
49
1015
1923
515
7133
1739
2670
714
77
126
2221
428
1264
541
396
504
70
3865
467
932
2333
130
1174
4970
43
1297
173
2942
2890
2266
578
1279
1070
3058
185
2487
7377
18
403
2911
384
357
5205
689
3492
3564
418
1059
612
1516
2662
4488
3367
865
4119
3047
232
1793
179
1528
623
978
826
102
2666
135
6896
827
5115
615
1091
2307
2641
12
1865
404
7359
167
1996
879
3066
2072
2145
137
23
162
2985
2855
957
2798
1721
360
454
1659
1633
52
2750
1160
1306
1148
414
1712
1943
2029
816
1154
77
278
2118
1858
26
507
1752
3295
200
148
598
895
107
4342
203
86
999
3742
537
1074
803
2218
2029
1325
295
1248
5349
630
475
3189
3295
1322
1467
2974
3282
560
125
1032
915
3880
953
345
2871
2409
2817
637
792
757
2520
340
34
147
117
4179
898
52
2797
2440
403
2459
2945
6
4505
2168
20
248
4498
1761
136
1014
115
279
211
2841
88
1559
147
1224
4373
3237
1164
528
6474
257
4215
1621
609
1
523
1558
940
519
1424
782
82
1835
232
2846
849
4350
3258
129
667
292
2043
1846
2450
548
251
2049
1262
3123
2261
6
11
3677
1656
6269
773
2586
1133
624
909
1182
1564
1852
467
2928
13
362
465
1612
996
2146
3169
6
4255
1043
2993
3494
7073
131
431
1673
1742
1965
107
269
4150
332
2742
47
1226
875
3335
3159
498
839
1341
160
752
1027
3217
282
923
1894
817
533
575
1199
251
3548
5903
236
1102
7
212
5618
1276
1675
5745
80
102
2837
3516
715
1810
184
235
3055
5273
2737
575
515
1141
4549
107
787
69
156
1
692
1110
1740
531
889
59
5840
218
946
557
2702
4265
80
3876
2705
2570
2942
40
1133
4429
600
2342
5558
5095
4298
1202
1540
40
81
6193
185
3270
21
1573
1520
282
3374
302
32
1734
1653
2198
1451
2635
2518
5
3892
1755
496
5072
881
1935
561
5755
4667
114
906
1835
2550
5679
1253
5856
234
1646
579
128
2663
265
2832
1604
2395
1198
389
1613
1181
516
256
2054
1857
2462
82
1197
1889
295
5140
2287
540
490
1584
1623
2786
3167
1382
533
127
4092
1345
1269
1248
1082
5984
1636
371
163
168
752
1100
696
611
2600
2295
681
3296
1812
3822
1074
386
56
689
1718
596
5272
2517
122
1909
945
33
769
249
773
4343
32
4529
3734
1921
936
430
1799
5320
1017
491
449
2322
120
310
683
215
3276
823
435
736
3668
5333
5609
2184
431
146
126
1039
1280
185
509
91
85
2138
2774
203
1952
218
1437
133
127
2574
9
5821
4121
418
75
2363
5328
8056
2927
4392
619
2696
840
3489
459
2032
1729
355
2004
4988
1161
1020
2345
1127
548
1015
1067
328
3472
2051
1832
1809
2025
2529
1568
84
43
1661
1610
688
23
1853
3706
2024
5839
507
1359
565
189
754
7962
4235
2223
748
1655
572
2996
780
6409
8101
2534
864
2438
565
2302
4652
65
287
270
2217
1050
2015
1509
404
1699
127
152
727
33
2020
502
1369
665
1730
799
2196
442
130
495
387
3008
1880
1170
5912
1372
890
5854
3356
376
1981
219
1498
883
1069
461
846
3146
144
6442
413
222
3409
279
1578
153
110
2545
4383
915
1072
3467
6317
1407
459
568
3526
105
2984
652
94
3424
914
768
741
1239
149
1229
2674
949
650
3898
212
1717
8
833
1381
157
562
1598
1931
1433
839
9046
5789
798
3005
637
490
6
2237
1042
4473
210
1052
77
2853
77
2556
2748
4569
1258
1984
812
2831
2361
477
1587
3817
1289
333
218
4308
4664
5764
65
2358
1759
1378
1166
4463
304
37
2219
729
295
327
381
810
1467
1097
12
4111
1573
1467
2156
186
3383
1507
5480
112
1098
496
2367
2737
2241
145
1970
1329
2730
326
3688
2912
359
1587
3406
2114
4456
1060
386
3146
745
4551
125
1831
877
508
222
1980
3351
3012
631
5382
3212
13
6490
2142
338
5174
156
528
2206
39
6969
1768
2652
3676
113
611
119
2375
1717
1214
176
1209
3736
2316
624
2038
6276
2163
432
303
751
1084
1387
2638
124
688
2144
199
366
913
1904
4689
967
195
3132
89
292
28
931
598
1750
439
2057
789
826
438
700
3324
149
31
295
922
1969
150
5501
2573
1287
1727
5204
21
497
3190
1089
89
1885
4695
2449
488
25
244
376
431
467
16
4264
266
40
3378
537
1438
4301
2599
737
220
446
36
1584
1085
3393
153
4044
383
1758
983
1944
18
3837
5121
1779
132
447
30
844
704
801
3578
2665
3259
34
97
6
243
3870
1071
212
1112
100
666
1595
1064
356
1735
253
205
233
6329
1340
1338
771
2542
1559
566
6873
415
4043
347
709
4265
25
1248
1481
2383
53
59
2613
2473
22
1646
351
151
427
1250
896
1703
292
5688
716
1020
253
944
1870
1893
2048
129
1084
2627
395
2718
228
1612
371
1229
97
812
3196
1363
305
934
2883
2553
2726
320
314
291
6528
862
24
995
1002
357
7
185
731
176
1079
1695
1293
3652
1163
659
335
24
24
71
487
205
3567
2658
102
74
1718
4609
741
17
1899
3180
118
61
6288
42
189
47
988
437
3332
325
4
1
191
145
173
1549
6340
6
10
848
4183
3406
1494
620
386
1482
153
1015
5838
279
150
88
205
3727
6200
5343
280
1627
586
2095
5789
132
780
322
53
2522
2624
2491
92
139
3646
5138
2092
1564
438
180
418
645
197
2624
454
556
2747
4237
2654
3005
2582
2725
101
356
1777
1100
14
1005
478
538
6488
577
135
548
1140
783
2727
179
614
371
16
335
2874
3762
1157
3416
29
1637
3365
3217
1015
132
373
810
104
4629
577
3853
5179
1650
1862
1787
470
866
666
244
1109
998
218
3731
143
599
2222
242
1658
4069
1848
874
8104
591
2628
1908
1228
937
251
1201
3915
414
3838
872
1950
766
627
1627
1046
1556
1951
920
1236
466
3169
51
118
480
5719
2190
356
431
2625
1133
1816
160
3317
2660
990
1199
711
321
1364
100
2579
2840
36
343
1608
314
834
1888
3262
227
2165
3485
1194
484
1120
3228
1557
347
89
1204
162
47
4377
1779
69
2101
3038
287
1005
602
5015
13
3140
243
1079
57
1979
356
1792
872
5313
274
171
1422
1940
1538
225
1597
66
1668
880
2967
1125
797
93
905
153
6333
452
2535
587
5259
864
396
4359
587
7136
84
674
4940
2501
7533
49
313
1502
845
193
1370
3562
274
2316
1145
1071
665
1132
703
1392
337
369
638
1086
287
1707
126
541
4957
2
775
2350
4156
4011
241
600
37
159
858
3350
1714
6753
1506
768
739
821
506
1870
1098
1412
161
485
4421
931
550
623
143
1913
5769
3173
1407
1534
1989
2998
4235
2820
1769
2626
2622
2212
129
3143
27
242
738
3697
2838
1748
5550
1216
3
228
3621
3605
2011
693
103
6
1558
453
377
1214
150
1430
126
1977
2371
979
1848
2801
44
49
6428
2105
222
6
151
763
1549
922
1173
3617
220
1092
828
6433
1364
3630
397
426
409
1654
591
1465
2663
2293
1728
1563
2629
2039
500
6525
689
82
20
6
1162
3650
186
2627
1134
6063
2009
1845
392
1073
2860
3177
4929
1466
161
195
368
644
892
3238
6258
3046
821
716
285
9
990
1474
2717
216
195
205
810
99
1404
145
2457
489
732
7676
1692
85
6758
415
1196
694
244
2501
800
177
54
2598
1093
64
675
516
4216
107
1142
139
52
4255
3155
77
2744
1532
67
352
1443
638
1538
218
1617
749
559
781
1295
2236
304
315
505
660
3330
5887
983
5103
2332
135
224
3449
1322
1077
23
7004
1365
324
643
469
599
94
1853
5731
170
361
2854
5377
206
17
1848
3070
190
3262
53
1291
1370
2383
152
8061
584
1043
46
3652
858
3424
1665
992
1419
319
538
3168
66
432
891
167
1389
506
2601
5230
774
960
54
648
1564
253
1120
964
573
3363
459
7847
2798
75
3469
633
977
1245
1050
1842
815
566
1504
992
545
533
44
5131
4842
4555
855
311
1140
5990
942
490
289
1065
90
716
244
4723
592
307
319
930
4864
904
573
1019
254
2687
5476
3723
376
2736
758
117
1486
6323
2820
349
3756
695
192
1329
1053
3314
1158
109
489
1628
3811
194
522
520
1008
3546
1740
5181
2519
709
1559
1853
762
120
1652
2978
50
630
151
822
753
1212
410
606
252
501
6297
3236
2194
1872
1708
6654
6714
237
1578
3663
809
762
1233
371
596
409
35
485
1598
3565
3838
3554
928
2921
1890
1951
30
178
555
526
755
241
961
3643
1170
4586
626
117
314
2258
3204
331
2812
26
468
492
1223
199
926
3005
111
17
3660
192
502
2596
337
2917
896
2550
181
146
1768
1286
1052
2380
1329
1797
770
2646
601
1001
2994
4362
2622
2399
2926
6545
1301
634
1260
347
1903
4607
36
5132
2009
268
327
3721
423
31
1066
38
1298
129
691
1743
658
1364
172
22
4289
5158
3312
1705
740
879
386
322
1256
939
2826
3010
3374
315
123
6026
1949
800
2545
211
1236
3702
2176
3746
3075
21
1759
4617
22
2509
8051
4837
1148
1680
5186
1187
385
899
62
340
4737
1504
1254
2574
1838
216
2139
941
4960
3661
3510
414
924
2210
37
2756
3339
76
2582
384
2949
1679
2848
937
1306
812
2130
1772
1330
95
2476
2218
1240
1065
335
89
1570
74
2373
3651
384
467
1450
4208
92
74
103
936
391
249
887
1522
755
1267
2092
5106
47
439
277
150
1361
598
295
1007
785
399
39
424
5226
6809
218
262
2251
145
213
2986
2030
1305
436
553
622
1721
559
4714
1307
1183
1719
8472
5
2402
701
326
2287
184
1300
22
1966
596
4740
3547
199
875
189
1235
5
160
933
70
769
135
1509
381
296
254
1984
632
1648
43
2785
1000
724
2815
5711
215
120
2507
711
120
2840
72
2516
459
393
3598
409
2261
1154
1746
15
12
2123
47
1439
567
264
1342
1101
363
313
1242
222
195
4875
3377
199
3856
2312
4038
201
1554
515
3209
3358
897
75
664
87
796
3005
524
4577
1223
2199
234
313
3573
921
6455
3675
1380
1988
3137
1798
15
1542
1187
38
2097
202
1219
1966
1030
2693
1444
422
2947
16
703
1352
1153
135
238
2176
2908
265
4927
268
1487
1481
101
2564
479
2726
1913
1250
1298
1967
32
1674
4382
4186
6987
848
4440
2193
533
462
4822
83
2359
3319
205
552
1375
296
1413
2275
81
443
1824
26
267
1386
741
1817
2673
5239
762
456
4907
1626
3799
2495
4997
2553
732
406
952
543
3863
728
530
1381
1690
293
123
3311
3675
93
394
108
3934
353
575
317
30
747
4835
6042
1247
620
343
2039
1181
1705
567
3332
741
509
680
482
2703
2393
1
91
296
1181
241
1011
2534
1454
860
3047
55
77
2088
1244
5
3476
1126
3981
666
1027
297
2878
1595
2504
2267
190
671
3623
820
218
649
1221
1659
967
5481
1533
890
2154
208
226
3890
83
1255
640
5555
311
498
216
2258
363
2098
5459
1051
1230
1214
644
1022
229
139
8352
217
4166
1448
1512
1377
27
620
2393
3273
77
368
591
223
1000
5819
1568
3712
898
2944
1335
1680
2324
1452
1167
333
2
621
2414
2754
972
4331
1589
2093
362
285
78
1640
572
315
550
1056
516
1128
638
1340
581
136
51
300
3762
683
290
2205
4302
12
806
753
2024
3339
2492
242
2014
978
534
2277
397
438
1009
607
2992
5
529
147
903
2053
1728
87
177
308
274
1233
157
1343
1962
151
3549
1320
1238
77
5082
145
2627
1489
1919
173
1887
1162
18
3389
520
877
646
522
40
325
2944
1113
3984
79
190
1490
686
2150
2096
1973
957
2226
2405
2228
1712
1376
47
457
1902
3562
1016
788
205
3273
349
4173
3042
1424
15
214
3874
5
529
4439
523
199
534
318
2932
3128
807
408
1655
921
1
881
252
507
5214
1891
4137
2203
35
565
615
5719
6004
64
92
306
126
1807
655
372
22
1774
762
602
197
81
2845
832
1064
495
1020
58
1628
1232
7010
946
1462
209
2964
701
1250
394
20
1047
1815
3509
909
270
339
729
3240
1729
829
300
34
406
161
2376
3778
907
595
35
866
243
3
222
4668
2482
852
18
3178
882
5096
1979
1941
596
241
4831
1002
6428
1500
1592
385
34
1935
977
965
553
3644
565
2175
2758
876
1399
880
931
265
5202
844
163
639
3211
3830
577
3824
1746
1417
3809
1254
1443
4506
2630
2573
1983
4666
200
311
2139
2450
644
58
108
852
2618
1230
306
4576
2856
1845
1674
20
806
292
468
1921
659
8432
1037
2962
13
1992
4034
1409
2937
314
976
233
1188
102
37
2829
218
532
1126
59
1416
3314
20
1534
4549
692
8
5479
1197
125
319
376
265
3162
528
2607
171
31
4392
1808
1067
37
109
487
2623
151
2152
1522
197
1002
1759
337
5110
2793
633
1107
716
943
373
4928
40
855
1350
4296
1830
98
446
2924
1230
48
3552
3584
2279
247
1267
1216
1769
1191
195
125
7418
85
1136
261
280
849
1931
291
67
931
1797
155
5480
820
67
1315
2523
3728
1018
16
857
1958
2696
1482
1106
200
518
2739
55
404
2486
2688
23
2083
670
655
4663
456
92
101
1137
48
2308
6719
792
694
371
2999
7267
3368
1084
1496
748
1422
1816
6165
356
4186
20
2955
4
2197
1354
1929
1489
1284
5
20
775
1280
7361
2583
939
2649
5248
2491
4489
3104
969
2649
2936
1570
321
4377
3224
292
2601
2489
3051
175
40
694
492
191
1557
4234
774
649
154
1961
7558
3333
1473
4819
1180
3644
113
290
3069
1509
572
770
1197
2463
1003
317
113
797
3574
1596
168
3854
77
5162
467
2404
3016
537
426
3249
3448
1170
835
934
2719
146
6203
823
1265
243
4266
809
16
1194
254
2051
3810
772
507
3005
1728
5079
291
46
