95
5 0.615
20 0.591
84 0.960
37 0.684
56 0.818
92 0.806
11 0.872
41 0.968
3984 0.930
87 0.670
4664 0.797
2 1.0
46 0.816
29 0.711
9 0.87
91 0.736
44 0.543
2 1.000
2788 0.719
62 0.646
62 0.790
85 0.725
82 0.985
64 0.828
16 0.599
200 0.999
2 0.6
28 0.786
24 0.975
26 0.509
98 0.752
11 0.501
65 0.686
67 0.754
82 0.520
36 0.762
41 0.797
20 0.75
17 0.882
43 0.824
63 0.577
59 0.759
8000 1.000
31 0.837
57 0.884
82 0.915
47 0.580
2 0.574
26 0.638
33 0.720
65 0.582
8000 0.684
40 0.553
49 0.904
42 0.533
91 0.907
9 0.938
4 0.949
68 0.579
94 0.726
43 0.710
2 0.500
2 0.684
24 0.887
27 0.504
100 0.685
9 0.592
65 0.974
64 0.833
8000 0.500
16 0.975
88 0.863
94 0.561
98 0.790
53 0.728
2000 0.5
101 0.926
91 0.844
21 0.637
84 0.983
38 0.515
77 0.676
4242 0.705
81 0.743
7 0.505
68 0.586
13 0.720
3127 0.873
3 1.0
27 0.517
3 0.5
5 0.678
4 1.0
75 0.551
10 0.572
