6
0
0
0
0
0
0
6
0
30
0
20
0
0
0
24
25
24
0
0
14
26
4
19
29
0
82
40
78
86
0
26
0
27
4
0
57
0
4
53
72
0
2
13
0
0
2
0
0
85
73
0
68
1
49
0
0
12
103
0
1
0
4
107
0
112
0
89
75
0
123
0
78
0
22
95
0
6
104
0
0
0
0
46
0
46
0
48
93
0
0
206
0
1
0
5
0
0
2
0
0
103
2
132
0
0
82
86
1
136
0
0
0
0
98
0
0
130
0
186
0
474
216
29
113
42
0
53
8
156
216
98
61
34
27
88
183
108
179
0
263
19
0
21
137
1
0
1
229
0
0
0
0
0
0
159
0
0
0
552
0
0
1
0
85
0
0
247
315
83
0
206
0
96
251
0
219
0
292
66
260
4
0
1
94
306
0
268
36
385
0
178
0
156
0
48
89
0
288
322
636
0
0
0
63
190
2
24
0
325
0
580
0
374
173
0
0
208
204
303
106
108
1
0
828
139
45
0
1
238
168
0
0
1
0
0
0
1
389
149
0
4
276
198
0
176
62
36
253
536
0
394
0
0
0
0
0
0
70
1
1
1
27
1
2
494
132
7
908
0
265
0
0
518
282
0
426
362
288
0
0
0
492
307
94
439
4
0
135
98
0
0
1
6
706
0
277
0
208
0
365
0
626
16
35
2
191
0
2
443
2
65
1
0
1246
1
0
237
0
0
432
563
0
0
551
0
1
0
0
458
1
612
774
476
0
1
536
465
435
692
140
281
0
639
0
339
0
1
1
0
599
784
68
0
543
450
0
0
523
1
547
234
132
0
55
146
1372
1
0
448
54
0
0
1
470
76
390
0
635
0
2
1
678
566
0
413
308
0
40
291
470
0
170
0
0
834
1
0
101
497
765
604
1
475
1554
0
1206
1720
725
13
934
0
0
84
0
508
849
786
1
248
1
0
414
0
2
0
551
657
559
219
9
0
2
366
0
2
0
0
646
849
1
3
0
754
1
0
526
699
758
1864
728
0
12
1150
0
676
867
0
66
0
0
1
27
226
530
922
0
0
1910
0
0
660
239
1
0
1
1
1
0
1
284
1
671
704
199
603
869
52
0
0
763
0
1
1
1014
88
0
769
0
0
2
833
0
0
0
63
481
0
961
1
90
1
0
427
0
482
0
0
1
5
0
0
1119
208
0
822
568
22
764
0
1123
132
0
3
2290
1
1
0
1
1142
357
0
592
3
1
297
163
901
507
1
1
67
1067
132
1
0
998
621
2
359
155
514
0
122
1
1126
1
994
527
1454
0
872
472
296
1
0
929
208
1
0
0
1
416
1
1
889
0
3
0
1050
42
1
236
3
794
1
611
1
954
0
0
0
1043
1112
0
111
788
1474
4
1213
11
851
112
1
64
0
1
962
0
1
2444
156
592
748
0
1208
6
777
1255
665
1
22
324
60
0
1
327
893
2178
78
0
0
1
723
1570
619
530
1220
969
0
255
0
313
0
292
1
783
126
1
0
0
2
1
0
0
0
541
0
0
1
866
1
0
0
0
0
70
6
1
0
1
1818
0
901
2016
0
95
0
712
222
1004
0
0
1426
0
533
1458
0
394
2012
670
230
0
2922
3
1240
534
0
1
0
3
197
0
0
1319
0
0
8
2
0
0
640
277
2
98
1198
1203
0
558
1373
868
2560
0
1054
0
1910
10
0
1237
2008
146
0
2
790
1147
791
43
1
12
1636
1
224
0
688
3
0
656
106
1
713
1059
0
366
1
114
2
491
1142
0
0
417
0
1266
322
1138
2
2
1018
1075
0
1447
1
2
182
1593
288
326
1379
0
15
1
1
0
1
1582
68
0
0
1397
1
2710
1421
2608
0
0
741
1502
0
27
1309
0
666
772
1
0
1314
1601
0
82
0
0
3
1
1508
0
1264
164
2
1
1687
1328
1
0
321
581
143
2020
0
0
866
0
1238
1064
1
2564
827
1698
0
0
2
848
1583
0
9
0
3
1
680
2
290
1212
0
0
2
0
0
558
0
1
248
0
2
3364
847
0
988
1
613
1795
1515
0
1588
0
480
1
1
1520
1
932
0
3
625
655
1486
1798
3028
1
1794
2
0
0
1846
255
2512
1659
4
212
7
2990
11
1331
1
680
2
1
1808
2556
2
0
2
564
831
0
1414
0
25
0
1
1
1
1131
744
0
3
493
0
6
10
1651
1093
2
1105
1
4
1447
1
0
3
289
0
0
0
1403
0
0
10
1
142
1026
1436
0
7
1511
0
0
1976
2
1445
0
0
972
1596
127
895
1
240
8
1
520
1934
0
0
1
0
1
36
0
3
968
1196
37
491
1716
1
1552
767
0
1
0
1616
1
955
2015
1466
2
0
473
0
1514
1873
2053
3
240
1
0
8
1
2024
2
1495
1760
358
528
1
2
572
135
1508
1148
849
1
30
1
5
649
2
1718
0
1618
1689
2
0
0
61
457
1235
1955
1
0
0
687
1831
2
1906
0
0
4
1
491
249
1610
270
0
1572
8
0
385
0
1545
116
7
1765
1
2149
2022
1770
6
3972
6
6
0
4
1412
0
233
1418
5
2
6
42
0
2
305
0
0
0
1
0
0
4
1
0
1
1000
249
1178
82
624
0
0
4542
1737
636
0
2330
254
2019
1994
2259
1048
4
796
1252
538
2
3
562
16
1
1
1885
1688
534
1
0
0
1373
1624
237
0
2184
1851
112
1739
1
1
709
0
2
6
0
2
430
3
1989
5
4
1
2162
362
0
1270
2300
3106
0
0
0
1
2
0
0
7
1063
630
0
2260
1
2
833
176
10
1
0
1057
0
459
1
1
1898
130
0
2
34
424
1
0
4
3
701
2
0
0
725
0
2313
2357
1
736
421
0
1
0
0
0
7
228
2
4368
1307
2145
1
0
830
5
354
0
3
803
13
1
2456
0
4
110
2
5
2
1
1644
2
0
880
1
2166
609
4934
2093
2
0
1
0
2162
5054
2
1
1
1
4844
0
3136
1833
2222
3
1234
0
1
0
2
0
849
1320
1391
10
2
1600
0
0
101
629
1025
0
6
837
1929
2
0
0
2285
3
972
0
1
888
0
2534
1551
1
331
61
2508
217
0
1729
2528
0
1622
1
1
960
1
0
1
0
1957
2
590
2115
0
1
0
1503
510
3468
2
1
0
1709
1426
3
1574
2
0
1558
0
0
0
1085
1
1
1
522
4298
2195
354
0
0
2635
1
0
27
1
1766
326
2236
1041
2
0
5
2343
1
0
616
2004
1836
224
1743
9
390
0
7
470
674
909
1568
2918
8
187
3742
1887
0
1251
0
0
3474
750
0
6
227
2
1
2401
934
1566
0
1
2
0
1
3
1636
1455
1
3820
2359
0
3
0
1
3
2
1888
838
1
3
4
1417
1
282
2090
1
899
2270
0
3470
2076
2130
1820
2208
754
1863
2012
0
600
0
1577
5392
1349
967
0
173
0
1116
0
2038
4400
1940
470
1
1690
2118
2
2030
0
207
2383
3
0
2265
0
1899
1
1
0
1
67
580
0
1389
2350
3
328
0
0
4
0
2518
1
700
1482
1324
0
4
5276
196
0
1
2
765
0
1
3520
830
1064
1
1
1
1
4676
0
0
0
1
2630
1079
574
64
0
140
413
0
2279
1185
5
0
2201
0
744
0
0
1309
2649
1
2958
0
10
1054
2
0
104
5
1
2384
0
1253
0
0
1743
0
3
0
0
0
3910
1
2131
1197
1977
2549
8
895
16
236
2
2301
1
807
1
2004
1
1
1614
1732
3004
4
25
1
1676
10
1974
1
2268
5200
2782
0
1
1562
6
2
1
1
2
1
2403
0
3032
0
710
1100
313
491
5
306
1272
131
3158
2638
2928
0
1
5064
2
8
1
1
1
10
2
2263
0
1
1
4062
613
2
1121
1
710
4
0
1252
0
0
12
1
1
1
1
2201
1210
516
3008
1586
2608
2227
497
5226
9
959
0
191
126
0
2034
641
1
3
5620
0
77
2903
2
4618
0
2
720
1
3
5
2
8
2713
3746
2185
0
24
2858
0
2682
1
2
2824
1065
2
714
951
15
1111
3276
430
771
1
0
1329
737
0
1096
0
12
873
1
1
1
4424
1874
368
4820
393
1700
3052
1683
1
1
622
2099
242
135
1
2244
1
0
1106
28
0
850
2
2780
3
0
1
553
1019
3
1
0
4
4
2
0
3056
1
832
7
2651
1329
0
10
617
2157
7
1670
1
3150
399
2755
1241
3254
1
0
232
14
925
88
78
2936
3037
0
2932
2230
1
2
68
951
0
0
11
5848
0
0
1
2
15
3
2
307
3358
52
0
506
4478
0
164
0
11
0
0
1
2573
1925
319
1684
9
80
6
2
0
4
0
3272
1382
1569
1429
38
2916
2000
1
495
1696
0
422
0
12
0
2953
0
1280
4
6
5
2
0
48
5708
4006
3
1745
3525
2880
3194
579
0
1
0
3529
2
1
0
2182
2798
0
1
2
0
8
1
5
1190
0
2
2
1
0
6
1
2
0
2401
0
1
2
20
0
1
1
975
2
1662
0
0
0
3574
723
0
6694
3
0
5702
764
3551
12
0
2250
1215
2226
704
2051
1551
3142
1
4
0
1
1039
1236
0
3068
1908
1
2
110
496
40
0
1
4
4466
109
1133
12
964
3
2573
3
1260
716
0
6528
3800
1488
1933
1
1639
0
1056
1
1922
4572
0
0
0
1161
6
2262
1
0
1
4
40
9
4
2
3639
1928
152
978
1
1
0
7
0
4
3
555
71
1
2946
1
3519
306
1057
2225
3
1980
3358
11
1
503
0
0
1975
3354
1
0
299
21
1
2180
3
1
396
3693
2
2
2474
2789
10
2441
0
0
3735
