1000 1
466744892
466744892
466744892
466744892
466744892
466744892
466744892
466744892
770990393
770990393
770990393
770990393
770990393
770990393
770990393
770990393
770990393
770990393
836723861
836723861
836723861
836723861
836723861
729464583
729464583
804674640
248184007
248184007
248184007
248184007
248184007
248184007
248184007
248184007
248184007
792131763
792131763
856978835
856978835
856978835
341181056
112293962
112293962
43971395
43971395
689275387
689275387
388630722
388630722
647444558
647444558
647444558
997069684
997069684
997069684
997375933
997375933
997375933
999056548
999056548
999056548
999056548
999699291
999699291
999699291
824726510
410530030
383758881
383758881
383758881
383758881
383758881
383758881
383758881
383758881
383758881
383758881
383758881
383758881
383758881
7224365
7224365
355372
355372
355372
972585775
74349250
74349250
74349250
156154972
156154972
156154972
156154972
156154972
156154972
525141995
525141995
134066656
134066656
880064355
880064355
880064355
880064355
880064355
880064355
880064355
634287222
634287222
634287222
634287222
986267748
568487406
996533769
222554232
222554232
222554232
222554232
60203650
42768657
130901895
130901895
130901895
130901895
696979205
696979205
696979205
696979205
696979205
696979205
155522530
155522530
818339180
759012461
759012461
759012461
803991997
310621074
237927045
237927045
237927045
237927045
237927045
237927045
900544371
900544371
733750312
733750312
851233029
851233029
851233029
851233029
57567428
208488977
208488977
100740516
100740516
7895247
706772688
319681368
319681368
319681368
319681368
319681368
319681368
319681368
319681368
319681368
319681368
319681368
319681368
6493424
6493424
5658845
5658845
3530879
812247956
812247956
812247956
305083440
262399335
262399335
329901670
329901670
628911268
628911268
628911268
922663987
177767436
177767436
177767436
177767436
792010779
792010779
807620381
807620381
807620381
807620381
807620381
807620381
807620381
807620381
807620381
951783375
502421178
198376337
616445602
772754970
772754970
797714490
663121602
699061783
699061783
699061783
699061783
104347157
104347157
104347157
90115248
443362430
176036855
176036855
176036855
162429597
85279286
85279286
85279286
85279286
85279286
85279286
834853734
834853734
834853734
834853734
958070696
148084678
148084678
148084678
148084678
148084678
148084678
148084678
148084678
70348070
70348070
70348070
70348070
70348070
459653689
459653689
635087254
635087254
635087254
728050889
728050889
728050889
728050889
728050889
728050889
728050889
728050889
728050889
728050889
728050889
708377779
85403875
85403875
515456393
515456393
515456393
515456393
515456393
515456393
212241866
861593564
861593564
970756533
502633247
118169084
118169084
118169084
118169084
118169084
118169084
118169084
118169084
24251488
174517492
174517492
174517492
174517492
174517492
174517492
17784575
17784575
17784575
685673282
685673282
685673282
725312838
725312838
725312838
725312838
31889519
13468867
437033532
139596295
139596295
139596295
139596295
108858563
108858563
108858563
108858563
108858563
315061682
315061682
665109849
665109849
665109849
665109849
665109849
577414396
577414396
577414396
577414396
577414396
577414396
577414396
577414396
677713940
300512357
300512357
300512357
300512357
300512357
473784453
473784453
473784453
473784453
473784453
309358820
408202448
440145053
340856873
340856873
887846480
887846480
887846480
887846480
887846480
887846480
921193024
921193024
921193024
921193024
978871682
978871682
694996614
694996614
694996614
694996614
694996614
694996614
694996614
694996614
694996614
694996614
694996614
929147646
929147646
929147646
929147646
929147646
929147646
316127260
267015316
267015316
267015316
126946172
126946172
126946172
126946172
37264764
37264764
37264764
37264764
37264764
37264764
37264764
37264764
37264764
37264764
8328071
8328071
8328071
503936375
503936375
503936375
503936375
503936375
503936375
976429348
976429348
976429348
976429348
976429348
976429348
996603677
996603677
996603677
721956666
90797112
90797112
37172014
37172014
37172014
37172014
32933003
14469418
14469418
12049321
35997425
922901966
922901966
922901966
17908743
17038870
17038870
17038870
17038870
17038870
17038870
17038870
17038870
17038870
7356179
7356179
2082582
43443467
436832678
412299302
66414031
53560545
53560545
5493845
5493845
5493845
4717148
4717148
4717148
2197298
2197298
677092
677092
677092
677092
677092
23383
1311
1311
1311
1311
872221063
217748303
217748303
168137648
247806642
605285282
605285282
605285282
924537587
924537587
517197530
517197530
517197530
517197530
804241677
804241677
804241677
992359682
992359682
992359682
992359682
992359682
992359682
992359682
995585439
995585439
995585439
995585439
858065444
858065444
280450774
280450774
23402993
23402993
23402993
23402993
23402993
23402993
18272264
18272264
18272264
389933860
89897221
89897221
78076697
78076697
780795839
780795839
780795839
780795839
780795839
784000119
784000119
784000119
759917474
759917474
759917474
759917474
759917474
759917474
759917474
759917474
759917474
759917474
759917474
759917474
759917474
442793115
879903392
902220731
910482627
910482627
910482627
910482627
910482627
733382322
733382322
733382322
733382322
733382322
994527060
618135021
618135021
444425952
479747041
479747041
660529403
660529403
660529403
510082797
510082797
510082797
265827944
265827944
265827944
265827944
265827944
886966839
6248071
6248071
6248071
6248071
6248071
739522519
942624992
623863754
623863754
824881834
895326854
895326854
359617791
825154443
162195921
162195921
106419263
106419263
237670435
237670435
237670435
503504746
592232690
592232690
339636211
761077879
761077879
761077879
761077879
761077879
761077879
761077879
761077879
761077879
761077879
761077879
761077879
761077879
761077879
761077879
761077879
802847273
809577851
458106051
458106051
458106051
458106051
458106051
458106051
458106051
458106051
458106051
567303066
567303066
567303066
567303066
567303066
567303066
567303066
567303066
567303066
567303066
389270952
389270952
389270952
389270952
789442442
949774553
949774553
949774553
949774553
949774553
969392923
969392923
969392923
970309626
970309626
979068384
385430664
385430664
385430664
385430664
385430664
385430664
385430664
385430664
385430664
385430664
385430664
392179116
392179116
392179116
392179116
392179116
55682555
14883559
9660615
9660615
9660615
9660615
489913090
489913090
632117661
632117661
575742903
575742903
575742903
575742903
203574587
203574587
203574587
203574587
203574587
269742952
269742952
269742952
269742952
367633124
367633124
367633124
367633124
367633124
990210360
1391892
1391892
1391892
667312377
667312377
813123476
813123476
813123476
813123476
813123476
813123476
813123476
890810122
890810122
907086947
907086947
907086947
907086947
907086947
907086947
923107778
923107778
140818910
140818910
140818910
217853761
217853761
45933611
45933611
45933611
45933611
2108488
72569541
72569541
72569541
72569541
72569541
72569541
72569541
72569541
72569541
8366018
1381464
189434283
350159970
350159970
350159970
33740271
8430775
8430775
8430775
850223148
901891877
980547715
306299933
72804784
535784292
535784292
535784292
33989268
33989268
9761768
9761768
9761768
9761768
9761768
9761768
9761768
9761768
9761768
266978854
171621740
171621740
171621740
171621740
171621740
171621740
171621740
171621740
151378038
151378038
151378038
151378038
151378038
151378038
151378038
151378038
631208494
631208494
631208494
631208494
631208494
165209890
165209890
165209890
165209890
21457076
21457076
21457076
21457076
21457076
21457076
801192123
801192123
801192123
755038169
787479759
375213826
11740874
309737276
309737276
35621433
35621433
29934979
29934979
29934979
29934979
29934979
29934979
29934979
315009836
315009836
315009836
315009836
315009836
675231061
851492605
935606400
935606400
813349717
73191844
906569873
231414837
231414837
231414837
231414837
231414837
231414837
231414837
231414837
168210113
168210113
161275653
161275653
161275653
161275653
161275653
161275653
161275653
150574874
150574874
150574874
150574874
150574874
147797432
147797432
885665978
885665978
885665978
885665978
885665978
885665978
528596619
528596619
528596619
528596619
845793380
845793380
845793380
845793380
354060408
354060408
615477973
938743390
938743390
938743390
630725624
306316901
84505407
84505407
84505407
84505407
8800656
8800656
8800656
8800656
530061579
530061579
530061579
464328116
464328116
464328116
464328116
474198632
794956171
794956171
794956171
794956171
1202710
1202710
1202710
498395286
498395286
498395286
498395286
498395286
498395286
951503595
951503595
951503595
988162479
134263089
200161262
113426455
31900430
31900430
64666438
64666438
9894328
9894328
9894328
9894328
6312867
6312867
6312867
6312867
426755
426755
426755
426755
688713187
688713187
688713187
455511710
245581556
242493724
333677149
333677149
333677149
697348992
697348992
697348992
697348992
697348992
697348992
697348992
697348992
199102195
199102195
34798133
34798133
16246198
8133932
8133932
8133932
8133932
8133932
8133932
8133932
228811706
209184741
209184741
209184741
209184741
209184741
26087917
26087917
26087917
26087917
26087917
26087917
15323632
15323632
15323632
98623151
98623151
98623151
98623151
98623151
929748051
929748051
929748051
929748051
929748051
929748051
929748051
929748051
929748051
929748051
957360524
334701481
334701481
214030002
45679177
45679177
45679177
45679177
45679177
882098714
882098714
920358569
920358569
256222471
256222471
61553892
61553892
389514751
389514751
301077481
301077481
658861451
658861451
281693308
179115264
179115264
179115264
706523883
