1000 16
794061414
794061414
794061414
794061414
794061414
794061414
794061414
794061414
794061414
794061414
794061414
794061414
794061414
794061414
794061414
451752596
451752596
451752596
451752596
451752596
451752596
451752596
451752596
451752596
451752596
451752596
451752596
451752596
451752596
451752596
451752596
451752596
451752596
451752596
451752596
451752596
451752596
451752596
451752596
451752596
451752596
451752596
451752596
451752596
451752596
451752596
451752596
451752596
451752596
451752596
451752596
451752596
451752596
583886267
583886267
583886267
583886267
583886267
583886267
583886267
583886267
583886267
583886267
583886267
583886267
583886267
583886267
583886267
583886267
583886267
583886267
583886267
583886267
583886267
583886267
583886267
583886267
583886267
583886267
583886267
583886267
583886267
583886267
583886267
583886267
583886267
583886267
583886267
583886267
583886267
583886267
583886267
583886267
583886267
583886267
583886267
583886267
583886267
583886267
583886267
583886267
583886267
583886267
583886267
583886267
583886267
583886267
583886267
583886267
583886267
583886267
583886267
583886267
583886267
583886267
583886267
583886267
583886267
583886267
583886267
583886267
583886267
583886267
583886267
583886267
583886267
583886267
583886267
853191406
853191406
853191406
853191406
853191406
853191406
853191406
853191406
853191406
853191406
853191406
853191406
853191406
853191406
853191406
853191406
853191406
853191406
853191406
853191406
853191406
853191406
853191406
853191406
853191406
853191406
853191406
853191406
853191406
853191406
853191406
853191406
830365457
830365457
830365457
830365457
830365457
830365457
830365457
830365457
830365457
830365457
830365457
830365457
830365457
830365457
830365457
830365457
830365457
830365457
830365457
830365457
830365457
830365457
830365457
830365457
830365457
830365457
830365457
830365457
830365457
830365457
830365457
830365457
830365457
830365457
830365457
830365457
830365457
830365457
830365457
830365457
830365457
830365457
830365457
830365457
830365457
830365457
830365457
830365457
830365457
830365457
830365457
830365457
830365457
830365457
830365457
830365457
830365457
830365457
830365457
830365457
830365457
830365457
830365457
830365457
830365457
830365457
830365457
830365457
830365457
830365457
830365457
830365457
830365457
830365457
830365457
830365457
830365457
830365457
830365457
830365457
830365457
830365457
830365457
830365457
830365457
830365457
830365457
830365457
830365457
274667364
274667364
274667364
274667364
274667364
274667364
274667364
274667364
274667364
274667364
45000557
45000557
45000557
45000557
45000557
45000557
38805482
38805482
38805482
38805482
38805482
38805482
38805482
38805482
38805482
38805482
38805482
38805482
38805482
38805482
38805482
38805482
38805482
38805482
38805482
38805482
538652563
538652563
538652563
538652563
538652563
538652563
538652563
538652563
538652563
538652563
538652563
538652563
538652563
538652563
538652563
538652563
538652563
538652563
538652563
538652563
538652563
538652563
538652563
538652563
538652563
538652563
538652563
538652563
538652563
538652563
538652563
538652563
538652563
538652563
538652563
538652563
538652563
538652563
538652563
538652563
538652563
538652563
538652563
538652563
538652563
538652563
538652563
538652563
538652563
538652563
538652563
538652563
538652563
538652563
538652563
538652563
538652563
538652563
538652563
538652563
538652563
538652563
538652563
538652563
538652563
538652563
538652563
538652563
538652563
538652563
538652563
538652563
538652563
538652563
538652563
538652563
538652563
538652563
538652563
538652563
538652563
538652563
538652563
538652563
538652563
538652563
538652563
538652563
538652563
538652563
538652563
538652563
538652563
538652563
538652563
538652563
538652563
538652563
538652563
538652563
538652563
538652563
538652563
538652563
538652563
538652563
538652563
538652563
538652563
538652563
538652563
538652563
538652563
538652563
538652563
538652563
538652563
538652563
538652563
538652563
538652563
538652563
538652563
538652563
538652563
538652563
538652563
538652563
538652563
538652563
538652563
538652563
538652563
538652563
538652563
538652563
538652563
538652563
538652563
538652563
538652563
538652563
538652563
538652563
538652563
538652563
538652563
538652563
538652563
538652563
538652563
538652563
538652563
538652563
538652563
538652563
217629596
217629596
217629596
217629596
217629596
217629596
217629596
217629596
217629596
217629596
217629596
217629596
217629596
217629596
217629596
217629596
217629596
217629596
217629596
217629596
217629596
217629596
217629596
217629596
217629596
217629596
217629596
217629596
217629596
217629596
217629596
217629596
217629596
217629596
217629596
217629596
217629596
217629596
217629596
217629596
217629596
217629596
217629596
217629596
217629596
217629596
217629596
217629596
217629596
217629596
217629596
217629596
217629596
217629596
217629596
217629596
217629596
217629596
366835551
366835551
366835551
366835551
366835551
366835551
366835551
366835551
366835551
366835551
366835551
366835551
366835551
366835551
366835551
366835551
366835551
366835551
366835551
366835551
366835551
366835551
366835551
366835551
366835551
366835551
366835551
366835551
366835551
366835551
366835551
366835551
366835551
366835551
366835551
366835551
366835551
366835551
366835551
366835551
366835551
366835551
366835551
366835551
366835551
366835551
366835551
366835551
366835551
366835551
366835551
366835551
366835551
366835551
366835551
366835551
865742772
865742772
865742772
865742772
865742772
865742772
865742772
865742772
865742772
865742772
865742772
865742772
865742772
865742772
865742772
865742772
865742772
865742772
868581595
868581595
868581595
868581595
868581595
868581595
868581595
868581595
868581595
868581595
868581595
868581595
868581595
868581595
868581595
868581595
868581595
910682885
910682885
910682885
910682885
910682885
910682885
910682885
910682885
910682885
910682885
910682885
910682885
910682885
910682885
910682885
910682885
910682885
910682885
910682885
910682885
910682885
910682885
910682885
910682885
910682885
910682885
910682885
910682885
910682885
910682885
934956226
934956226
934956226
934956226
934956226
934956226
934956226
934956226
934956226
934956226
934956226
934956226
934956226
934956226
934956226
934956226
934956226
934956226
934956226
934956226
934956226
934956226
934956226
934956226
934956226
934956226
934956226
934956226
934956226
934956226
934956226
934956226
934956226
934956226
934956226
934956226
934956226
934956226
934956226
934956226
934956226
934956226
934956226
934956226
934956226
934956226
934956226
934956226
934956226
934956226
934956226
934956226
934956226
951596230
951596230
951596230
951596230
951596230
951596230
951596230
951596230
951596230
951596230
951596230
951596230
951596230
951596230
951596230
951596230
951596230
951596230
951596230
951596230
951596230
951596230
951596230
951596230
951596230
951596230
951596230
951596230
951596230
951596230
951596230
951596230
951596230
951596230
951596230
951596230
951596230
951596230
951596230
951596230
727458079
716721224
716721224
716721224
716721224
716721224
716721224
716721224
716721224
716721224
716721224
716721224
716721224
716721224
716721224
716721224
716721224
716721224
716721224
716721224
716721224
716721224
716721224
716721224
716721224
716721224
195628597
195628597
195628597
195628597
195628597
195628597
195628597
195628597
195628597
195628597
195628597
195628597
195628597
195628597
195628597
195628597
195628597
195628597
195628597
195628597
195628597
195628597
195628597
195628597
195628597
195628597
195628597
195628597
195628597
195628597
195628597
195628597
195628597
195628597
195628597
195628597
195628597
195628597
195628597
195628597
195628597
195628597
195628597
195628597
195628597
195628597
195628597
195628597
195628597
195628597
195628597
195628597
195628597
195628597
195628597
195628597
195628597
195628597
195628597
195628597
195628597
195628597
195628597
195628597
195628597
195628597
195628597
547656416
547656416
547656416
686086898
686086898
686086898
686086898
827294428
827294428
827294428
827294428
827294428
827294428
827294428
827294428
827294428
827294428
827294428
827294428
827294428
827294428
827294428
827294428
827294428
827294428
827294428
827294428
827294428
827294428
827294428
827294428
827294428
827294428
827294428
827294428
827294428
827294428
827294428
827294428
827294428
827294428
827294428
827294428
827294428
827294428
827294428
827294428
827294428
827294428
827294428
827294428
827294428
827294428
827294428
827294428
827294428
827294428
827294428
827294428
827294428
827294428
827294428
827294428
827294428
827294428
827294428
827294428
827294428
827294428
827294428
827294428
827294428
827294428
827294428
827294428
827294428
827294428
827294428
827294428
827294428
827294428
827294428
827294428
827294428
827294428
827294428
827294428
827294428
827294428
827294428
827294428
827294428
827294428
827294428
827294428
827294428
827294428
827294428
827294428
948872730
948872730
948872730
948872730
948872730
948872730
948872730
948872730
948872730
948872730
948872730
948872730
948872730
948872730
948872730
948872730
948872730
948872730
948872730
948872730
948872730
948872730
948872730
948872730
948872730
948872730
948872730
948872730
948872730
948872730
948872730
948872730
948872730
948872730
948872730
948872730
948872730
948872730
948872730
948872730
948872730
948872730
948872730
948872730
948872730
948872730
948872730
948872730
948872730
948872730
948872730
948872730
948872730
948872730
948872730
948872730
948872730
948872730
948872730
948872730
948872730
948872730
948872730
948872730
948872730
948872730
948872730
948872730
948872730
948872730
948872730
948872730
948872730
948872730
948872730
948872730
948872730
948872730
948872730
948872730
