100 100
1009 1013 1063 1069 1091 1097 1103 1151 1163 1171 1201 1213 1217 1289 1327 1373 1399 1423 1427 1429 1433 1451 1481 1493 1499 1523 1531 1543 1571 1601 1609 1621 1627 1709 1723 1741 1747 1753 1759 1789 1811 1831 1861 1871 1907 1913 1931 1933 1951 1973 1979 2003 2011 2027 2039 2063 2083 2087 2089 2131 2137 2141 2213 2243 2281 2287 2311 2339 2381 2383 2417 2423 2441 2447 2543 2591 2659 2663 2671 2687 2699 2707 2711 2713 2741 2753 2767 2789 2797 2801 2803 2819 2833 2843 2851 2857 2887 2939 2971 2999
1181
2489
2569
2793
2002
1773
2628
1886
1992
1378
1607
1064
2064
2791
1063
2659
2629
1914
1022
2308
1278
2114
2318
1467
2820
1856
2065
1426
1418
1540
2973
2577
2207
2689
1463
1437
2456
2200
1160
2407
1718
1745
1147
1017
2049
1972
1353
1612
2881
1548
2847
2926
2899
1975
2359
2001
2683
1385
2103
1127
2531
1832
1783
2544
1967
2450
2582
1916
1901
1547
1155
2509
1759
1346
1816
1034
1793
1233
2909
1433
2259
2784
2706
2123
1430
1259
2059
2814
1702
2775
2434
2609
1515
2643
2010
2042
2798
2911
2622
2599
