1000 1000
2 3 5 7 11 13 17 19 23 29 31 37 41 43 47 53 59 61 67 71 79 83 89 97 101 103 107 109 113 127 131 137 139 149 163 167 173 179 181 191 197 199 211 223 227 229 233 239 241 251 257 263 269 271 277 281 283 293 311 313 317 331 337 347 349 353 359 367 373 379 383 389 397 401 419 421 431 433 439 443 449 457 461 463 467 479 487 491 499 509 521 523 547 557 563 571 577 587 593 599 607 613 617 619 631 641 643 653 659 661 673 677 683 691 701 709 733 739 743 751 757 761 769 773 787 797 809 811 821 823 827 829 839 853 857 859 863 877 887 907 911 919 929 937 941 947 953 967 971 983 991 997 1009 1013 1019 1021 1031 1049 1051 1061 1063 1069 1087 1091 1093 1097 1103 1109 1117 1123 1129 1151 1171 1181 1187 1193 1201 1213 1217 1223 1229 1231 1249 1259 1277 1279 1283 1291 1297 1301 1319 1321 1327 1361 1367 1373 1381 1399 1429 1433 1439 1447 1451 1453 1459 1481 1483 1489 1493 1499 1511 1523 1531 1543 1549 1553 1559 1571 1579 1583 1597 1601 1609 1613 1619 1627 1637 1657 1663 1667 1669 1693 1697 1709 1723 1733 1741 1747 1759 1777 1783 1787 1789 1801 1811 1823 1861 1867 1871 1873 1877 1879 1889 1901 1907 1913 1931 1933 1949 1951 1973 1979 1987 1997 1999 2003 2011 2017 2027 2053 2063 2069 2083 2087 2089 2099 2111 2113 2129 2131 2137 2141 2143 2153 2161 2179 2203 2207 2213 2221 2237 2239 2243 2251 2267 2269 2273 2281 2287 2293 2297 2309 2311 2333 2339 2341 2347 2351 2357 2371 2377 2381 2383 2389 2393 2399 2411 2417 2423 2441 2447 2473 2477 2503 2521 2531 2539 2543 2549 2551 2557 2579 2591 2593 2609 2617 2621 2633 2657 2659 2663 2671 2677 2683 2687 2689 2693 2707 2711 2713 2719 2729 2731 2741 2749 2753 2767 2777 2789 2791 2797 2801 2803 2819 2837 2843 2851 2857 2861 2879 2897 2903 2909 2917 2939 2953 2957 2963 2969 2971 2999 3001 3011 3019 3037 3041 3049 3061 3079 3083 3089 3109 3119 3121 3137 3163 3167 3169 3181 3187 3191 3203 3209 3217 3221 3229 3251 3253 3257 3259 3271 3299 3301 3307 3313 3319 3323 3329 3331 3343 3347 3359 3361 3371 3373 3389 3391 3407 3413 3433 3449 3461 3463 3467 3469 3491 3499 3511 3517 3527 3533 3539 3541 3547 3557 3559 3571 3581 3583 3593 3607 3613 3617 3623 3631 3637 3643 3659 3671 3673 3677 3697 3709 3719 3727 3733 3739 3761 3767 3769 3779 3797 3803 3821 3823 3833 3847 3851 3853 3863 3877 3881 3889 3907 3911 3917 3919 3923 3929 3931 3943 3947 3967 3989 4003 4007 4013 4019 4021 4027 4049 4051 4057 4079 4091 4093 4099 4111 4127 4129 4133 4139 4153 4157 4177 4201 4211 4217 4219 4229 4231 4241 4243 4253 4259 4261 4271 4273 4289 4297 4327 4337 4339 4349 4357 4363 4373 4391 4397 4409 4423 4441 4447 4451 4457 4481 4483 4493 4507 4513 4519 4523 4547 4549 4561 4567 4583 4591 4597 4603 4621 4639 4643 4649 4651 4657 4663 4673 4679 4691 4703 4721 4723 4733 4751 4759 4783 4789 4793 4801 4817 4831 4861 4871 4877 4889 4903 4909 4919 4931 4933 4937 4943 4951 4957 4967 4969 4973 4987 4993 4999 5003 5009 5011 5021 5023 5039 5059 5077 5081 5087 5099 5101 5107 5147 5153 5167 5171 5179 5189 5197 5209 5227 5231 5233 5237 5261 5273 5279 5297 5303 5309 5323 5333 5347 5351 5381 5387 5393 5399 5407 5417 5419 5431 5437 5441 5443 5449 5471 5477 5479 5501 5503 5507 5519 5521 5527 5531 5569 5573 5581 5591 5623 5639 5641 5647 5651 5653 5657 5659 5669 5689 5693 5711 5717 5737 5741 5743 5749 5779 5783 5791 5801 5807 5813 5821 5827 5839 5843 5849 5857 5861 5867 5869 5879 5881 5897 5903 5923 5927 5939 5953 5981 5987 6007 6011 6029 6043 6047 6067 6073 6079 6089 6091 6101 6113 6121 6131 6133 6151 6197 6199 6203 6211 6217 6229 6247 6257 6263 6269 6271 6277 6299 6311 6317 6323 6329 6337 6343 6353 6359 6361 6367 6373 6379 6389 6397 6421 6427 6451 6469 6473 6481 6491 6521 6547 6551 6553 6563 6569 6571 6577 6581 6599 6619 6637 6653 6659 6661 6673 6679 6689 6701 6719 6733 6737 6761 6763 6779 6781 6791 6793 6803 6823 6827 6829 6841 6857 6863 6869 6871 6883 6899 6907 6911 6947 6949 6959 6961 6967 6971 6977 6983 6997 7001 7013 7019 7027 7043 7057 7069 7103 7109 7127 7129 7151 7159 7177 7187 7193 7207 7211 7213 7219 7229 7237 7243 7247 7253 7283 7297 7309 7321 7331 7333 7349 7351 7369 7393 7411 7417 7433 7451 7457 7459 7477 7481 7487 7489 7499 7507 7523 7529 7537 7541 7547 7549 7559 7573 7577 7583 7589 7591 7603 7607 7621 7639 7643 7649 7669 7673 7681 7687 7699 7703 7717 7723 7727 7741 7753 7757 7759 7793 7817 7823 7829 7841 7853 7867 7873 7883 7901 7933 7937 7949 7951 7993 8009 8011 8017 8039 8059 8069 8081 8087 8089 8093 8101 8111 8117 8123 8147 8161 8167 8171 8179 8191 8209 8219 8221 8231 8233 8237 8243 8263 8269 8273 8287 8291 8293 8297 8311 8317 8353 8363 8369 8377 8387 8389 8419 8423 8429 8431 8443 8447 8461 8467 8501 8513 8521 8527 8537 8539 8543 8563 8573 8581 8597 8599 8609 8623 8627 8629 8641 8647 8663 8677 8681 8689 8693 8707 8713 8719 8731 8737 8741 8753 8761 8779 8783 8803 8807 8819 8821 8831 8837 8839 8849 8861 8867 8887 8893 8923 8929 8933 8941 8963 8969 8971 8999
7829
2821
6380
2719
7139
8552
7355
3145
3952
9882
9048
8074
8632
8607
2728
8590
3959
4468
1079
4881
4183
1990
7646
5366
6678
5220
8277
7120
1368
3501
4222
4846
6085
3911
5301
9477
8714
9509
4187
1541
1219
5784
6406
6541
8119
2358
5973
7169
2357
6966
6065
3630
6496
5978
7207
3997
8375
1315
5430
7300
1443
4634
9701
4258
6427
6813
5155
3502
4774
9430
3487
7800
5952
9997
1907
7380
6147
8550
9656
1651
7872
3710
2746
8518
6438
3637
9472
3588
7039
4903
1722
9784
1431
1813
4590
4657
9120
7329
2677
2130
9892
8135
8044
7924
6052
9124
7693
3835
6338
2050
1953
5231
1074
1035
7600
4609
1772
6736
8603
9994
4031
7525
3867
5943
5496
7622
1796
8267
5997
1462
4211
6225
7302
7542
1070
2009
5750
2216
4733
7215
6344
9424
2530
7107
5383
6866
7479
8712
2149
4135
3847
5064
8517
7702
3632
9321
6947
3213
8178
3842
4433
2644
7640
4789
5411
7104
3555
7342
6544
7907
7154
8505
5068
6160
9582
6295
9199
8670
5391
5980
1871
6546
1348
7083
9517
5961
3611
3932
7018
3614
1272
4092
3100
1498
6771
8356
7539
1558
6692
9708
5096
7975
1050
1223
6773
8967
4746
7437
3285
2022
9951
4726
9178
5855
7101
3824
2329
3354
2411
2288
8157
8071
9410
5845
4089
2103
3341
1721
1600
5878
8980
5836
2853
8784
2254
6681
1520
5763
6355
5624
4572
3675
8788
1625
3460
9283
4301
6845
4404
5259
5895
4165
5748
2345
5377
4994
7927
8054
7808
2552
5670
4157
1793
7825
6951
2477
8231
4885
6815
1776
8403
3221
6219
2977
5842
1349
5107
2195
3435
5610
4932
5343
9152
1226
8682
1518
6153
4638
5959
8535
7103
1289
5867
3987
6343
3529
4780
1925
9292
2738
7993
9411
4482
8007
7858
6083
8875
3267
4951
5846
2555
7665
7344
4202
2485
3707
9939
6113
9008
9798
2110
4178
4273
9402
4083
7982
6875
6435
3411
5113
7885
2076
4313
4213
1737
3149
1374
7523
1676
7965
5804
5432
8366
9645
4448
4923
6369
7352
9836
2138
4232
3147
5549
1614
5234
2517
6608
3349
2459
8624
4065
4811
4160
7264
3060
5681
7295
3070
2454
8841
6518
9195
1434
4219
1085
2723
3323
6759
9277
3524
7968
2089
1178
4916
4540
7904
4307
8319
9425
8376
8476
4147
8985
5770
2418
7439
9340
2041
8919
2637
1296
4612
7127
8831
1564
7806
9659
1328
9957
1491
4585
8152
2298
2540
6733
2206
5376
4155
9885
3159
3344
3998
8302
8962
5817
6916
5570
5355
5030
7213
8972
2569
6285
6431
5594
9358
3543
8483
6646
8797
5462
7873
5039
5988
1781
7586
1672
8253
8411
8525
9632
8877
9964
7903
7181
3775
6925
9646
6797
8216
7436
2377
5609
2601
8317
4141
2681
6552
3383
2172
3714
7664
1804
7091
2526
3759
7474
7276
2741
7688
2030
9486
6854
8133
6176
3864
5889
5995
9828
3554
2453
7610
9681
6490
5793
5740
9421
7186
3180
9052
7092
3668
4121
2268
7204
7988
7489
2836
6970
9349
2643
1177
5465
5066
9917
2042
8546
2448
1950
5439
5374
2847
5326
6937
7327
3414
9129
6792
6973
3153
3718
5860
2462
4818
2804
3462
1445
2781
2438
6803
1270
5575
4193
4690
2820
3572
2285
8191
4786
3784
5944
7336
5483
6906
6066
5907
9022
3337
6459
5087
2417
1076
1736
7184
2945
6205
4125
8093
1660
9880
4970
8346
1680
7464
5076
1278
6466
2754
7572
3618
3223
1728
3935
6804
7519
8621
6081
6824
5536
1544
1542
8506
7067
6106
9160
2860
8922
5724
8802
4500
4110
9859
1926
2956
9846
9211
1196
8581
5787
7952
2077
3634
9305
4397
9993
3578
7633
6535
4462
2184
3220
2671
8554
9602
2441
4827
7877
1415
4287
4730
5160
7421
9907
9870
4081
8194
5289
5460
9821
3670
7320
3876
4701
1475
5557
2704
8992
9677
8820
3756
3803
1622
3023
3677
1192
2775
5387
9551
9304
9678
9710
2645
6249
6032
2837
7058
8232
6489
2315
2684
1484
3052
9729
8879
5409
5070
4047
1650
3212
8540
5080
9101
2564
1929
3246
9774
6592
6357
5271
4096
9800
7370
2168
2972
9538
9557
1554
3175
7979
4007
9498
4412
9702
8601
7565
2536
2001
6929
9692
2507
1675
6399
6471
3791
2947
6852
1428
2539
8289
8448
8933
4529
8266
3564
5551
1891
7573
8987
7163
5716
9657
9738
5965
2939
6718
4203
5370
1894
3121
9432
8210
8354
2061
8783
6149
1292
5518
9031
4150
9110
3305
8635
1886
7313
3581
8213
2598
1914
7499
4661
7182
1593
8220
2449
3075
6827
9660
6254
2919
4385
9584
6923
2065
3051
9740
8547
3731
3622
7715
6727
4265
6840
6637
6222
6453
8717
8085
9309
7929
9943
8751
8856
5249
9095
6395
2419
5720
8835
2101
3504
1417
6703
1406
7691
8463
9626
3011
5759
7353
5620
6164
5708
6820
7121
6946
2435
6999
5174
1945
5507
4565
3226
9232
7594
7383
2962
2416
4003
1654
6414
6796
9954
6780
9792
3920
2751
4960
6036
5486
2779
2502
3274
9788
1376
8907
5191
5219
5795
6704
1439
2054
3128
3022
8454
6093
4346
3169
8994
9496
2617
2701
2185
2578
8532
1962
8951
7577
6381
3917
7895
6348
4001
3887
7235
5588
3275
8502
5022
7490
2650
5747
5335
5990
8060
5395
1910
9537
2636
8503
2717
6050
3135
5091
2761
1379
4241
5381
3781
8203
3850
5038
4707
1040
6516
5098
7754
2178
4896
9648
3434
6287
8906
6142
5347
5630
6559
9752
7915
8873
7566
4122
1591
2210
2532
4208
7712
4841
8501
3465
7723
1173
3316
5327
7893
5585
5492
5654
5307
2739
8145
4458
1336
2823
9491
7285
6393
9883
2805
5983
9132
1096
5701
7871
9167
2619
4002
3424
3755
8172
9475
7894
5717
5603
6988
3307
6455
5985
6294
5085
7361
3278
4658
4882
2398
3500
3511
5838
8658
3590
1124
4606
7397
4223
4584
4601
2716
4796
8678
6628
8123
5692
2106
8702
4324
1030
6514
4488
8606
1846
5151
