40 511
2 3 43 53 73 97 103 137 139 149 163 173 179 193 211 227 229 239 257 277 293 311 313 317 337 347 349 353 379 401 409 431 443 457 461 467 487 491 499 503
5321
4742
7004
9083
9216
1947
8184
320
5492
5637
7394
6539
6428
5544
9376
6656
7977
2764
9307
8503
6826
6914
8345
6538
8842
7420
1364
7029
7937
333
6999
1473
3340
9596
8946
9243
7523
5826
1667
8963
8474
2487
873
6504
7367
4717
8428
2269
223
6746
2068
9099
187
3763
9808
8513
6376
4897
8782
3437
1991
4782
52
4909
8955
8341
2354
2206
79
7939
1636
5757
1229
343
2569
1400
7702
8331
3364
6860
1106
5539
8099
8119
98
9533
1068
6866
7043
1573
9698
1018
889
7627
7505
751
3731
1336
8093
1837
8754
6109
4471
6770
9571
8047
9974
2502
4610
1472
2230
3907
502
7790
648
8138
1680
8279
9945
2240
6526
9595
9081
6454
8257
8501
3454
5294
4024
8231
7053
4144
6283
7206
3650
2336
2295
8177
9730
4523
6590
2766
5901
6135
6133
9597
3229
6991
9408
9219
2919
1207
8195
7483
3387
1295
6518
911
9670
7890
7015
2957
8841
5356
8446
8168
1124
8241
7539
8281
7614
8210
4490
3815
6886
1489
6913
4201
1963
998
3382
1936
4394
3198
4908
6768
2333
475
1500
8554
7563
3365
6537
5773
8500
9759
9739
2788
1498
483
2306
3803
1948
8452
9677
9502
5813
2334
8765
1209
9065
9555
6175
1872
7294
5091
6822
6553
2335
8347
1955
470
5108
945
2853
7175
5045
2067
3948
6764
4760
3267
5121
3674
2989
4528
7529
5970
2220
8215
6199
258
3620
1208
2101
8573
948
7730
501
6917
6410
9573
2159
9466
8873
8466
5357
4627
8766
592
2576
6082
8974
9682
3677
788
1566
679
4269
1380
8640
995
8323
997
2327
3845
9481
7557
8805
9218
6842
281
5372
1353
8792
7485
5209
1077
8581
7672
4023
8929
6818
238
2702
3542
4634
5456
1590
1465
4638
2201
4982
996
3581
3302
4031
703
2410
4141
4164
1233
3100
4256
8236
8489
6523
6369
3218
1228
9507
9558
354
9015
235
5342
3742
3640
2630
2053
8896
4035
7305
9675
7484
7099
2594
9186
8152
7938
9770
1171
3199
115
4429
4097
3438
2986
8764
8222
3243
484
9220
8598
5355
1383
7003
8283
8022
83
5921
5759
4584
9120
1804
4388
7322
1730
1754
7242
4022
7923
7585
5194
2356
3482
4111
4589
3413
5861
4495
6214
5299
5758
5953
8346
3664
6903
284
7005
8385
4878
4894
9787
9757
3132
6134
5510
4368
5621
6189
8354
503
2755
4218
6727
600
7275
5411
1844
1471
2110
1408
6854
4884
934
7226
1988
8096
5795
2991
9409
4491
1394
153
4337
9486
1652
1331
3463
314
93
9689
9019
3197
5626
8338
4910
8895
5192
2652
9467
7785
403
3108
8611
3166
1946
4244
4929
6345
2485
6691
3027
1130
4976
5978
9372
7853
2888
8435
6083
6238
3560
6783
5521
5552
3543
3352
3308
5688
5885
8120
9913
9692
2246
1000
8309
8916
7568
7671
5573
2765
8263
2861
662
7434
1241
2827
148
4489
9778
613
5853
5205
3232
9530
7112
4826
9521
6126
3544
3441
312
4538
4715
8291
6896
9035
7431
7422
