30 306
2 5 17 29 41 53 61 67 71 73 79 83 101 109 113 163 191 199 229 239 251 359 367 383 389 401 409 443 457 479
5039
2740
3297
8584
7362
5759
4404
7761
9518
8846
5385
3889
905
7480
5502
4558
574
1097
1602
9237
8681
4161
4667
6298
3075
7419
9595
2772
3110
1511
4859
5757
7768
5511
4368
9749
3019
6996
1146
4605
977
8323
1875
4913
2329
8855
5824
3300
7462
4129
4973
2654
7760
2656
808
538
5383
1089
1288
209
5517
5176
1886
2774
3112
722
2155
1513
8947
681
1709
6122
5472
460
7183
1635
615
6924
9582
1090
7814
4668
5050
7002
7720
7797
561
7677
8439
8539
7000
743
9754
3103
1327
7275
9443
5635
1328
4134
8858
3100
4310
857
4898
6191
8860
2390
3746
9290
6753
3623
3890
1816
479
2005
7769
2919
6225
9496
4628
5751
8127
5866
6672
1720
3735
1391
7887
7361
914
8441
3397
8390
5426
4666
8356
8142
5027
2393
8419
1530
766
604
4391
2625
9286
2363
8143
8964
739
903
1210
5341
4421
1058
5645
2394
6227
3207
1136
1413
4895
3543
3542
952
9597
5384
8718
5893
7948
2716
9221
8859
3544
7693
162
8922
8920
4125
1329
4835
5025
8440
3888
5592
4311
1166
3502
8141
5999
2004
5758
4852
4373
1018
3023
7499
5026
7001
6184
8870
9489
4500
7466
9885
4309
2544
6543
1636
8374
6643
1573
6069
2888
5858
2238
2395
1796
7486
1121
9223
7767
6665
9462
2041
4064
6645
8310
3056
4930
2868
7852
7528
6793
912
2836
6008
3558
346
6226
8434
5460
6270
2741
1199
1266
7666
352
7431
2467
8634
2003
2209
2667
8364
4096
859
9442
657
4809
1697
3414
4332
7288
4661
913
8565
4832
478
6000
725
4767
9277
6590
1634
2311
2742
340
3585
9933
6480
9596
8516
7588
4148
1901
9222
4863
7095
477
4395
7826
402
2418
7214
8880
3111
4037
6644
2190
5816
8472
4578
8420
7360
