3 1000
13 17 23
4996
7110
9717
1202
327
9775
112
8069
9947
4924
5333
9601
6329
8945
3273
5791
3383
225
7963
3554
2595
8125
2669
3444
4489
4636
8469
4829
6822
9861
5999
5324
3812
6234
2083
9419
4324
9778
3096
966
4304
6912
8551
4531
6228
2429
5303
2965
5053
4491
2588
7565
1208
9014
1280
8997
8689
9713
7006
6365
3747
2571
4053
1766
4090
5747
3278
3095
3766
5898
1444
3343
3914
3520
2410
9262
3789
809
2874
699
8337
1147
869
5605
5707
2790
9506
1035
9901
8091
1250
7823
2297
1027
4957
2847
6073
2265
7591
5327
9123
3161
3604
5802
5956
5322
4357
8541
5529
1180
8799
4889
7376
7415
6776
978
8215
9788
86
4830
8840
9395
6899
5997
218
8269
8559
7491
1669
3616
5006
1850
9445
2396
6584
1571
6734
6126
7368
5663
4410
2602
8447
9617
2505
6066
937
2633
266
5911
1760
7383
1311
1730
5139
19
1793
9873
2367
5465
230
4284
6800
7299
9450
7025
199
268
3028
7694
7857
279
6479
7245
6998
3075
1596
9749
7534
8571
803
4511
6965
4412
35
5119
3421
5046
7301
1460
110
3033
7547
5060
374
1421
7287
6858
1144
2289
2203
9343
8981
9061
2843
5755
6627
3469
3953
3288
2574
1292
4026
1433
6994
8876
414
9414
8379
3595
2322
8967
9670
3455
4682
7366
2427
439
1636
2994
2949
786
9595
7866
2428
949
4561
6807
4104
7210
757
9793
589
6990
5063
8059
9508
6483
8400
3077
5165
2933
4504
3313
3755
3147
3813
8408
3885
2624
9679
9821
8884
7647
8009
3073
3066
9048
8854
9930
1748
7834
4879
2357
3542
4821
7019
9518
6303
4790
4999
8030
4580
7386
8302
6757
1213
339
6651
7905
2211
5867
8183
4005
7026
1697
6819
4849
3463
3274
6953
9920
1456
4844
5250
3726
6386
4300
3515
7046
4813
312
4376
5193
5817
8921
3392
688
4458
7250
1390
5316
3679
1851
1179
6996
2583
7820
4469
9844
6159
3836
1342
1734
7506
283
6009
3152
660
6111
9676
5767
6379
7389
4731
1334
2697
6586
8267
6270
3014
3737
3258
4286
9102
698
5543
9043
2431
8369
2043
4853
5607
1719
4751
6409
2159
9955
2646
742
8096
2064
1929
290
1005
2129
4503
2086
8969
6557
583
6796
6911
5928
2910
4705
1564
5285
9103
3856
6374
9074
5472
2701
7652
7324
9724
7220
5340
8905
532
762
2132
1241
2334
4451
833
2544
8587
6252
9432
8312
9720
9158
5654
3594
3686
5571
712
9379
930
2590
8567
2468
8771
7256
6052
8608
6577
9112
6961
3756
4578
6286
5548
4354
5534
3701
5080
2276
6244
9558
210
3178
9042
4502
7363
4317
3875
8821
2490
1982
2208
9319
2664
1124
5216
4141
3079
3547
4296
3234
4483
6172
6772
5792
413
7944
6108
2803
9939
9128
1522
373
9806
472
2796
7551
8272
3317
7337
702
8041
5137
4363
8341
5887
5824
9407
286
5781
9942
5800
5161
4888
7901
7449
6434
334
9864
5353
8135
3614
1918
2531
6485
4140
5798
1549
5550
7744
4325
242
608
8792
3727
3580
9075
119
6202
3651
9837
873
4051
5290
1817
8160
3831
160
4087
4417
58
5993
4546
9481
3476
9335
5882
7811
1192
246
7492
6259
8163
1021
8084
778
9431
9026
3746
872
353
3644
3126
7270
2287
5528
5591
2470
1051
6047
448
1858
1207
3090
4577
4785
7181
5502
787
2966
1445
7511
674
9577
8044
7307
4757
2861
1306
3189
9954
5090
5389
3340
1095
9846
122
5424
1267
178
6330
197
8533
775
6368
3448
5222
7159
2369
8767
2051
8928
1435
1767
8534
9988
2481
8202
2399
243
7213
1088
7487
3709
6401
2785
3117
5175
3175
2213
3844
6967
7494
6845
3654
9522
7737
9618
3005
192
5554
4175
8441
8182
3795
6114
101
2113
3362
2597
992
6727
9076
5688
9851
8243
5022
3277
4447
3500
4067
603
2551
7850
4089
3265
8953
3046
587
6654
1727
6214
1086
4100
1523
3053
6801
9124
730
647
5335
7255
7160
7426
637
7539
6086
863
8204
7663
3917
5068
7086
1970
8672
4387
9635
3404
9299
4541
6267
9654
7586
2484
6193
5269
2220
333
9638
5515
9878
3674
901
62
7264
5094
9792
8844
8129
8278
9622
3787
994
9541
9531
4695
2464
824
2802
6351
8558
5625
482
631
3036
7416
8094
8597
2794
2444
1439
8816
985
8257
8644
8382
5711
4110
4721
5665
6747
6480
8450
5585
315
5649
7767
1237
7891
139
4589
9636
4755
2945
9619
611
5246
2682
7810
217
6500
7269
9854
9798
7742
4733
5291
4781
8233
9971
2528
7704
1396
739
3966
1547
5258
9096
9860
5856
921
4072
4142
6156
6213
6344
7355
4468
6382
8591
4630
4439
4016
6712
8396
8293
6525
2061
1007
1651
7782
3160
360
2579
7760
9998
4574
1152
1698
550
6349
5686
6716
8434
6755
6879
9180
6811
5545
3913
4585
3310
815
5712
2040
1279
8803
9024
5435
7225
5437
5179
8737
3577
2434
3372
3591
8599
2813
6102
883
219
4719
4187
6656
1244
5820
235
4114
5020
3255
8247
1807
9275
2786
9327
259
2512
1813
6456
8284
3694
8282
1182
8229
8248
385
2510
3708
7989
9277
5750
7940
9240
3266
2016
7662
7405
9387
4487
5351
7417
2094
6641
9710
2048
9055
275
9809
2103
8321
7734
4936
8074
6289
6010
3764
3843
1353
3412
866
1802
9008
8025
607
5752
7153
1478
503
7873
6913
5951
9537
6558
8078
9504
9072
8381
4658
2166
1845
9770
7478
6392
1908
4269
5073
3587
1492
1040
7855
3609
2561
7321
3012
9718
3967
7237
5608
8670
9994
7453
7176
6799
2589
3983
3121
7529
3672
9578
8227
6394
2591
8368
8475
927
3628
7799
8673
3378
1271
5200
2050
3256
5128
1038
5404
732
484
4788
9968
9848
706
6316
2937
3702
9944
9070
6749
4600
9271
4699
5523
4320
1701
592
2993
2950
5636
359
7403
8460
5959
6837
6012
6975
6841
710
2692
