5399539
6164436
10722659
10722659
13183138
13382152
15736296
15736296
21198870
26202206
34241883
34241883
36522585
37022402
41142372
41142372
45421094
46014774
49203573
49203573
54784916
55819428
59655544
59655544
61545281
66644523
72365877
72365877
72965396
75403652
78098670
78098670
79675582
80308308
82330744
82330744
84923557
85911332
88817448
88817448
95233755
95736184
98014426
98014426
99381135
100581821
103183089
103183089
106483398
107372903
110428550
110428550
112706473
113627415
115751414
115751414
124154855
124298227
129793030
129793030
131884145
135594487
140110329
140110329
142783489
145938657
152077111
152077111
155697791
156048875
157421158
157421158
158833584
158892374
160198970
160198970
160653930
160666708
161699907
161699907
167657590
168933257
174818644
174818644
177027496
179225894
184244466
184244466
188667451
190286626
193491490
193491490
194435276
195840862
197570631
197570631
201985529
202533724
205644652
206406420
213595012
214170704
217602441
217602441
223291902
226014086
229690743
229690743
234096245
235272650
236654540
236654540
240452399
241493038
244419755
244419755
247336979
247575189
249500013
249500013
250525276
251849515
253895703
253895703
256050695
256752661
258477205
258477205
260768343
261430379
262265710
263013096
267468445
269342884
273766130
273766130
274568657
274636477
275333888
275333888
278718668
279642828
283277284
283277284
285470761
286156051
287633982
287633982
288536131
288763594
289706103
289706103
293055495
295352587
299769031
299769031
302856159
303100864
305003835
305003835
308940297
309237790
312271615
312271615
317354142
317580781
320806836
320806836
323651930
323891551
324615319
324615319
325687391
325746180
326756339
326756339
328617299
328832168
332876438
334677803
341842058
342392286
344839308
344839308
350849287
352424846
358870983
358870983
367790458
369615113
372824537
372824537
373915528
374414432
378708003
378708003
384498709
384727603
385758661
385758661
386936679
388503842
391224281
392094869
398706442
401143274
405103810
405103810
409529696
410494335
413184266
413184266
415457797
416315440
418449711
418449711
420068475
420643010
423312184
423312184
426632869
426788547
429036788
429036788
431200826
431583585
432879515
432879515
435411868
435984338
438407873
438407873
439273618
439620430
440912849
441510059
444441688
445156617
446292300
446292300
449047350
449542864
450418206
451203849
455004651
456883898
461706964
461706964
464226095
464320576
465336903
465565530
468028553
468697134
469851686
469851686
470680714
471184714
472112277
472112277
473155976
474418219
476660584
476660584
480589694
481641932
483636176
483636176
488170160
489105690
494161433
494161433
503620575
504318609
507798529
507798529
509622306
511454336
515258227
515258227
517713157
518526609
520887726
520887726
525615049
525798520
527820891
527820891
530449307
530796920
532186221
532186221
534338752
535016728
538180428
538180428
541214283
542120047
544046908
544388952
548853137
548953580
549824144
549824144
551558609
551605742
553162394
553162394
554930690
555908876
558463843
558463843
563358659
563420682
567038157
567038157
569417921
570464939
572103541
572103541
575203843
575299253
576918868
576918868
579245807
580315734
583651645
583651645
589984248
589985473
593687959
593687959
595733319
596932836
599585660
599585660
601539029
601653899
602500154
602500154
603394363
603613167
604800894
604800894
606060576
606395264
608595400
608595400
611193220
611963309
615780991
615780991
619794234
620988563
624473313
624473313
632527787
633211353
638254388
638254388
641909313
644431383
649094194
649094194
653013078
654224061
656995897
656995897
659963989
660698507
664068264
664068264
667278309
667625559
670642756
670642756
675438667
678572799
684747349
684747349
688387710
692278505
697722232
697722232
702194316
703257953
705240774
705240774
708926851
709065216
713148139
713148139
714813059
716563980
719121201
719121201
720600254
722727474
726433370
726433370
732124314
732166667
735003949
735003949
740944934
741366828
745798588
745798588
751796603
751979590
753264063
753508806
757293260
757476504
761746197
761746197
768943967
769135015
771522204
771522204
773711147
774616906
775952579
775952579
777478200
777643922
779337872
779337872
781562839
782150366
783589749
783589749
784625246
786979665
791788520
791788520
797779921
799291622
803317764
803317764
808577905
809278522
812945623
813733388
820269401
821899909
825443877
825443877
832001146
832238826
832960777
832960777
834721453
835064947
836286541
836286541
839070017
840250684
842032603
842032603
845271151
845652315
847685858
847685858
848654800
849376537
850525358
850525358
851439261
851648280
853586273
853586273
855731356
856050675
858158973
858158973
861453485
862796195
869620969
869620969
876928470
876958282
878998359
879202362
882404261
883271800
885728282
885728282
890351766
890816119
893178320
893668454
898062591
899058190
901748905
901748905
906184752
907142530
909690649
909690649
915553928
917298884
920693589
920693589
921997611
922811254
924835873
925027693
930782209
931104225
934211053
934211053
936489209
939346483
944984028
944984028
947641842
947793008
949190083
949190083
952722294
952939715
953901467
953977761
955449553
956514361
958824198
958824198
964515946
964644965
965473538
965503429
967424070
967870234
969433620
969433620
972071281
972613333
975354826
975354826
980882114
981034425
984082376
984082376
989175862
989616015
993923312
993923312
998343515
999752302
1003682855
1003682855
1013697273
1014149347
1018610026
1018610026
1024816453
1026427219
1033546412
1033546412
1036001277
1036340037
1037955209
1037955209
1040186075
1042872137
1046589320
1046589320
1051296246
1051313704
1053626645
1056778381
1067331400
1067473421
1071386839
1071386839
1073470602
1073721900
1075317788
1075317788
1079687038
1079984321
1085236332
1085236332
1089993070
1090104030
1090684187
1091542550
1093452147
1094327409
1098385727
1098385727
1108965464
1110054553
1114588655
1114588655
1116657895
1117860834
1120185098
1120185098
1123537958
1124199996
1127731205
1127731205
1130314392
1131393924
1134337677
1134337677
1136709600
1137369236
1141346434
1141346434
1145107794
1146302146
1148927222
1148927222
1152557072
1153442288
1157673746
1157673746
1159569023
1160655286
1162185677
1162185677
1162865280
1162889146
1164735109
1165545053
1168653411
1169107475
1169815756
1171762349
1183117186
1183122094
1186628459
1186628459
1189204981
1189523800
1191146483
1191146483
1196532474
1197455952
1198822135
1198822135
1200679038
1200811220
1203971745
1203971745
1211145676
1211697856
1213742739
1213897592
1218850754
1219931342
1223123254
1223123254
1224634924
1224919128
1225836440
1225836440
1227796466
1229174830
1231555268
1231555268
1234209659
1234355897
1235357312
1236281592
1240382016
1240553924
1244547778
1244547778
1248689951
1250187227
1253417861
1253417861
1259319397
1262035766
1266681962
1266681962
1273230140
1275286210
1280145613
1280145613
1282706211
1283101219
1285164039
1285164039
1290302638
1291097116
1292737458
1293093076
1301359254
1302895689
1310759250
1310759250
1314708654
1316169337
1320540220
1320540220
1324529412
1325349935
1328315325
1328315325
1331011738
1332447773
1336557158
1336557158
1342481659
1342814907
1345728354
1345728354
1346517537
1347501184
1348547295
1349319263
1354162466
1355219967
1359360987
1359360987
1365003555
1365686535
1369573899
1369573899
1375710929
1376405228
1381835002
1381835002
1384408028
1385147250
1386523302
1386523302
1388562124
1389093820
1391873621
1391873621
1397183023
1397294156
1397816759
1398379390
1401177618
1401673554
1408452745
1408452745
1416298232
1416419727
1418206409
1418206409
1421014661
1421582213
1423367577
1423367577
1428230822
1428704530
1431362590
1431362590
1434237383
1435077924
1438536333
1438536333
1443868349
1444381245
1445515388
1447204236
1451630817
1454235173
1457492076
1457492076
1460269780
1461897241
1465755935
1465755935
1467921837
1468525254
1471771768
1471771768
1483507611
1483765752
1493261633
1493261633
1497772713
1498278251
1500469712
1500469712
1503236689
1503467811
1505038177
1505038177
1506122168
1506975187
1510000809
1512579447
1523177203
1525715673
1529063211
1529063211
1532964183
1533183323
1536194443
1536194443
1540924180
1541481339
1543648243
1544597674
1549308796
1549595741
1551358962
1551358962
1554618572
1554893109
1557719971
1560264751
1566202695
1566417836
1566957932
1566957932
1571230970
1571957935
1575121786
1575121786
1575633220
1576033555
1578873585
1578873585
1581598833
1581666601
1582748143
1582748143
1586180389
1586253335
1588929424
1588929424
1590442019
1591314031
1593296040
1594913194
1600519048
1601651220
1602996255
1602996255
1606547828
1606684594
1609533631
1609533631
1612664000
1616150803
1621023356
1621023356
1628183628
1633267390
1642340954
1642340954
1646019414
1647173292
1650417046
1650417046
1652284593
1652845876
1655840353
1655840353
1659239137
1659274294
1659889011
1659889011
1663772449
1665891136
1670583994
1670583994
1674833568
1675662299
1680179591
1680179591
1684855992
1685697773
1687424602
1687424602
1690031277
1691127151
1696375045
1696375045
1698927368
1700361604
1703976170
1703976170
1711392592
1711625611
1716064603
1716064603
1719779013
1720146575
1720873432
1720873432
1725191825
1725584247
1730032453
1730032453
1732582083
1735314093
1742967607
1742967607
1750660832
1753492854
1757221226
1757221226
1761697191
1762192116
1764536516
1764536516
1767200369
1767831900
1770298109
1770298109
1773232780
1774996592
1780991164
1780991164
1788260863
1791840094
1796958568
1796958568
1803875379
1807441751
1812320992
1812320992
1816702939
1817383539
1821223438
1821223438
1826213304
1826490213
1828661739
1828661739
1831292457
1833922852
1836906062
1836906062
1840520740
1840663426
1841163713
1841360982
1842920993
1844418397
1846769269
1846769269
1849649418
1852481839
1856826919
1856826919
1859413051
1859800094
1861250732
1861250732
1863418872
1864618513
1866262610
1866262610
1871271321
1871271644
1877588032
1877588032
1881902572
1882399818
1887540582
1887540582
1892216984
1892237068
1892994318
1892994318
1894873782
1898993278
1904175089
1904175089
1905833836
1905933492
1906189639
1906189639
1908522598
1908701534
1910814378
1910814378
1913094942
1913480119
1916697748
1916697748
1922822847
1923333144
1926494050
1926494050
1931825583
1932823004
1934159631
1934159631
1937575307
1938420052
1941009463
1941009463
1944959568
1945287079
1948119911
1948119911
1951670854
1952940439
1954983555
1954983555
1957433249
1957727788
1962414644
1962414644
1972294556
1972901925
1978275056
1978275056
1982493310
1983267897
1986674865
1986674865
1988934290
1989083559
1990008794
1990008794
1991684304
1991684304
1991684304
