481765935
85377745
270216264
191391531
812669702
553475510
445349754
344887258
730417258
812158121
147699713
880268353
889772845
686078707
105754110
182546395
949118332
220137368
979932171
89957934
873226919
715669849
486937974
196032870
777206982
68706225
843638551
212567594
883488166
964776171
928126553
301950429
992516192
426542626
849040637
941604922
400427946
994719312
38269864
659998486
280937365
681643303
725914712
729267238
23351878
142750433
840579931
98560399
910500677
170970493
856224192
983059346
718458136
876268427
764841631
398844032
185252729
370429128
502141745
993687336
15934106
363674762
904629751
47965622
451230258
84670934
561035574
840531615
248402492
518954511
614127121
683337407
382875697
843654051
436430329
951656721
120033499
669566826
277092598
219218651
643287358
41654186
429623095
35222247
888581009
505099308
807426511
317442756
853580354
292425667
944216785
589638740
401170803
86979692
225161332
444887339
339228197
131636658
182095965
211082013
152299429
223840044
287487108
593400970
735206214
589759003
69834512
668882482
808284660
201886573
14983333
86000816
361784849
761170566
801013199
730103627
5748440
576460933
267998020
287998489
883570153
659169189
28409915
145324181
148026997
783671752
994411752
6364915
968295564
559931136
653962275
11243549
241418523
699304832
261159142
968925559
891777680
928854728
542938505
135550599
59320410
521884895
873213990
71339240
965117087
525440095
212677190
484742722
852483213
533958748
583332389
80815712
217079211
913595889
931858670
2583105
237123475
963071902
825207676
700375107
196796185
706140954
9984372
976151789
319159304
442727412
232021907
578512112
303305402
117157998
269950144
471898587
343191862
114797049
152143926
338685733
762321160
749675388
634535221
114316402
68043417
772004057
659481684
54969876
580643063
957115008
948283604
553189270
23689367
209050472
587136520
675026725
817376091
333349108
185694321
783003132
302247657
987818734
585293995
182559976
41127597
716688812
3823675
999845057
98508732
220256097
600558247
747030707
575147696
145222950
718559875
348928355
109934476
377520762
288380743
209526758
401155646
166723145
287531642
2183739
905284681
347176137
934901151
163821531
198427212
70386609
3224419
204255257
646953789
182909375
209707628
134707447
801884114
79174
509813597
114827155
691055055
24505185
607161719
458914657
226846019
553909178
899333079
14238778
819515401
681350656
221792730
631623004
957482163
97905457
501708872
133968318
107735696
130019383
106757932
140807482
81126606
517753388
72861361
682476209
818041956
419256081
923373704
858421367
741274455
858703734
72439838
434168434
685894565
527723019
309435109
85983585
222814912
304108469
286148118
129671548
288551721
153725530
54348073
894080109
531178258
391458522
175922355
58976530
97888156
977056432
364873479
84695050
874846522
440931206
110483416
169580812
612835721
606947927
70258300
65332133
579011703
374726711
720130753
403305024
517512819
877548654
589473926
844934697
509860473
713161155
927004627
646230980
195355618
248501144
162346599
445357090
274341734
475831919
33644406
860692745
441680397
153542751
333654409
383555938
399374304
178883769
827166047
499751565
868830342
167033400
452444898
796613053
310287809
432751769
714404999
78178980
236080652
985327811
155562332
590092362
104530718
893065163
901252295
81763211
491323755
463846100
326665132
390979636
527534545
200171891
941574090
234179033
62300694
324920403
691968676
612172296
731415695
346491167
81471951
541238767
604257739
411582460
360400843
970817050
53465945
414036231
170490217
21467391
28707211
309610390
14059756
103580245
503213503
738262273
148776518
756377566
450650279
164186914
81410007
381320613
104667214
417872784
604083094
205023125
287159203
722668326
863334006
635231439
463352604
381068806
734163365
347371393
510014275
836056577
59749908
557511761
861506628
110751898
934278861
418587765
112026360
510083579
54150486
296877749
91507158
695475950
106023607
857575456
853016196
394623361
73113432
408884325
362645885
600221026
311361449
331020204
789630849
78408878
64206051
886071794
806799590
97749306
4909135
461651560
931894844
154736416
418544569
434491730
722318508
325228393
39987002
107488994
97051120
82953400
251951720
760329870
966331977
725640581
877082121
917831365
699274598
942525381
432507918
362431468
141343842
665564234
631816432
349677416
794593157
248294573
37430313
605816181
812840798
553585302
971464218
8690905
29201995
39201057
457063730
726212483
704495907
233326031
239201039
393479899
470441288
484908659
265491379
494070684
685789556
846206508
66110759
481376531
18269582
333824643
524643868
117104854
739141935
605540662
454008492
639712618
99874734
627711608
882688116
920301187
261856649
208601229
432859437
880180060
877819185
899971112
98551744
37649376
564730606
384404673
710498874
279314607
860610482
885352673
999426981
298088719
138045483
752628682
884423793
127991777
257083002
678295048
122491834
665518470
988334860
522010228
336758180
761818668
180219470
259406256
961603705
518763465
196150924
138392513
862720895
354043650
546965959
466668833
916382921
322111514
164897094
258046234
478762222
254320225
715848040
696058611
6807454
341788524
604321730
382741978
584975154
537501519
471641425
180281404
943538706
390271938
860379352
895591037
631817827
952331130
832433966
102803428
110844167
339394777
588783406
455244166
308476875
38297260
938993626
48555823
930358831
139193779
447992226
117920228
682827606
669388453
562105039
28664840
19386627
464321381
297990421
144638577
852188690
430549899
114506822
413917080
947037968
885118799
841827057
537716676
60528230
432220404
885642678
39294281
906580384
152334978
970631263
751486329
163311493
51113284
27170076
634036763
113597344
881628699
108087035
481509807
129482320
376731877
763558940
216482322
947260759
790613441
619313290
801874773
241424529
336030858
802799870
815458066
70592572
9134481
250486269
203774340
185251413
108323208
489353748
808733280
855272972
972917812
104285886
351195144
941104598
288617210
89827073
432607170
109659378
216685009
873783314
173748950
629266719
482338359
503156220
921499856
564230992
730359855
74025241
695848451
213508986
853952713
333033976
791618823
566314638
598476330
121455787
60356495
409982269
748704245
875677533
713526956
117009141
207248985
278464285
850951686
689179017
85406598
278706090
518225536
277281653
556727424
277164215
59527891
853102627
770433887
36761399
623022578
365780717
714519851
292149842
69560515
29708890
170396424
376727281
532705584
483951942
136350868
410215548
173227802
682687165
797241924
162436280
685673047
853477238
335928759
496677901
296635187
886027273
996606819
601537994
64630434
566849100
128623133
605919247
568066186
220226188
994162637
372563804
199429706
183411852
842511579
563641189
344082097
52770294
884096780
100747339
459473289
389234621
200824517
103210889
47314059
533584455
391380555
875989890
257188585
799204787
409247177
622912091
489252811
807062355
367555597
917129099
37007571
456590272
19815170
974817240
488226200
871902485
421877146
282858593
778927102
483314944
121797355
131959587
554973904
710624191
315469147
100017521
93441092
291092546
524649671
380886344
297330762
551482699
714001702
616740979
166822127
332884085
770079780
500744352
967911705
954882796
2255682
94585461
732013958
917509528
292597522
24780977
915035298
698868150
409718919
478945610
829649328
447943847
463890284
540636936
823976468
470761038
205254647
748618306
989502645
808450027
439335257
319628371
498501261
130014325
905277881
378954184
552577709
395170741
961969358
515016125
502577920
65189337
105271099
47900755
221544810
630556271
697552336
365019487
602729122
893090908
514932216
152201682
173969072
177169281
118275764
60717377
548636273
745745616
258227746
80478065
714283328
257032045
38804877
214951725
272769059
119826913
433509420
99044963
830678474
466378813
388644768
258014825
763144841
559325076
832982512
16619804
403802324
397147147
74369924
307241238
619990835
86024349
824415736
556587280
105910313
359827011
846594615
307819439
61699819
225550215
696848152
808026605
629056071
481858289
229915493
73836551
760810057
549232207
535702631
104135670
684357631
946355254
366619813
880675252
714777972
72603647
464813393
589403092
102345776
127483566
501832019
988875960
846160355
305352818
40848176
671189785
693904718
718583409
288188010
388646896
475908258
382974265
21817292
903506251
866639897
772315884
948801908
98119051
332167025
90543451
984872855
38742566
925804741
773648066
747538804
418344075
82024645
908911713
900413061
567506549
328888171
679620978
134381154
917548835
579233406
989349350
706906091
52516267
293093512
11048304
745411999
531770468
720217824
140798885
207817130
33522982
971002847
890522097
990265719
358225051
766726421
355198128
424365731
331750580
96129538
64599185
238258576
455658050
443945040
21293908
591926315
803118294
715681893
979576221
382647792
33148018
95827550
296887765
875221519
653528019
746795943
971404450
756912100
34318388
350621224
470551809
632646227
700130696
45292426
141553549
18090485
384142620
17170049
48973892
344555440
439953566
312083897
71239543
90651079
770640919
158588234
560775617
854366612
263875727
857719387
77596916
159789173
900106308
463785655
801823642
738618400
185967246
952339211
637793907
415516125
30506579
331017282
861396582
243681370
323822160
504212672
901157398
810800353
621461945
163503268
562984840
226454175
140806733
795420854
51148036
710691983
826087864
806457300
434133203
664583941
553516000
628532313
271428886
626471875
683200260
979193318
963315145
13063480
16194676
452500439
808103031
618869417
193202573
170075469
207988559
674043137
25154457
27737294
6108550
959398706
794437293
318726366
468555680
238744710
81991857
11691069
205536275
649104227
246387403
322220428
21923567
179202289
229521301
46530726
154003918
760913951
0
