6720
7746
9541
59
5497
9965
6161
6916
596
6033
1589
5684
5759
5519
206
7478
7921
806
1400
5320
941
7703
5672
7191
2953
829
6993
3941
441
1026
4598
4042
799
9977
141
7069
9863
1085
486
5114
2541
9151
7005
4196
2126
6064
6590
6257
4726
2428
8639
8300
3946
8807
3036
1481
7676
2409
4361
6469
8492
4971
81
679
4498
1947
9490
8819
3651
6091
5922
4356
8433
6523
9045
8579
5785
7767
2542
2056
3826
2493
8054
2085
8508
2393
448
5405
5574
4236
406
7213
1982
5934
981
1740
5666
8200
7719
9559
7156
8768
4797
3490
1071
6760
682
9423
7034
246
5164
5314
6131
9033
1156
2392
6295
4947
6149
5619
6851
7837
3667
2743
5750
1858
5282
8832
5225
4470
7098
3127
8248
5116
1356
5388
2679
9268
8952
7829
9995
8493
2313
3222
9878
7965
4846
1308
635
2732
1898
9782
5039
7530
1720
2158
9471
922
6971
3586
9695
5888
9510
3100
6086
2716
1645
5376
9861
6522
2506
8502
5941
9947
9508
1748
453
7001
6938
8079
8120
6007
2965
3013
2016
107
2760
6770
6995
5438
367
7237
2764
2323
5746
5367
4006
7038
8448
8254
2649
2654
5691
8252
6460
8053
6656
2843
7195
9948
3414
3880
8446
3743
9550
5496
7601
6347
5720
1290
6509
5936
5335
8908
2174
3620
5377
7590
1478
272
6226
1098
4871
6431
4284
7135
8458
3931
3399
6466
943
2496
2637
960
69
3662
4142
1071
5702
3960
4657
5043
8273
7151
3255
8819
5252
2587
129
2564
319
2296
6950
3418
4824
272
9381
8265
9355
8808
906
4879
2117
7714
1673
7068
8531
7178
9964
5920
1744
4518
9002
9657
9587
2416
614
2027
8419
1152
9365
9947
4776
6609
8870
1207
9760
3035
2113
3806
6686
5482
9291
3839
8979
6504
2615
6107
4409
6931
8344
831
4941
5268
5226
2053
2897
3651
1973
3764
6468
2197
5903
43
1484
8559
9011
3957
742
8599
5340
3173
8082
7813
2224
3138
2419
1084
3249
5938
1593
2110
3112
65
8011
4432
6194
9935
8833
350
3846
1960
688
5322
9606
4962
1950
612
1656
783
589
119
9784
95
2834
7951
5169
1964
6403
5010
3944
7379
9652
8439
2206
3481
7087
5390
460
5574
2003
6996
3958
4071
5247
972
75
6610
9293
6474
2902
6049
6483
1637
4071
7149
1322
2596
8798
1314
4644
5118
8916
2735
7596
7497
4129
4207
9934
5282
254
3820
5793
5984
8375
8522
7298
5552
5586
7652
6254
534
1437
1343
8689
2629
247
2376
6036
1034
7955
5485
6708
2873
8727
1469
8712
962
457
3787
6164
9728
9845
2791
350
7593
6181
1405
5378
7321
6843
2744
5689
1603
4821
6719
1117
6348
1539
1796
9253
2338
3041
