8036
9377
8711
7725
6707
2587
6624
2666
4166
7531
6860
6296
9471
398
6083
5604
1400
3384
2288
5036
6715
206
5421
3951
5988
9910
8546
6052
7405
2931
4457
1527
1008
7427
6808
8109
2886
5579
7481
9514
8410
2367
2140
6726
3920
698
9755
9085
1696
9479
8355
4928
7667
6029
9576
3855
1413
8569
8770
6836
9739
5361
9376
1571
2606
3765
6082
6072
7745
4340
3389
8645
5444
5611
2578
5230
1510
9300
8128
6265
4916
9395
3259
5619
2339
8365
7827
1066
276
2773
2759
8340
2887
5932
7534
4132
9558
2249
9287
5824
3374
214
2357
2375
9344
7553
8547
2275
7971
7386
8780
3374
9278
6931
4424
1767
4222
6497
6946
862
5827
5494
9270
3274
2193
8150
9751
1593
4851
9411
3358
1751
5052
8028
3742
9598
1005
680
7041
8791
6973
6824
1078
7957
768
12
6610
5136
6122
1001
2997
6989
8635
1168
4190
5040
4735
4211
6382
6514
9236
8137
4535
6511
697
3216
1253
3771
439
6915
4399
289
6574
6254
7232
4357
3232
4047
4999
3401
2632
9302
3935
7096
3907
9815
2215
8695
1747
4669
5246
9072
6185
1875
2894
9708
5824
1243
1218
7428
1589
1194
6911
3775
8738
6433
8165
3468
3563
6652
1169
3571
644
9663
5650
7923
4203
7399
9737
6771
2591
7627
7409
5735
7773
315
9710
3583
6011
6464
5107
8582
8632
7027
7660
2918
2866
2541
9808
7527
8734
2348
7915
517
8086
8318
3369
1306
9648
3925
5871
2263
797
7738
3154
5061
7952
5978
2717
4392
2151
3772
8816
3911
6330
8350
8488
4283
549
1473
4889
7910
5921
4060
8470
5700
1470
7406
6902
9011
8410
4664
4114
4447
1848
3148
2323
3822
1885
8752
7286
3413
3383
7422
183
8582
3233
5436
2621
4855
8479
5833
668
3837
4087
5451
8046
8951
3501
8436
4653
9237
1373
9210
203
859
5230
1833
7692
5469
6104
9112
4468
6743
610
8826
9741
8896
5417
5078
7586
9255
5772
1879
1225
6372
1128
3140
9082
4872
5740
1286
6477
1865
3043
9900
4123
4945
2030
613
735
7740
8348
3161
761
8198
1485
3357
2707
5781
8685
7132
1858
443
2834
2140
3475
2385
1858
3665
3972
8864
7731
750
5154
3112
9048
5707
4753
7380
5909
469
3676
7094
9157
2453
8018
6496
5046
8459
744
2497
6387
7651
9814
7453
2996
810
9988
8852
3333
5133
9739
7735
1398
9924
3971
3925
4214
7737
5396
6583
7763
3493
280
8642
9568
9427
6769
1371
857
3690
4504
8782
4689
2715
7233
505
9538
4881
3816
2955
5047
1028
7486
543
3729
1788
1370
2280
2212
6956
9920
1126
1223
8642
1813
353
3426
6972
2472
5017
3629
4682
938
8764
9146
1940
2453
365
3695
7142
9442
6682
9996
4373
3942
6684
3690
9960
8306
412
3113
4083
237
6145
1004
1895
2640
2517
6263
8668
7889
5962
9713
1329
5803
3619
6432
9723
7105
5971
511
9416
8245
2760
7191
982
8209
4187
1009
1345
7045
400
1399
4855
524
8570
8205
9327
185
7085
4916
1874
6836
2051
3211
1297
8804
9527
7775
8137
3487
5437
3252
2482
8581
1389
9464
8164
8502
7421
4956
5922
2464
3512
4982
7248
7640
6400
453
2077
2900
3031
6791
3167
2976
1204
2970
9803
6872
5242
7942
8552
8243
3006
9188
58
2963
5057
3869
3325
129
7113
7657
100
2548
1164
4917
4980
2598
3020
2757
8607
9313
573
753
1308
3552
7319
8145
9177
995
7891
8438
455
4250
3702
6126
6779
6193
731
4116
4701
3989
827
5098
4269
8095
500
520
5302
3943
635
9974
7879
2746
4771
9357
1299
2755
7196
1609
882
2401
5179
6026
9020
38
5367
6391
9193
7545
2587
310
434
9625
3660
5786
9115
1162
8598
320
7709
142
4090
7833
6855
4473
9704
5260
428
8305
4997
319
369
2696
8132
3416
9073
4444
8757
9029
6892
6387
2585
3699
2767
820
8526
1197
9988
5057
2581
975
163
5812
1651
4143
2128
6575
3379
7015
9255
7453
2800
7848
9061
5534
217
960
8857
7496
9449
3621
3305
4241
9768
7158
4274
8810
3472
9619
7139
8146
506
5718
3680
2380
2888
2893
5792
6159
8645
1851
764
7139
2685
5130
8143
1795
190
8405
7285
7844
1414
9243
6008
564
3376
2631
4832
9890
8247
305
5209
1788
4115
8481
7894
6920
3886
7887
9231
1902
5708
1568
4059
9123
6963
3224
314
6565
3923
6534
3880
6682
5910
6411
842
7598
6119
8175
8494
2648
6732
8255
1580
4002
1370
9260
2533
5797
1294
2847
3903
6942
1138
5857
5759
7090
2949
1746
5892
5865
2432
8702
778
4077
5355
4280
4454
3513
7717
6602
5661
2724
9439
4819
2768
8799
4243
268
1882
4718
4888
9444
786
1604
834
622
6576
2867
1760
4584
4458
5760
9320
5411
6212
1904
8694
932
847
5214
3252
9173
5814
2163
1250
1748
9100
5997
9820
4258
2816
3893
7654
5830
1949
4215
807
6846
4304
4545
7657
1050
2381
2164
3784
5892
6236
2978
2637
6967
7345
5758
1661
6738
1020
3059
1393
5502
8455
6498
223
7198
5746
712
3705
6715
9584
398
7642
9835
9845
3221
828
1872
1258
7877
5977
7940
2847
5398
7506
592
8060
5502
9434
370
2322
3793
1350
7342
8284
3878
3229
6261
1084
1886
7499
3984
2493
3834
4190
7484
8074
5446
1692
9020
621
9106
229
3069
1941
2567
7213
8814
9454
4783
8641
3618
451
111
5254
9814
5348
5742
6740
4927
5609
141
9860
9887
2856
2240
9927
9695
9280
5210
4877
7705
1119
8640
1002
5297
6063
2397
5598
3503
2468
7487
4739
4815
9928
7833
7940
9497
5279
2127
4087
4133
6356
7878
4258
8268
2093
9617
8602
7296
7719
8294
2787
6512
9563
3847
4479
5441
1830
1955
8638
8444
4359
3342
3485
2640
1399
4211
2279
253
9242
7388
7687
1927
4445
8551
2837
9649
5383
5052
7813
3662
427
1239
1067
8176
7594
8576
5046
7185
3211
6984
5897
7583
5093
7612
7223
5553
6010
4983
2363
4951
2910
4411
5609
8075
3516
4118
287
757
2723
9113
8682
9457
6997
4409
7725
4203
9514
8466
1979
760
3547
1991
1415
1079
174
4357
5115
5776
872
8924
1027
2394
7874
8478
5235
3800
2430
124
5012
633
9115
6744
9414
6808
2582
7960
7214
8146
8253
2656
8968
3623
9193
3415
6687
1760
1996
5064
6107
786
9743
9403
2099
3750
6016
7548
2268
5284
2293
2850
236
4133
8533
7961
3640
2939
1299
435
6727
2346
4771
4949
7605
569
4042
2864
8672
1961
5139
7252
7482
6446
4078
3206
8150
8026
6073
579
4548
5333
6785
3110
1189
886
5910
1013
2950
9199
2259
2183
5990
6219
3958
9075
496
6558
5310
5981
9827
3215
3081
5629
2509
5610
2347
8825
1183
7385
387
5553
8300
8832
6999
7682
6802
3921
6304
5822
4955
3418
6553
8639
8008
1441
389
8780
5481
3323
1671
4892
201
6318
2734
4474
9193
5980
3711
4509
6159
5661
4898
5172
1641
5976
9705
9732
5967
2846
8124
3998
7834
2211
1488
1581
2592
5929
6581
8223
6092
894
6997
7669
5282
5533
7893
385
4424
7810
5332
1238
4661
7651
3790
8334
3208
5622
9364
5808
5889
2541
268
5130
2357
7694
8913
3468
2951
8324
1748
4004
8580
7118
7923
9185
5794
9841
1355
6756
6739
4514
663
1562
4738
150
6995
2339
8263
2319
336
7178
994
4716
1490
5783
2073
4131
8507
3069
9679
7477
8876
6416
5491
3248
6879
801
2795
4962
6868
9080
1034
2581
8354
7605
7629
8031
971
5304
8337
6442
6577
2099
4593
6844
4376
8696
5992
1336
1549
8940
857
5645
6654
8503
8825
9401
694
4800
3218
3302
7391
6719
6592
2384
1577
6935
5995
6571
9665
9657
366
7278
8392
1081
884
4967
9421
1029
469
5399
7874
2486
4015
7728
8247
1181
8593
3748
9443
9643
1706
5141
4062
5707
3698
9831
4136
3176
3685
2989
9174
9262
3038
33
4191
2682
5235
2711
2454
502
7535
7510
2033
2765
8948
6839
9839
1675
2617
3846
6927
5946
8287
6359
3195
7430
4357
1703
3807
1504
5114
3226
7609
9220
5556
4716
3609
6613
7991
7134
1478
2614
1131
1861
1560
7890
4898
6287
7418
8724
9529
9434
2514
4830
862
4857
1475
6641
1166
4634
5484
5000
3914
5159
9680
6899
5481
4232
4328
8595
7605
270
8595
3266
6059
8222
8606
1025
6062
9655
4812
2645
5426
9381
9684
6249
9058
9980
3402
309
305
2357
5352
4821
8376
911
3956
5676
9298
637
8990
8912
9584
7347
7789
1446
3417
30
7161
1908
1193
1881
9352
707
6432
2368
7411
8447
6397
5491
4048
6710
9434
5758
6777
8505
3945
1257
4747
6264
4022
6508
5440
8763
1922
1989
3780
4449
473
1326
5228
87
3651
9865
9362
3779
3363
3862
3385
8007
2673
5827
9611
5992
5079
2964
8846
1855
907
4776
5501
2818
8025
2126
6140
4011
4774
4669
7502
5811
9055
734
5735
1620
4224
8379
9756
6905
5940
3233
4266
2532
6403
2340
329
4126
2582
1725
274
9026
9085
297
3246
4892
882
9279
4438
6244
1687
8391
4708
4135
2604
1822
8646
4281
7515
9703
4512
7884
9722
8682
1110
5445
8507
9378
6155
7606
5161
2394
5682
7745
8492
7784
1084
6965
9375
7918
471
6904
6419
6798
1627
3154
3339
7505
6941
106
3703
7452
1197
8960
4690
8296
342
1680
3651
1942
4030
1258
8174
4095
5952
681
2844
5512
3813
4751
1284
138
5302
7345
3701
6000
1173
5099
6094
5672
4797
9946
6962
2317
4238
6212
5704
4810
1493
382
4910
8946
6912
6776
2728
8319
5826
7653
6414
8808
2186
1452
6014
4035
7018
833
4939
4421
4149
9939
8095
7639
4967
7524
2996
1506
3194
9954
500
8043
6383
7932
7312
1659
9142
2608
1470
4904
4182
946
1544
989
4449
5368
2712
1448
5865
3145
2937
143
138
2374
3623
2829
6306
9238
2039
3230
7156
4120
3506
2701
6230
3226
4187
8414
8211
6536
8267
4932
8618
4991
6826
8822
9998
5081
7428
3672
2313
646
5376
5269
5792
5863
8753
8734
4363
3017
5168
4118
6767
6512
109
7457
602
7704
4803
358
596
1306
6943
3928
7191
9767
1519
6833
4539
4068
410
5079
8634
9303
23
1793
2942
3121
2140
3692
3241
7576
6772
1695
8748
8540
6358
3134
1864
9377
7063
3188
1541
2225
7134
1500
1559
1494
4480
1151
5134
3709
7722
6886
4664
8560
2859
5802
389
9963
5377
6991
3564
8588
1732
3537
2726
6742
8556
6518
5688
1195
4331
8159
8803
1608
5482
4632
6411
489
6669
1467
4596
8677
9164
1073
7816
2306
317
8354
5382
526
1918
4855
5343
8753
6321
9548
6455
7687
8463
6853
5612
9946
1815
5997
7862
942
6574
1677
2929
6756
5292
9021
188
4448
5505
5036
1893
3881
6807
9872
1877
9580
5467
7392
9657
1829
7378
2816
4718
3052
1932
2483
5368
3590
4216
7504
8598
4328
2478
3619
4782
7729
6452
8289
6103
264
4044
1676
2269
5932
9998
8050
9238
9667
9752
3938
1753
996
9563
8654
4173
3767
9333
9916
3711
8008
8428
247
7923
3005
6744
8581
8818
5936
4435
4306
3283
2432
4786
5297
9512
8943
3354
7946
286
2900
9124
3528
574
2729
4762
4842
529
8128
3122
2713
5755
7941
7679
3016
8310
1511
8025
8875
8695
5768
4510
6867
9668
5419
9228
2428
590
4393
9604
3795
9842
2221
7214
9248
2979
8442
7151
8402
2547
3220
7257
5079
5300
4834
4138
208
1005
5219
2351
8048
390
1702
2458
5111
8020
1662
5331
9022
6226
8546
3898
9546
8530
9199
9198
1415
6318
3105
1300
9613
6401
7227
9516
1648
2602
3431
6586
3721
115
3329
6258
6008
6593
3398
6066
9672
9389
9623
2684
2132
7810
4761
9148
2305
6631
1411
8444
4415
4446
5312
5290
2950
6945
9018
9121
824
1210
1662
1572
4833
2432
2836
7407
4335
310
8743
922
2671
353
124
4579
1624
3424
6103
9561
4904
8206
9150
9248
2141
7822
1879
5202
5552
517
2880
6449
6786
1063
7996
2279
2731
2563
2204
2814
4536
3640
7322
8755
7094
8321
848
5092
1470
1799
7049
1951
8028
4641
4973
8947
6802
3258
8465
4082
1898
3667
3726
4521
8157
8213
4644
3572
7202
8503
2271
4990
6231
4268
906
795
6352
4372
2039
4311
5998
6664
9310
5446
6927
251
2840
2428
8433
1339
7142
6023
3059
758
1298
9407
2095
4142
8836
990
1370
7996
7506
2322
264
3439
1869
20
7979
1911
6976
7837
2323
6309
9433
6591
2400
1109
7478
8952
2386
1081
1623
1508
8207
9012
5190
1621
4118
4095
2559
8198
5301
6297
9728
4418
9754
8377
8651
1255
6194
8735
1865
3924
514
8135
4898
9599
3929
74
1516
8424
7534
5185
3599
7318
9501
9776
6005
5382
4566
2127
8057
7888
3128
4386
628
4977
3556
7433
7185
9979
1892
2150
8809
5565
2612
4911
7675
2159
7039
3296
1947
6098
1805
3738
8467
2760
2663
6876
1049
5535
1232
3486
1020
5063
9983
4218
9637
249
2545
5281
5444
8130
7369
3165
3446
8093
4405
2353
4277
3850
4102
2284
9708
1569
2855
760
4322
4796
7683
1942
9171
7358
858
807
9654
9959
9745
3534
7452
3023
5851
8214
3788
3031
6428
2809
2034
7097
1688
7574
4093
1686
8612
4325
5342
8067
2170
1630
8400
5550
760
5543
1986
9297
3967
9404
1632
1392
8656
6812
7780
3551
1891
114
1390
7653
9084
5962
9967
2761
6550
7116
2161
8472
9959
4670
3264
7733
9125
6579
5217
4192
7909
6414
1087
1721
5206
8247
9653
1836
4143
9399
539
8103
7930
3147
2484
8186
8725
3543
326
8723
1536
6052
5534
996
8499
4276
7219
7191
2638
4206
5389
2738
5776
1691
7018
2783
8015
8652
1511
1293
3640
9520
5674
6232
7093
8600
4172
5401
9402
7346
5216
6556
884
7611
3183
653
376
8914
2503
2740
5656
5255
8633
5283
5610
3879
2581
6692
3757
1454
8908
2591
238
4885
526
4892
3823
9997
5333
7952
5393
4759
2865
1438
1453
744
5824
1932
7442
6299
7708
4668
6893
4395
3092
8174
4829
9599
1445
6806
7475
1666
8919
9683
6856
6359
7792
8424
3330
9205
1052
820
1994
9009
6204
8334
2452
8973
4561
7346
3060
2423
7306
2113
5383
1394
7459
5784
2703
4765
7509
9372
9336
6533
5885
2206
6838
1861
5721
5009
7317
2075
9694
2336
3730
3508
6461
3824
439
1159
9631
9024
5121
4649
8336
7976
7436
7316
3615
2317
6780
2396
3269
9640
712
5712
8605
6042
5679
7026
56
7061
5518
6036
2023
7498
7897
6524
3244
6245
7497
7119
3628
2006
8916
2103
7298
2284
7057
5184
123
6852
4130
4499
4125
4353
2911
2216
6040
8819
4623
914
644
4222
7601
620
4752
7617
4715
298
9024
9828
7583
1516
6760
3540
7797
406
941
4729
153
9336
3762
3699
9710
9644
3169
1857
5660
5237
8200
8946
6771
1713
1172
5265
920
6853
3467
4285
4901
5114
5719
6347
7406
3761
3116
359
4385
3982
6043
6502
547
7702
2147
9239
4717
9071
9505
6565
1209
4035
8
2569
8084
4133
1310
2937
5903
5238
8622
1449
9877
7756
2556
8189
2568
5286
9313
4982
7899
7073
161
9286
1692
6865
9536
6275
1226
2543
893
4350
2809
9066
7355
7430
8849
633
5964
7904
6159
6198
8423
8104
5627
7477
7660
5893
9712
6215
4332
8652
3090
298
3138
7093
4787
394
2922
9566
138
4451
3141
9406
1577
7054
1029
6933
9751
9344
9015
8552
9606
5384
530
5348
5989
4848
5986
2191
1815
686
4282
5555
9994
2726
7726
6286
357
6582
2954
7071
8795
9563
7470
5798
6679
5372
657
8138
7351
4379
2260
2771
2697
4884
8413
9251
3175
8511
3657
4538
7223
5035
967
9078
693
7363
201
4979
9014
2214
8393
5340
8118
1095
9543
2801
5332
8305
8500
4894
3585
7192
2454
8199
7194
3619
8553
8940
8174
6047
3702
1405
1127
9843
2464
8363
9586
9156
9794
8383
8020
405
573
9911
5071
1016
8457
6917
705
5714
7210
6768
4688
2014
5711
9720
2436
2181
9977
8394
434
9653
9354
5327
6894
7819
7319
9026
9168
9059
2217
4789
6882
5161
755
6656
8144
6627
6898
6687
5622
3324
5639
9947
7219
1176
3631
8274
5208
5131
5141
2756
8857
4290
8975
9116
6985
4877
476
5038
989
1016
4400
187
942
5410
5390
9376
2307
6076
6944
6164
4745
3416
2861
411
1279
9351
630
6310
747
7009
473
6593
3763
6175
5949
2806
6662
4350
3222
8138
5935
3293
4615
6018
3571
7767
4672
6204
6823
3157
4158
3158
5471
9355
2514
9950
5065
1034
5281
3383
8593
9393
9175
5973
2549
5901
4742
6242
8204
1824
3458
2633
8308
7296
2018
5965
8561
4150
2813
2776
1948
8848
9842
7972
3041
7874
4143
1540
3220
5026
7004
706
1033
9584
7860
4385
5811
4667
6053
6602
2477
3115
6848
2796
2595
2046
2982
1245
3782
891
1224
7271
5625
7307
7616
6349
4218
6690
842
7430
34
6288
5948
353
9878
6642
5658
6047
3356
5637
1701
6449
1270
579
2510
2716
2062
404
872
1030
1463
8396
9040
1101
7953
6767
9935
5015
4318
2742
5098
8050
6323
1641
6153
4820
2468
7156
243
7669
262
1857
4093
1256
4917
7612
4047
2290
5094
2792
9038
8236
1075
9001
4165
108
9836
2583
9211
1527
3616
7816
4846
7967
5858
7064
961
112
4045
2804
5657
2601
9191
582
57
1744
2547
1381
9915
5539
3136
2018
7332
7519
5484
4963
701
4044
7915
1721
8671
5114
7608
63
3217
3556
4883
828
9823
8301
8929
7717
6617
1809
4900
9162
8226
7717
3915
9848
174
324
3933
9895
3583
4589
1488
8959
9876
6041
8221
67
5788
9003
7130
7448
6728
8894
3985
3847
6595
7510
1455
2937
5707
1136
2111
8801
1735
5280
6725
9034
7705
4662
8666
2939
3024
6071
6156
4746
1691
7764
1616
993
8381
8601
5581
153
1169
9354
5775
1384
884
4191
7679
6265
5060
2675
7474
7265
1702
6825
2562
7479
6621
3060
1595
7119
4607
131
14
7704
5251
2566
5576
3369
4826
678
529
7731
2667
3197
3904
6265
6074
4518
1094
9877
2789
5824
1062
5520
3554
9570
8011
5099
5750
5557
4908
9942
5899
6749
5101
6437
1113
9542
8096
249
8761
3901
7681
3375
1805
2345
7314
2775
5263
823
2687
5993
169
386
2383
2383
9931
1345
3413
8252
4091
1487
6246
4631
8205
4032
5120
198
6113
2974
6222
4955
3940
9328
816
7719
1527
3880
4277
5054
5787
9248
8547
268
1164
5922
513
1867
6962
158
4205
9227
411
8771
514
2024
6251
8996
5826
8701
3930
5075
9668
7542
2877
6081
7390
6914
8387
3752
3332
6585
2200
661
5935
3286
2588
3370
6811
3607
6100
6872
3823
5053
6523
7454
6941
5124
8417
2398
205
4452
2559
572
3248
6529
429
6156
7940
9054
9835
3340
3716
8662
5961
6872
3402
3463
4768
3126
7073
7134
5422
5045
2283
3019
5389
386
2728
7386
2419
5749
4714
4387
5393
3957
7620
187
842
8267
1957
5914
4473
958
430
5857
1647
3936
2396
3567
163
3609
4524
2483
1397
3714
1225
5686
2046
9581
8476
2734
8573
3409
9281
8811
4852
897
7495
700
4054
248
511
7283
8385
5206
8833
6823
983
8867
9664
1147
1062
8853
7163
4909
8107
887
6194
6018
2466
3922
4166
7015
8687
9785
7205
4992
7983
4850
8396
8102
713
5484
5530
9506
7722
4162
8105
244
6333
292
2541
3532
5513
6216
1284
5134
3522
2263
8936
6658
3288
9762
8912
6623
6233
2157
7594
5483
7309
1425
5259
5133
3966
7951
2872
5995
918
6919
5134
6278
1112
5861
2184
1899
6257
4993
6433
5339
563
4065
8474
3149
9012
4509
9999
1199
5187
4004
6941
9250
1393
314
9546
4678
1129
5834
8018
2635
3410
7068
9304
6474
8530
528
9644
6058
5545
897
7283
8415
7171
1680
3362
3950
2051
7161
4463
7775
5920
7466
1467
2471
5101
2196
37
3563
5031
4840
6502
9177
7635
4149
5740
6568
1649
4084
2332
5505
799
5014
4099
382
807
7917
1746
6668
5004
8033
13
7443
1078
3796
571
4734
1196
9528
3481
3184
9644
3331
438
3990
7476
2058
1860
1337
8456
9619
404
3873
3660
8504
8688
9223
8311
7632
607
7595
9073
9903
7030
442
8752
866
1750
5797
6291
2245
5857
9579
5596
8391
5214
7836
7676
738
5635
5098
3517
3476
389
1721
7282
8701
3551
9687
7194
6338
8461
4114
6720
3009
4577
3431
9025
3103
3544
8135
5735
7257
5833
8940
9321
9755
6896
2263
3269
1038
5904
9588
609
9112
7388
5944
4180
2647
9028
8795
8398
2663
7675
5161
7256
848
5352
273
4769
74
4329
2224
4786
5838
2704
3133
4243
9501
5736
1830
3277
8199
8809
8260
9847
8445
7611
6303
2266
7702
2355
2348
7374
4778
2703
3499
5362
4530
6145
2558
9119
2231
3725
8284
3883
1348
9356
5712
2008
917
769
1539
7287
6036
6095
606
2187
193
3479
4883
2616
78
8290
697
9231
9002
5864
4672
9675
6386
5495
3517
268
2083
3656
9627
9452
3000
861
6359
5557
9720
4098
2536
3607
2395
3973
2684
293
4404
3942
961
7361
34
2385
6732
2816
8150
2695
6811
4413
5324
9917
5617
2424
6878
1909
538
2587
6738
4483
2527
4059
5758
809
4434
2642
4966
162
1021
1797
6679
8709
4107
6910
3991
3614
7636
9362
5433
8426
1600
7551
2822
8798
4863
9487
7234
9211
5520
6322
6451
3281
864
1687
7233
6313
9406
3894
1511
1949
6461
9432
6508
8756
9299
9129
9179
8119
5683
1141
3939
7088
899
5973
4994
2086
9731
6237
3192
3817
163
3074
1865
4894
5267
5150
2657
502
2426
6318
2846
4477
6851
2212
7065
7049
3138
1610
7362
7940
4823
1284
6771
6699
6854
9476
1425
8689
3583
2437
8077
8997
5109
1450
4076
3399
7016
9905
1957
7063
721
6101
6690
3575
7154
3328
7741
5645
8717
8658
8515
1001
1324
2237
5458
1052
569
980
7478
6251
4613
8159
9586
809
5995
5741
7857
5945
6296
6410
2574
1207
3649
6502
7686
4318
2335
8894
9135
1522
9336
1639
7024
6572
5554
9841
5723
627
4076
9449
4372
1561
4008
4283
2622
5425
7662
175
1060
8471
6275
7517
9333
2496
8487
1761
3634
1689
600
662
4210
8956
3803
6364
1029
9244
5822
468
9499
9181
4141
1604
4408
8994
137
4248
6788
648
9779
4846
7229
2118
3209
2899
2323
1003
3768
9318
5415
9349
8912
8704
8458
9780
194
6620
9314
141
8386
8822
6505
4525
4081
7232
7395
197
107
6913
1930
4931
469
44
5590
7192
8173
5830
1028
7856
9772
8769
6541
6845
200
8107
2201
9689
4468
4860
7641
2617
5071
9545
2510
6705
8674
9393
2085
1494
5078
4845
8992
2933
2572
5178
1473
2583
8103
3173
828
327
545
4855
1706
2173
224
7995
9257
8657
1946
4450
8542
7332
2105
180
7405
8341
1893
3472
2219
8313
7467
7459
5414
1929
1343
2823
4006
3604
982
46
5590
7847
1264
1505
1514
6515
6893
9134
3635
2327
5608
7156
472
7416
7705
5863
8827
2766
344
6198
5392
507
105
6631
966
7534
3463
4058
9765
6902
6531
7779
1633
4139
4309
6097
3972
7529
8538
1763
6072
9450
1973
4348
9265
2578
8833
8582
8426
5895
215
1687
5703
4388
5651
9541
4327
9130
723
7384
4591
4188
9826
326
1780
5231
1552
5040
1672
9087
4334
5869
9620
3833
5762
678
2488
4767
8627
8643
9508
6554
5315
8313
6920
9514
4315
5009
4784
6075
6252
9511
3190
1592
9213
3463
7335
6949
6236
7905
4858
1519
5607
6853
4919
4749
7900
3626
7881
9594
3195
5547
7686
5780
8234
4298
403
4457
4104
1285
1000
5191
569
4952
7464
6755
8846
9182
991
923
6052
9231
6413
2868
2206
9826
6565
2725
9148
7342
7215
107
8114
6950
9705
3356
9974
6812
1671
4789
5540
1340
9215
3033
6583
4532
8317
8401
6031
5925
606
1075
2947
2449
4386
3546
1325
2172
8737
737
3892
477
6497
9520
6728
2656
3981
9621
76
990
1724
7174
3658
6792
1244
8529
3779
1441
2143
3822
3502
4202
2286
1905
2127
5090
4605
9569
1261
1468
8237
4531
897
3017
7557
8427
2752
1171
4846
7429
6563
9508
8561
7316
1186
6824
3555
1653
2672
68
5817
1291
1210
2471
8394
107
6848
1727
5062
9599
7583
1083
9509
6465
9945
1435
8490
9269
7198
139
4667
5099
1543
4
4562
3079
8130
6392
5184
4217
9957
3639
4025
4045
3389
8609
3536
9260
314
4340
9652
3905
8846
8998
8566
1843
2153
8500
9281
925
9745
9891
4749
2202
1178
7320
9313
2777
9363
2726
2926
1943
8266
707
7174
7320
8811
2542
9551
4620
4836
2248
9693
8248
9470
1733
2775
7884
8096
6637
4039
7399
9811
5035
9265
8160
5551
9902
9794
4944
9133
8757
4930
144
3357
7178
8515
6376
9381
3998
4912
9118
3895
6026
3860
8957
6807
6309
2371
212
7717
9317
7724
7286
4599
5977
7443
3744
5342
6193
3529
3138
9559
7328
3367
6768
6045
3236
7542
9947
18
6028
5127
4333
2493
7826
7312
5167
4889
9591
1890
4712
3345
6201
3973
2787
9135
4668
3080
4649
4133
3086
5916
7573
891
118
5465
2573
7211
7586
8460
8634
2251
4971
7805
2225
8382
3935
5741
2877
5378
2505
3400
772
6493
9526
1099
1500
6299
8197
2950
4458
202
9385
2
12
8791
9631
1709
6161
78
2401
2023
9600
1357
3947
907
4329
7174
8230
9408
4575
5980
1927
2130
3136
1520
3091
543
8054
8480
7174
4367
9100
7754
8365
161
3326
6797
3837
7620
5344
5512
6049
8324
5681
9584
8294
5771
4773
9062
9085
8111
5495
7121
5872
8390
5654
6425
1689
8956
9743
7114
4314
3409
5310
7135
3879
655
8447
6413
8289
7831
1050
7135
6306
3441
6909
644
3478
8334
9589
4713
3141
6340
1633
8337
8582
6751
3498
9563
8660
3974
2653
6655
8983
4146
95
4756
7382
7254
4162
8315
1624
3915
1320
5535
8634
9706
8330
2690
2073
6894
216
2175
8372
3534
8848
3653
6075
1646
2772
9110
6011
9247
4908
6668
7577
9310
3384
7336
447
8550
1494
6913
7820
8625
3238
3973
8792
924
3181
7545
9878
4402
4903
8127
3424
9004
8803
3478
1483
5925
4871
4789
5067
8303
7678
8638
5824
514
2996
1234
6524
4286
9846
8654
803
1016
9791
4934
621
6119
2515
1588
7406
4813
6944
9069
6825
638
4472
9557
5970
9306
4352
157
7199
5773
9831
7443
1951
4139
2510
2829
5725
4508
731
5441
5212
3484
6488
7160
6602
1964
3243
6002
4435
7024
6710
2348
7409
711
8126
7495
57
9560
5714
3886
6823
7437
8358
7945
3594
7704
4186
2379
8730
5590
6833
6761
8238
324
1905
1235
8512
8463
4835
3837
3923
7533
1195
48
8124
1429
1160
8219
6461
5521
5837
7309
1421
9411
2123
1378
8684
7040
2094
5486
9559
6343
4850
2842
8428
5694
4940
4700
5175
4509
3160
3488
2653
1647
3823
4550
6955
5081
8156
2169
433
9956
2597
5078
3056
6340
5067
5914
8947
9369
7261
2098
1157
4216
9818
5130
9168
4055
4562
4933
2751
2362
8268
8218
5203
363
3664
8963
2937
6992
4207
6142
3885
9801
6268
1929
1674
4417
6566
6132
268
6413
3404
4689
319
9704
4876
9934
1568
8520
3776
4624
4359
1324
6573
3879
3961
7036
3181
7196
3270
505
1428
4406
8873
3504
5492
3656
5136
7144
599
3209
2325
4706
8885
7450
1172
2528
6500
2612
8237
3385
9157
513
4626
1740
7100
7336
4335
7234
5873
8094
6154
3566
7443
7138
3144
4125
9127
4442
4674
7873
4693
6294
7319
6883
8028
6699
5525
1200
2696
3686
9753
4990
8688
9683
4232
3089
8964
5794
3337
2702
4413
4445
9343
3888
1600
9897
5624
3420
8787
8933
6944
2768
5378
4391
3347
3179
5874
6223
5197
9177
8570
3022
9924
1885
9429
5870
7155
5196
1116
3875
15
8503
2051
5533
1575
5772
543
7663
8848
1297
3278
1106
6871
6002
6718
9921
6376
6472
316
280
6005
6424
3187
4265
3025
6676
5831
5880
2518
1527
9399
8455
539
9047
584
463
834
5158
8996
8673
2138
9221
5526
6483
1137
1223
822
1983
786
120
4720
7780
5143
8316
8492
5760
8241
9161
9847
701
3202
5637
2892
7425
194
6590
9549
3832
6993
2447
2733
3161
7505
120
9267
3021
9205
3110
5496
3258
6901
9137
249
4608
3944
782
2554
7579
7071
7902
7077
8757
4623
1619
1600
9070
6778
7251
2963
2605
2441
8083
7149
6913
3665
9985
5700
2481
3316
8895
3307
4989
8149
4154
9142
9765
2005
1754
4430
9049
9245
5541
1977
4987
4876
3112
6223
6308
2937
3071
4075
196
640
2658
3187
7131
1098
4036
9692
2620
955
7134
9881
1062
3151
7885
6373
8347
82
5760
6515
1814
1186
3925
6754
9900
3753
4911
6674
8335
993
8595
1884
9414
5807
8145
2153
4570
3253
6442
9951
6722
9862
4107
9564
5448
8386
5552
3567
4053
5251
7528
2126
2097
7718
6435
2386
2221
8162
4203
2942
1565
1066
8679
5252
5830
252
7750
6129
8227
9560
8386
2335
8465
7586
1884
1763
7075
3255
9479
2159
4286
9757
4235
2356
5719
4837
8653
6368
9737
3799
6981
4667
5780
3744
1051
7528
9219
7545
2027
5495
5910
2146
5891
6880
7821
7146
3033
6694
2373
5179
5197
6809
6466
8242
5452
2653
7704
6045
3530
9221
2278
8805
9745
2897
4861
6989
7505
7833
1497
7950
6463
8488
6502
801
7127
2352
26
5045
4551
1369
3090
3522
3554
646
3493
4174
5951
1724
5186
7833
327
8985
