0
0
0
0
0
0
0
0
0
0
0
0
0
0
0
0
0
0
0
0
0
0
0
0
0
0
0
0
0
0
0
0
0
0
0
0
0
0
0
0
0
0
0
0
0
0
0
0
0
0
0
0
0
0
0
0
0
0
0
0
0
0
0
0
0
0
0
0
0
0
0
0
0
0
0
0
0
0
0
0
0
0
0
0
0
0
0
0
0
0
0
0
0
0
0
0
-473517021
0
0
0
0
-473517021
0
0
0
0
0
0
0
0
0
0
0
0
0
0
0
0
0
0
0
0
0
0
0
0
0
0
0
0
0
0
0
0
0
0
0
0
0
0
794610114
0
0
0
0
0
0
0
0
0
0
0
0
0
0
0
0
0
0
0
0
0
0
0
0
0
0
0
0
0
0
0
0
0
0
0
0
0
0
0
0
0
-473517021
0
0
0
0
0
0
0
0
0
0
0
0
0
0
0
0
0
0
0
0
0
0
0
0
0
0
0
0
0
0
0
0
0
0
0
0
0
0
0
0
0
0
0
0
-473517021
0
0
0
0
0
0
0
0
0
0
0
0
0
0
0
0
0
0
0
0
0
0
0
0
0
0
0
0
0
0
0
0
0
1060529490
0
0
0
0
0
0
0
0
794610114
0
0
0
0
0
0
0
0
0
0
0
0
0
0
0
0
0
794610114
0
0
0
0
0
0
0
0
0
0
0
0
0
0
0
0
0
0
0
0
0
0
0
0
0
0
0
0
0
0
0
0
0
0
0
0
0
0
0
0
0
0
0
0
0
0
0
0
-473517021
0
0
0
0
0
0
0
0
0
0
0
0
0
0
0
0
0
0
0
0
0
0
0
0
0
0
0
0
0
-473517021
0
0
0
0
0
0
0
0
0
0
0
0
0
1060529490
0
0
0
0
0
0
0
0
0
0
0
0
0
0
0
0
0
0
0
0
0
0
0
794610114
0
0
1060529490
0
1060529490
0
-87570499
0
0
0
0
0
0
0
0
0
-87570499
0
0
0
0
0
0
0
0
0
0
0
0
0
0
0
0
0
0
0
0
0
0
0
0
0
0
-727983950
0
0
0
0
0
0
0
794610114
0
0
0
0
0
0
0
-87570499
0
0
0
0
0
0
0
-87570499
0
0
0
739849054
0
0
0
0
0
0
0
0
-87570499
0
0
0
0
0
0
0
0
0
0
0
0
0
-87570499
0
-87570499
-87570499
0
0
-87570499
0
0
0
-87570499
0
0
-87570499
-87570499
-473517021
-87570499
0
0
0
-207063688
-207063688
793022470
0
0
0
-294634187
0
0
0
-294634187
793022470
0
-207063688
0
0
0
0
-294634187
0
0
793022470
0
0
0
-87570499
0
-207063688
0
0
0
0
-207063688
0
0
0
0
0
-207063688
794610114
0
0
0
-207063688
0
-294634187
0
793022470
794610114
0
-207063688
0
-207063688
-207063688
0
0
794610114
0
0
-473517021
0
0
-1176003000
0
0
0
0
-87570499
0
-294634187
0
0
0
794610114
0
0
0
0
0
0
0
0
0
793022470
-207063688
-207063688
617925580
-207063688
-87570499
793022470
0
0
793022470
0
0
0
0
-294634187
0
0
0
-1176003000
0
0
0
0
0
0
0
617925580
579642133
-294634187
793022470
0
0
0
0
617925580
0
0
0
-294634187
617925580
0
-1176003000
617925580
0
0
0
0
-207063688
-207063688
0
-87570499
617925580
0
0
0
0
0
0
-207063688
-207063688
0
0
-207063688
-294634187
0
617925580
617925580
0
-87570499
0
0
617925580
0
-207063688
617925580
0
0
0
0
-294634187
0
579642133
0
0
-207063688
617925580
0
617925580
-207063688
0
0
0
0
0
-207063688
0
0
1045863799
617925580
0
793022470
-87570499
617925580
0
-87570499
0
0
0
0
617925580
617925580
617925580
0
0
0
-207063688
-207063688
0
0
617925580
-207063688
-207063688
617925580
0
0
0
0
617925580
617925580
-294634187
0
-207063688
0
0
0
-207063688
-294634187
0
1060529490
-207063688
617925580
0
-87570499
0
0
617925580
617925580
0
0
0
0
-207063688
0
-87570499
0
0
617925580
-207063688
0
0
0
0
793022470
0
-207063688
617925580
-294634187
-1176003000
0
617925580
0
617925580
617925580
0
739849054
0
0
396787818
793022470
0
0
0
617925580
0
0
617925580
-207063688
396787818
617925580
-875932671
0
0
0
617925580
617925580
617925580
617925580
-1272943167
0
-875932671
617925580
0
0
0
-207063688
0
617925580
396787818
-1272943167
617925580
0
0
0
0
-581298484
0
0
-207063688
617925580
396787818
396787818
-1272943167
484358317
617925580
-207063688
-581298484
-875932671
211723986
-207063688
0
0
0
0
-207063688
0
0
-207063688
0
0
396787818
0
0
0
484358317
-207063688
0
0
-875932671
617925580
0
-304003855
0
0
0
-473517021
0
0
484358317
0
617925580
0
617925580
-875932671
0
211723986
211723986
431203709
-581298484
541577917
0
-581298484
0
793022470
396787818
396787818
1640171623
0
-875932671
-207063688
-1272943167
617925580
0
0
0
0
-207063688
1060529490
-875932671
396787818
794610114
617925580
-207063688
-581298484
-581298484
0
277294629
-207063688
617925580
0
0
-304003855
-1272943167
0
0
0
617925580
0
211723986
0
0
617925580
-207063688
0
-875932671
0
396787818
617925580
-875932671
0
0
617925580
-473517021
-207063688
617925580
0
396787818
617925580
0
484358317
0
0
0
0
617925580
617925580
0
0
0
0
0
617925580
0
0
-581298484
0
-207063688
-1272943167
0
0
0
0
-207063688
617925580
617925580
0
0
-207063688
0
396787818
0
617925580
0
0
0
617925580
1952060926
-1272943167
0
0
0
0
-207063688
-207063688
0
-875932671
617925580
617925580
