10
1041
1115
1320
1585
1645
1683
1687
1689
1768
1792
90
1011
1017
1028
1034
1035
1042
1053
1055
1085
1088
1089
1096
1098
1111
1119
1129
1130
1155
1161
1162
1167
1182
1214
1229
1232
1235
1244
1248
1250
1255
1263
1269
1270
1284
1287
1291
1309
1312
1323
1339
1358
1377
1383
1399
1406
1416
1419
1435
1441
1444
1459
1483
1497
1498
1499
1500
1506
1511
1514
1522
1525
1589
1637
1649
1655
1662
1663
1669
1674
1708
1724
1734
1753
1766
1796
1799
1813
1814
1874
1883
1898
1905
1906
1908
1916
1935
1939
1960
1972
1988
