500
111 31 2
65 15
35 4
107 5
252 3 2
44 1
231 1
8 2
33 218 2
9 171
20 40
31 63
3 3 2
1 3
2 2
1 1
204 268 1
4 197
14 18
148 210 2
16 80
70 65
148 159
3 95 2
2 67
3 88
1 13
233 115 2
229 36
199 97
2 25
281 89 2
81 84
20 88
280 52
3 3 2
2 3
3 3
1 3
3 4 2
3 1
3 4
2 2
168 222 1
141 222
128 5
236 34 2
113 25
18 8
72 34
199 286 2
57 69
65 214
7 264
254 19 2
49 19
145 12
93 2
3 3 2
3 1
3 2
2 3
32 233 2
20 29
4 47
23 28
134 67 2
50 31
33 48
24 33
93 118 2
8 16
56 68
54 10
180 3 2
75 3
1 3
112 2
3 3 2
3 1
1 2
2 2
3 3 2
3 3
2 1
2 2
4 4 2
3 4
1 3
3 2
3 34 2
1 8
2 22
3 16
3 4 2
3 4
1 2
2 2
3 3 2
1 3
3 2
1 1
3 3 2
1 1
3 3
2 2
3 3 2
3 2
1 2
3 3
180 209 1
112 135
66 93
7 7 2
4 4
1 7
2 7
4 3 2
4 2
3 3
3 2
152 170 2
43 79
113 127
22 141
273 291 2
61 163
120 29
231 45
176 3 2
159 3
79 3
42 3
68 268 2
55 11
41 165
3 94
3 3 2
1 2
2 1
3 1
3 3 2
1 3
3 2
1 2
102 132 2
28 61
83 80
65 27
3 3 1
1 1
2 2
3 4 2
1 4
3 2
2 3
191 3 2
48 3
12 2
154 2
225 16 2
93 10
34 5
146 5
4 3 2
2 1
3 1
2 2
296 274 2
51 41
222 49
211 168
3 3 2
3 3
2 2
1 2
168 21 2
163 10
97 9
138 21
208 273 2
115 100
153 250
187 251
46 3 2
5 2
39 3
20 1
3 3 2
1 1
2 1
2 2
94 26 2
29 21
61 19
22 19
184 238 2
179 45
137 177
183 9
4 4 2
3 2
3 1
4 2
111 209 2
85 39
34 197
98 204
90 185 2
3 150
83 29
35 84
4 4 2
4 3
1 3
2 3
3 3 2
3 1
3 3
2 1
214 283 2
164 172
64 221
191 274
4 3 2
4 1
3 2
1 1
165 246 2
152 104
5 76
84 97
3 4 2
1 1
3 3
2 1
3 3 2
1 2
2 3
1 3
31 224 2
27 151
13 176
31 74
3 3 2
2 2
1 2
1 3
200 59 2
46 13
35 43
86 59
97 274 2
70 76
62 269
85 57
217 9 2
213 5
194 9
114 4
3 82 2
1 80
2 68
2 54
4 4 2
4 3
2 3
2 1
3 3 2
1 2
3 3
3 2
3 3 2
1 1
2 1
3 2
64 245 2
5 28
17 9
22 240
3 3 2
2 1
1 3
2 3
209 244 2
187 202
38 243
193 43
3 3 2
2 2
3 2
2 3
4 4 2
1 3
4 4
2 4
4 4 2
4 4
1 1
3 3
225 243 2
49 165
12 5
67 159
87 217 2
62 179
38 213
35 19
4 4 2
1 2
4 3
2 2
243 3 2
178 2
212 3
233 3
142 5 2
126 5
29 1
49 2
300 300 2
1 1
1 3
3 1
4 3 2
4 2
1 1
3 1
231 3 2
50 3
212 2
116 3
4 3 2
2 3
2 1
2 2
290 279 2
170 194
45 3
137 190
250 169 2
74 30
35 60
115 56
3 3 2
2 3
2 2
1 1
285 83 2
204 81
124 34
239 70
3 193 2
1 69
1 37
3 181
3 3 2
1 3
2 3
3 1
3 21 2
1 1
1 14
3 11
162 87 2
139 87
38 27
130 10
4 3 2
4 3
3 1
4 1
4 4 2
2 2
3 1
4 4
3 3 2
2 3
1 1
2 1
149 123 2
16 106
78 24
139 123
4 4 2
1 2
3 1
4 3
226 3 2
23 1
182 1
6 2
20 3 2
4 1
17 2
8 2
244 3 2
220 2
182 2
60 1
4 3 2
3 1
3 3
4 1
300 5 2
2 3
15 2
300 5
16 294 2
12 204
9 44
16 181
3 3 2
3 2
1 1
2 1
298 35 2
61 20
83 34
66 34
3 5 2
1 1
3 2
3 1
3 3 2
1 2
2 3
2 1
4 3 2
1 2
3 2
3 3
267 136 2
100 69
55 84
242 32
103 239 2
60 194
53 70
103 189
3 3 2
2 3
2 2
3 3
285 188 2
37 170
182 88
284 169
269 115 2
92 59
110 86
73 22
4 4 2
2 3
2 4
4 3
287 89 2
203 36
127 72
233 67
237 97 2
40 14
167 33
231 64
120 76 2
19 43
88 14
89 39
3 296 2
1 145
1 287
1 100
197 139 2
32 118
192 40
37 69
101 3 2
7 2
58 1
16 3
203 271 2
156 138
147 155
154 197
3 3 2
1 1
3 1
1 2
4 4 2
1 2
4 3
2 1
117 134 1
29 33
63 31
299 3 2
9 2
217 2
138 2
285 209 2
182 20
125 50
228 189
4 4 2
3 3
2 2
1 4
67 55 2
53 41
24 6
61 10
3 3 2
3 2
3 1
2 1
230 13 2
26 12
137 13
100 7
50 3 2
18 1
4 3
15 3
4 4 2
4 2
1 4
4 3
147 3 2
15 2
38 3
120 1
169 222 2
26 84
131 82
29 167
158 34 2
135 16
61 7
66 11
55 4 2
27 3
37 4
35 2
3 3 2
2 1
1 3
3 1
3 3 2
3 1
2 3
1 2
46 215 2
46 61
33 193
22 74
88 83 2
66 62
69 43
25 57
166 168 2
32 44
25 139
27 129
3 4 2
1 4
3 4
3 1
3 3 2
1 1
2 3
2 1
4 4 2
3 2
2 1
2 2
241 3 2
6 2
229 3
155 3
30 197 2
1 130
17 133
11 160
4 3 2
1 2
3 2
1 1
135 7 2
70 3
125 2
130 6
300 187 2
288 42
78 11
107 58
4 4 2
3 4
2 1
3 1
153 285 2
10 36
90 263
121 210
3 3 2
2 1
2 2
3 3
3 95 2
1 71
1 53
1 77
3 4 2
1 2
1 3
3 4
4 4 2
1 3
1 1
2 1
255 81 2
74 12
4 67
27 50
3 10 2
2 10
1 9
3 9
199 288 2
190 109
125 55
178 116
3 3 2
1 1
2 2
1 2
109 3 2
37 3
79 1
96 1
103 297 2
70 292
61 170
13 3
3 187 2
2 63
1 22
2 78
4 4 2
1 3
1 4
4 1
3 4 2
2 1
2 2
1 2
3 3 2
1 1
3 3
1 3
149 7 2
41 2
121 7
117 1
53 220 2
34 30
38 1
3 7
12 187 2
8 69
4 113
2 49
70 6 2
16 1
47 6
68 1
126 37 2
112 34
14 21
21 24
3 257 2
1 233
1 11
1 17
3 3 2
3 3
3 1
3 2
201 106 2
201 44
190 8
94 83
4 3 2
2 1
1 3
2 2
226 61 2
118 38
84 50
213 36
3 3 2
3 1
2 3
1 3
269 3 2
68 3
28 3
76 3
3 3 2
2 1
2 2
3 2
3 267 2
2 189
3 88
3 150
111 3 2
6 1
2 1
33 2
4 4 2
1 2
4 4
3 1
40 255 2
18 189
18 91
15 75
3 3 2
1 3
3 2
2 1
180 160 2
76 144
177 64
151 55
254 32 2
29 17
40 5
204 24
3 3 2
2 3
1 1
2 1
281 213 2
137 77
222 122
210 58
3 294 2
2 133
2 29
2 136
3 3 2
2 2
1 3
1 1
196 284 2
166 92
88 177
39 240
34 34 2
30 21
26 13
16 18
214 3 2
101 2
68 3
85 2
3 3 2
3 2
1 1
2 2
4 4 2
4 2
4 4
2 4
63 165 2
45 1
26 71
34 83
298 3 2
101 2
276 1
259 1
245 3 2
69 2
231 2
54 2
3 120 2
1 3
2 12
1 34
186 263 2
90 115
175 74
38 165
276 3 2
246 1
145 2
41 3
4 3 2
4 3
1 3
3 3
3 3 2
1 3
3 1
1 1
4 4 2
1 2
4 1
3 4
68 37 2
26 6
48 36
37 30
3 90 2
2 32
3 52
3 31
3 3 2
3 2
1 1
2 3
4 3 2
3 3
4 1
4 3
267 141 2
37 110
151 96
107 43
241 3 2
24 1
88 3
194 2
257 294 2
117 290
188 102
74 103
20 272 2
7 12
12 50
20 140
4 4 2
2 2
4 2
2 3
3 3 2
3 1
3 2
1 2
4 4 2
2 3
2 2
4 1
4 3 2
4 1
3 3
2 3
22 3 2
15 2
22 2
19 3
4 3 2
1 2
4 1
2 1
3 10 2
2 10
1 9
3 9
180 96 2
108 61
35 16
78 14
3 3 2
3 3
3 2
2 2
122 18 2
84 18
55 1
60 2
239 96 2
163 43
97 71
186 81
3 3 2
1 2
2 3
2 2
3 3 2
1 1
2 2
3 3
215 67 2
71 56
95 55
88 21
4 4 2
1 4
1 3
3 1
242 173 2
210 29
94 76
144 64
4 3 2
4 3
1 1
3 1
228 3 2
65 2
112 2
207 3
3 276 2
2 25
3 99
3 19
67 25 2
32 10
66 3
21 18
3 106 2
3 61
1 89
1 15
84 139 2
54 68
84 35
67 65
75 153 2
52 69
73 114
29 57
3 3 2
3 3
1 3
1 2
33 204 2
23 87
1 194
33 43
3 4 2
3 1
2 1
1 3
180 18 2
129 10
176 10
67 17
4 3 2
3 1
1 1
3 3
168 75 2
47 3
20 35
4 10
32 3 2
3 3
8 2
9 1
4 3 2
2 1
4 3
3 1
3 3 2
3 2
2 3
1 1
3 3 2
1 3
3 3
2 2
19 3 2
4 3
18 3
18 1
3 3 2
3 2
2 3
1 3
167 275 2
156 193
68 262
69 122
198 3 2
55 1
177 2
71 1
160 77 2
156 58
106 65
56 49
9 238 2
8 156
5 230
4 8
64 223 2
5 170
33 136
34 45
4 3 2
2 2
2 3
3 2
3 3 2
3 2
3 1
1 3
288 91 2
182 85
60 37
209 73
3 3 2
3 2
1 3
1 1
3 97 2
1 67
3 9
2 27
99 3 2
18 3
75 1
20 2
4 4 2
3 2
4 2
2 2
190 195 2
71 146
82 8
37 161
3 23 2
2 20
2 21
1 2
4 4 2
2 3
3 4
4 2
101 3 2
33 3
15 3
23 1
4 3 2
2 1
3 2
4 3
3 3 2
3 2
3 3
1 3
3 4 2
2 2
3 4
1 4
113 3 2
31 1
42 2
91 2
83 219 2
60 41
30 1
76 124
3 3 2
2 3
3 1
1 2
4 4 2
2 4
4 1
4 3
3 3 2
1 3
2 1
3 3
151 28 2
78 12
102 21
4 8
8 8 2
8 1
8 8
1 1
3 3 2
3 2
1 2
2 3
204 263 2
135 141
48 89
8 26
3 3 2
3 2
2 2
2 1
198 3 2
7 1
50 1
103 1
3 13 2
2 11
3 7
3 8
3 102 2
2 75
3 32
1 100
3 3 2
1 1
2 1
3 1
3 3 2
2 1
2 2
3 1
221 169 2
167 36
77 132
59 98
255 59 2
32 50
204 38
216 4
134 195 2
95 91
74 21
55 111
228 74 2
165 60
155 6
100 47
4 3 2
4 3
1 3
2 3
256 24 2
75 4
54 13
252 23
227 3 2
138 3
72 2
86 3
3 25 2
2 23
3 20
2 14
173 44 2
143 12
80 26
129 22
3 3 2
3 1
2 1
1 1
48 235 2
6 96
44 101
41 208
297 3 2
153 2
222 3
27 1
222 107 2
187 74
94 24
176 107
90 125 2
31 64
79 107
63 117
48 230 2
5 227
26 141
6 110
4 3 2
3 2
3 3
1 1
82 3 2
20 3
51 3
16 3
188 227 2
88 218
74 176
70 79
4 3 2
4 2
1 1
2 1
76 12 2
27 3
55 1
30 1
4 4 2
4 2
2 3
2 4
117 3 2
79 2
60 3
18 3
4 4 2
3 1
2 4
4 2
71 87 2
36 44
1 87
71 1
126 3 2
47 1
42 3
62 3
4 4 2
1 1
2 1
4 1
119 186 2
21 148
6 135
84 12
3 3 2
2 1
3 3
1 1
22 269 2
8 211
18 92
19 136
3 3 2
2 1
1 3
2 3
3 3 2
3 2
2 3
2 2
3 3 2
2 2
2 3
1 3
3 3 2
3 1
3 3
1 2
188 223 2
143 19
54 191
156 118
265 137 2
77 70
86 71
17 64
3 3 2
3 3
2 2
2 3
141 267 2
131 38
1 215
3 95
3 3 2
1 3
2 3
3 1
3 256 2
3 162
3 208
2 250
19 3 2
10 2
1 1
2 2
139 279 2
22 167
128 80
56 190
163 79 2
4 70
103 51
107 64
3 3 2
3 3
3 1
1 3
3 98 2
1 12
2 2
1 81
17 3 2
11 2
17 3
13 3
185 196 2
66 12
152 27
32 8
276 3 2
161 3
177 2
89 2
258 3 2
163 3
211 2
191 3
3 130 2
2 1
2 91
2 8
3 4 2
3 2
2 4
1 3
4 3 2
4 1
3 2
4 3
284 3 2
264 1
245 2
217 1
135 109 2
26 108
35 44
133 76
4 4 2
4 4
3 2
3 3
3 3 2
3 1
1 3
2 1
3 4 2
2 3
2 1
2 2
260 248 2
212 121
112 198
193 141
3 3 2
2 3
2 2
2 1
71 87 2
36 44
1 87
71 1
69 68 2
9 23
26 16
9 44
296 63 2
5 30
78 47
40 32
3 294 2
2 139
2 81
2 220
281 3 2
104 3
271 3
40 3
33 3 2
10 2
10 1
9 3
226 209 2
148 7
177 8
222 185
3 295 2
2 275
3 128
2 162
3 4 2
3 4
2 1
3 3
4 4 2
1 2
1 3
1 4
4 4 2
1 1
3 4
4 4
3 3 2
3 1
2 1
3 2
4 3 2
4 1
4 3
3 3
174 120 2
62 54
85 117
57 9
23 3 2
3 2
8 3
21 2
4 3 2
4 2
1 1
3 2
283 210 2
173 59
184 92
59 109
4 3 2
3 2
4 3
1 2
144 3 2
89 3
100 3
129 1
4 4 2
4 1
4 4
2 1
3 3 2
3 1
3 2
2 2
3 3 2
2 3
2 2
1 2
3 3 2
2 1
1 1
1 3
8 8 2
8 1
8 8
1 1
3 3 2
2 3
3 2
3 3
89 62 2
44 62
11 21
65 45
151 265 2
71 197
35 181
59 9
182 172 2
66 86
122 155
109 94
3 3 2
1 2
3 1
3 2
282 150 2
63 89
54 68
280 8
3 4 2
2 4
1 2
3 3
3 3 2
3 2
1 1
3 3
230 75 2
201 29
103 10
123 51
291 296 2
261 138
118 264
18 94
3 3 2
1 1
1 3
3 1
46 247 2
31 129
26 113
14 182
3 4 2
3 1
1 3
2 1
4 4 2
4 3
3 3
3 1
4 4 2
4 2
2 1
3 4
3 191 2
3 184
2 46
1 113
3 162 2
3 143
3 76
3 47
160 149 2
75 15
76 149
22 8
3 159 2
1 116
2 89
2 101
3 120 2
3 114
2 58
3 26
4 4 2
4 2
2 1
1 2
3 3 2
1 3
2 3
2 2
85 235 2
3 152
66 96
63 181
3 3 2
2 2
2 3
1 2
4 3 2
1 1
4 3
4 1
3 3 2
3 1
2 3
3 3
4 4 2
3 3
2 4
2 2
4 3 2
4 2
3 3
2 3
41 3 2
24 1
36 1
21 1
166 198 2
8 139
139 75
142 134
296 231 2
220 166
98 17
194 46
168 157 2
27 14
154 68
46 114
3 39 2
2 13
2 24
1 13
180 3 2
42 3
180 2
88 2
157 66 2
122 39
54 36
28 19
67 25 2
32 10
66 3
21 18
3 3 2
1 1
3 1
2 2
291 211 2
208 67
155 167
81 199
3 3 2
1 1
1 3
3 1
143 248 2
66 187
127 3
68 236
4 3 2
4 2
1 1
4 3
205 300 2
201 8
20 2
31 214
296 3 2
88 1
237 1
65 2
4 4 2
1 3
3 2
2 4
196 103 2
55 12
31 70
68 53
3 3 2
3 2
2 2
1 1
114 3 2
14 2
40 3
37 1
3 3 1
1 1
2 2
104 3 2
47 1
64 2
79 1
3 3 2
3 2
1 3
2 2
72 300 2
38 228
56 46
44 66
4 4 2
3 2
4 1
1 3
268 3 2
251 2
170 2
158 3
3 3 2
2 3
1 3
3 2
47 3 2
46 3
2 3
36 2
116 180 2
88 84
50 38
29 131
148 238 2
34 219
126 218
141 159
300 300 2
1 1
1 2
2 1
3 3 2
2 2
1 3
1 1
3 3 2
3 2
1 2
2 1
3 4 2
1 4
1 3
3 4
4 4 2
1 4
4 4
2 2
100 197 2
9 189
63 138
11 143
3 3 2
1 1
2 1
3 3
140 156 2
49 61
128 141
47 22
3 33 2
3 7
1 18
2 29
4 4 2
1 4
1 2
3 4
3 261 2
2 207
1 163
1 220
5 127 2
3 33
4 37
5 79
3 3 2
3 3
2 1
2 2
55 53 2
48 42
39 31
29 10
3 53 2
1 31
2 42
1 23
44 170 2
9 42
25 61
42 46
300 5 2
2 3
15 2
300 5
3 276 2
2 102
2 208
2 128
3 3 2
2 2
3 1
1 2
166 179 2
10 48
21 162
151 116
4 4 2
1 4
4 4
2 2
4 4 2
1 1
4 4
2 2
4 4 2
1 1
1 2
2 3
298 116 2
20 54
42 64
181 36
171 234 2
58 26
69 153
83 50
80 43 2
60 43
62 28
66 20
3 3 2
1 1
2 2
1 2
4 4 2
3 2
3 4
1 3
3 292 2
2 41
3 147
1 95
158 3 2
157 1
149 2
34 2
3 3 2
3 2
2 1
3 1
3 3 2
1 3
2 2
1 1
4 4 2
1 3
3 2
3 4
162 171 2
46 128
112 131
4 46
25 65 2
5 10
6 16
7 9
4 3 2
4 3
2 3
1 2
4 4 2
4 2
3 3
4 1
3 23 2
2 7
2 2
3 9
136 3 2
125 1
21 3
52 2
4 271 2
2 236
3 168
3 89
3 3 2
1 2
3 2
2 3
58 3 2
6 1
16 3
38 2
4 4 2
3 3
2 4
1 4
4 4 2
4 4
2 2
4 2
259 179 2
141 162
185 106
101 127
296 79 2
158 66
257 62
100 19
16 102 2
15 94
8 47
4 6
225 249 2
178 100
129 202
130 184
3 4 2
2 3
3 2
3 1
3 132 2
3 96
3 13
3 87
116 50 2
5 11
37 48
44 11
74 3 2
3 1
62 2
27 3
3 37 2
3 29
3 35
3 4
289 211 2
225 65
159 6
89 13
75 212 2
29 10
7 63
14 54
3 93 2
2 9
1 51
2 53
3 3 2
1 1
3 3
1 3
223 3 2
223 2
154 3
99 3
94 3 2
35 3
42 1
69 2
248 275 2
86 128
145 122
16 19
3 3 2
1 3
2 3
3 2
3 20 2
3 18
1 11
1 5
3 3 2
3 3
3 2
1 1
4 4 2
2 1
4 1
2 2
3 4 2
2 2
1 1
1 3
223 130 2
95 101
196 15
9 117
3 3 2
3 1
2 3
1 1
3 3 2
1 3
1 2
1 1
57 235 2
36 169
31 54
29 77
3 3 2
2 2
3 3
1 3
3 274 2
3 150
2 241
3 253
279 246 2
235 9
132 107
27 6
3 4 2
3 2
1 2
2 2
4 4 2
2 3
2 4
2 1
3 173 2
3 22
2 139
2 87
4 3 2
2 3
2 2
2 1
4 3 2
1 2
4 2
1 3
3 3 2
2 3
1 1
2 2
228 102 2
36 86
103 89
154 95
206 83 2
90 33
206 14
37 23
