527169564
284441158
237232847
550022241
391040175
513430513
383346112
487455814
707526826
808240065
4815309
610388787
131358155
727243293
83025976
64601421
160021735
576269302
25575759
18906600
175290822
194455194
481287147
25895461
315099684
7369569
309799597
879495518
232747183
198309348
420164542
984169369
548548692
446837859
257469444
223787828
365650799
742340338
234450067
620258653
845611627
726774604
870364932
992447122
241936591
224905149
323836044
460525548
601237935
960633210
220713704
434242701
606495664
49586004
412732261
83486831
885974430
71766487
937787314
241915815
986230366
950545638
594520789
171117886
936397305
225313723
295842016
259693895
353163977
954188885
88262814
868496887
241462287
681311884
457560005
100903261
942432082
259824860
914723398
598127777
476686655
99863439
791121805
456925635
803454149
818202735
16171633
391334975
100187451
753258704
614099676
369395726
649864607
937484002
384526104
781441969
639659003
736597682
630157718
46460286
19163477
721951735
317272711
490638403
271072097
809778339
967948645
326356472
16615641
729265033
797644831
27944246
135346540
803300967
964954508
411063260
356799586
292750516
684173070
244262681
110443396
840065492
182613529
343434498
874376971
290316035
848064783
343172591
151006043
566121112
393841580
246613203
882205237
956131898
95943141
625883993
841542453
772908033
602279987
88875719
10080154
369333734
285790170
848418424
888668618
312799561
968803245
987375621
427330005
209179718
699246294
46092610
746440780
208550377
286020505
296150497
300414221
448032330
689828120
863359606
12472239
194212039
537409813
635379881
687763577
238561788
318670467
997541914
830207158
294920283
427128270
196739627
779797980
443433144
194225287
354304394
706771246
874022214
310173262
990140482
683196467
181252000
989331422
335954103
376583400
215000931
826767048
776148639
590344888
573739580
610911074
235548008
521912197
340520090
636628750
53070661
50412362
86801913
208580441
781513854
95980522
637055459
376440433
468982905
971200068
593676238
961526176
606278286
778104222
335674690
509328477
400096298
841963504
370182210
257871820
401454890
341393857
693321336
81165372
251892149
58797560
923294058
269952029
963840025
848497117
152407137
768182113
636715270
315366032
29039743
361973327
847106215
549412432
460050939
699925852
428682969
937152318
605828871
842122124
970705833
892268365
678739603
375242527
110992362
634586690
410512123
376893375
825717458
421799985
106536636
295941862
130224037
233570121
924938857
234280794
664489825
699899210
881392838
423639649
71770666
766772722
758873896
743443571
332896673
83964791
128148420
51968297
370630056
635546087
855183868
272509931
800404617
17574638
394442358
828184681
615287448
717123028
69237635
173324612
984536623
669749014
888622715
406654894
318263769
511300730
931024241
305792466
986501216
784648126
846628791
827598017
778611034
955851428
293737759
50074992
471299467
61664926
735437186
736597682
933918806
818712175
570335193
744749701
87402380
130332849
224935547
25269470
871357311
274318611
576860052
522105003
216245110
643166862
989108132
819959587
104715137
14466857
479014166
299737121
457596424
276064080
74298443
869544769
462037753
920795874
374353829
158122464
391440151
569412456
321227216
897228417
816797776
288751509
96510
708618958
256662009
404179806
12263815
39833703
397755780
798643378
431708177
277478303
405246677
538631848
898569133
282288747
798016744
115765685
333739670
604042784
97266754
423315470
599901366
523252946
404990624
982414712
740544410
752583096
876870572
267508987
539129128
865614004
792767226
795078309
101747677
736355866
947879698
361917813
263696852
84656544
754314490
217611194
142186342
722206350
505213212
69572383
899410075
48492732
639876267
720042798
775605728
822209704
153715853
241567675
192197928
471187055
667280402
514963235
984855372
640389938
10778371
407402290
720263578
79364116
671857165
315766582
100383064
491359410
697033368
920474390
103392425
330132502
137679314
965522709
109639440
839321670
466102492
431494796
610555366
984472686
921587019
877765606
248232728
532847981
38888355
505557193
773853256
958249864
895211552
386156307
763667600
460093832
78143427
764657924
234822045
570688691
743830077
241701124
724898306
309957106
27700383
363937919
169809073
783707042
14350299
61694778
375059368
391805813
164877838
394800746
524118914
873710494
631453716
517397866
322961439
904054436
641107093
254188599
143875975
427909614
838517739
921767469
57012648
766783026
798085694
801580055
636849007
273452767
291212318
761621548
635605097
952067733
772036506
422127378
297648523
2021455
411464831
610828104
447292472
601077718
913823388
870394102
303675933
704763256
794569577
16152003
942747639
176948319
441749719
320067217
691722664
815960912
771345806
704774613
270313200
956461920
632477507
892947964
650367424
156769041
820622259
167806582
171280282
973854823
171737819
313962115
211329776
484253206
19479619
2095801
279545395
747840521
477845012
645143737
343294592
415627234
82664240
126220657
188382991
254400093
230434635
125481105
297377684
289383603
958628046
830999385
990622789
289874209
785142237
815657606
491316803
633402051
835498579
166135036
473081070
134798356
334319759
852609970
12969382
958628046
929520503
137863552
309379814
204555769
885307479
872196126
882932291
77158867
86643282
4125176
897231182
484495060
182826299
997995116
938166904
102221300
455128528
994121387
50893118
28663468
922212451
760131200
542967321
884603761
753929374
164480960
232719808
177002896
636966180
772680242
513715469
502083020
720027611
819465140
581145573
565252545
321674696
53369563
316446237
596774678
489049145
354056389
153311393
771185293
971068778
60624306
867718975
862270895
10677119
54465831
940929355
666520283
626889568
664215163
746207087
757822058
206410373
69982906
507131858
348135213
881888723
115114888
676412354
798091652
967080592
426386411
315953639
304980081
843939455
834186705
203335028
64327684
628673449
312360615
301086229
739699697
55219152
811312738
322418300
880426059
529179057
701657298
3337822
448246469
886927925
360765828
378768906
978611482
812029405
944673270
329285804
472181297
849885916
185673525
397102212
200031252
80352255
659584635
86653240
721348004
852715932
990712220
813493764
39781149
716145089
260030942
497029764
217406802
10860692
842873075
497695036
811445302
581274080
425089502
568306644
449928710
155733784
201460784
788856302
735950571
299573209
663019074
579557705
625081073
573228160
165288542
452458614
358970375
784983660
208180045
569728446
641701543
653093142
542211329
59613024
628123050
147657750
433049787
269672012
2322366
414378043
556337477
918733795
894607527
334364263
964972977
143648626
391554423
487188635
628231365
708191298
773290681
881717572
552121047
195564013
337559994
486118037
224558860
269778426
266228028
614731288
737400786
430881406
743293796
754552931
310255956
850161951
394159864
48131322
340473769
963347596
144875096
783466504
101939591
396788339
685814899
197392408
963088375
239993590
562577368
887977203
832442664
814323686
277652548
133349679
336124406
793509409
214345531
583912310
291968151
878437325
601893086
196246166
606324445
424936872
52261253
901966835
955389550
756393747
284025438
26553308
680029468
692764545
91384286
800935571
88199375
711211616
834880610
533348812
879507889
245976876
298595183
891330156
213697980
787418179
613206837
601594507
908422900
866627746
239062414
480113352
718969341
357760005
261344815
396954940
915246775
149479383
245014288
634952072
656877005
753759060
165179572
385807802
60708140
656093389
283459992
532164784
442275526
956349465
92756011
646398614
809659573
261326382
977438707
29339669
400427305
134964157
725491990
178371569
781643465
81811931
447368223
757074538
904742691
503724398
485916996
435211503
342635944
787915476
539568962
740557934
558385174
356262800
716654984
206209129
743538034
459435201
437787542
553011085
62345195
774580269
337746329
633761303
371817516
304147843
230560124
146555419
572513154
5886485
273559391
731383864
60148987
790517929
891324587
730111549
592543459
502392617
152682740
835755018
814085410
133032006
578292592
389284533
904018033
571697859
376185258
661550528
771018706
602857400
483852149
230425692
133933317
706768236
537491609
785793268
774636803
786835094
783283259
941371728
939061018
918055149
57102274
786149761
75907797
950886289
876150357
586180661
714962869
655744920
276693329
617151999
43495513
66945113
524634438
156080818
863264257
483881707
598038200
617653677
644601330
229572153
756213425
221987270
535514949
255721177
771113407
301342188
346152838
646120200
675131658
473694925
893726762
26672257
427059658
989348697
494864503
563177370
951957313
636504435
56690638
232165787
346184986
225949231
552879618
588840915
92769941
653996754
745163528
435253221
578069546
824058901
353404116
318171556
720956696
626918111
159799213
952301908
109185543
989461506
965707942
360872959
553602168
228013306
86858706
525529738
742269060
802589248
505361325
666199538
525601545
460500
325403458
471563403
276515623
76917884
857567968
31434119
701206931
65341474
270950338
421232227
25600706
463578280
345626541
381919753
465520
207959173
797609673
643637772
631910565
870805273
691219337
442648755
802715929
102676144
631655679
234225268
312890037
752901870
475215458
644486968
439154830
485012539
904635041
862296241
675379737
625001587
633942421
212108095
859906909
445616269
977777722
652392605
30101684
778689487
639664312
97459248
483567854
473712130
935703821
933317695
520138461
406203836
624901374
16618721
759375509
123905119
943815271
582214665
219328861
586277352
180712172
856913395
524049504
103129241
331729639
705977507
246967107
667369802
4810501
66344552
253204761
946689145
30752018
183942076
785117675
314895025
65432183
384751398
1601004
810491588
587902340
725137217
383145819
738309414
924339451
680718773
502281712
215257083
625834784
496556934
798869389
844766052
351105477
325118507
248550738
829998917
952672675
991729272
888427696
805010038
864519445
332878884
757262359
446842636
177635885
725982265
578954788
230666779
569998568
806309630
668487951
906586969
314275212
795660326
600862349
469092273
619959183
731657571
439516863
403660874
786465710
274567393
365807565
689325355
629546046
396477836
519154267
997677400
594251827
453415335
960324181
376631428
829277779
884289772
103315275
12347702
483173317
620685955
281363315
434283591
674978805
479011443
958232362
684632542
635451205
702885053
480527122
708948658
600600187
847990442
777688913
133657460
339821060
666362213
796706389
392058606
432933397
372334052
542334364
595160324
182479958
314668200
246775774
515123181
490406572
112387401
711272022
399242448
703048391
316546549
780580020
743313320
697494641
667674546
541074484
147250574
393143375
219297730
200341681
847813265
216095817
212344243
613577155
630639641
550655845
192984448
470493491
51711622
75937494
83595282
162517668
403734841
503785646
300196580
5109969
827271149
891360682
793092834
778596126
307568589
681957984
479260019
352892298
280745450
248585580
818316055
11166273
753904571
459052146
586248360
938400614
199730793
907738192
724647904
137889714
779654684
850448544
760428854
261944327
778464245
136531461
402037559
971121934
161878541
110975452
324732933
107932451
984930444
701447074
669033323
726246286
903036976
613368140
374424341
445107786
28253050
499505955
346641567
203273890
93007114
489780347
20652791
129141611
693953744
734901008
998886999
29518372
737315885
862240728
278248242
681967085
937308279
728030752
97951670
582337057
772419974
424817257
71433711
960467057
69639835
240914433
835628168
882073772
365150496
643035677
497290618
806517222
291638485
138821159
201234995
427102604
547575687
258917249
902169332
975697170
78766342
914171291
199592939
302597766
860963513
999751345
460310686
608379504
651817982
401920860
593532499
930884819
695507866
929545570
103157213
648565078
327009681
497019398
137962481
597250619
945200013
84175827
67962822
901458130
231898493
827144461
619240771
416538420
317207940
397815746
318272929
944246995
211158990
273041926
662485330
36346038
969454681
501590433
659508502
465852227
192807241
19070441
920085640
249567602
957813797
937384376
891730775
16132502
955956056
54385493
581536608
466750325
183365564
247754168
83033836
917451056
941299510
257603082
959033418
820734077
31815082
474483206
588538445
677676708
216855815
290590032
651023903
9166851
117674617
458687881
620247450
331182758
280051605
247492381
470462051
589907628
611327233
438705971
256289280
51090419
931708606
714305158
428495793
11225931
97964786
110019412
982624696
580906923
309112994
621747316
70723954
411789355
411391572
430757317
665838901
701060883
347984698
446835035
829198871
34276900
649806174
190378600
101141359
764704578
901345832
841981949
700845391
725131733
941654038
835268432
700812792
985469333
216343039
826399345
463065447
209163001
764568316
602914277
314608721
532466409
400784157
152990832
972887231
162006090
996955706
150629903
952775912
219327363
130458795
316045054
730704107
265248931
326555265
177826528
468826198
470333308
270715262
782279788
714861388
197370971
133916433
809612257
582226997
915688838
786380124
252800716
11297516
60207484
222828574
942442120
694188291
381277873
651591195
5508611
615566039
443795180
356677280
947898565
655600145
855450011
37219077
61749085
565349116
899585582
179881830
812258788
887323
740291096
105796464
654387853
504647852
104983395
730011955
206915470
339195790
932008173
187584139
168420694
966046776
682926328
667496973
767334351
409047965
34023453
112558158
529570960
333161115
29114297
229062654
284130103
267085162
131359352
182797888
65459193
448883246
56002463
13876506
896049407
971105899
653243127
262592551
107292625
469612754
735456179
18001570
555067899
283524050
329559659
173738786
823704790
464900478
869512623
112045731
238795808
641639583
572877458
238589168
189762127
101331502
30383347
116693354
880046106
139230628
172881969
822384330
557885634
15428926
712596518
635054812
603106982
453774250
936871147
206653999
903517952
556227365
73902384
936301649
101376736
35934182
175669147
302074297
242901763
139305867
447090478
12835588
987488801
427283185
546728165
102819545
793266857
867934392
164742717
298589510
976565120
874081354
172779293
596248180
141574332
216541476
91235149
745067147
895818999
793942264
839996006
274958824
536098622
324255912
300329721
332862656
482379787
717683591
63943102
230298223
611614753
417802981
661611913
349618671
18045563
490838906
62317769
623756223
135249829
407852387
700926850
940955197
207137599
538624019
435004656
124264049
727867518
418295667
317429052
507902782
739153370
287314072
66989044
560186185
845636019
326847040
164439533
264917015
544501207
879234821
868655117
256675455
993413070
324714881
891972981
773873661
222354158
701422050
246269487
859402415
614395395
151853955
996304752
708822742
995948353
898394944
954116446
203069799
84961212
133388373
437902863
481302626
201448585
342055380
257447311
20692352
308253322
864525613
816584126
407122206
943516328
471116483
486926203
544059434
890958257
645933838
784644121
585448301
288806466
279316419
25078332
862169058
255971766
905799178
480495385
349355208
468850167
706514177
311673165
734946890
430429049
819181159
891076186
647311304
512800464
105066399
577881947
370904836
474231894
964539944
195400736
160727673
376226785
867462000
66127815
331665407
940966000
126772503
748804946
142506566
473052551
439883608
482307155
616051693
264778407
314762892
669499385
653625379
25811157
411032530
261187631
651249201
918751805
802270618
991396179
780276873
725043182
812028778
416174896
759584276
421656481
229072006
775667946
941178658
313192559
291158388
232662844
883318229
290021091
871505660
457139409
998138878
378041681
541678989
391336222
456121210
328728113
865456791
74875216
565674903
217828720
155536642
926987162
51143196
748916700
298325736
629305293
558157603
847804224
882746339
773900446
723688229
103388760
232242653
948944310
195097307
520923726
502168983
701347839
26669942
949631964
288153304
724755960
829860
216049487
154929032
168293922
566011367
847604796
226355794
158894205
709554333
412418521
620780388
566882542
896598655
965907518
38743996
648139359
409300847
552267831
900686798
19656720
577263712
827251040
953145716
412937834
183949789
86007150
340120880
345140939
913850990
701286267
926397091
24892322
189237128
332682448
388326972
685249753
612277068
514630081
828586205
767404794
631412457
259623878
415645542
768893163
316330893
320095915
296215947
332994791
966138632
699043548
917146300
162358336
575307855
500117623
724540491
30597893
78360548
193618379
275179288
195946176
39545531
408434841
507152788
436692104
492630485
168069961
198528289
296094282
201499102
359010185
2380432
72512072
836465807
651120825
4631701
478462011
927751417
403820869
512370234
94163374
743773325
532671668
695678118
207176048
512839102
471776492
932165091
206838217
926539724
836479524
88858591
536031624
374909570
540553960
798958131
568337844
762932037
230520218
599090952
360460689
262831297
581839524
589060082
461312157
815893096
94336455
957876116
921595875
729703382
280791714
90776539
955532580
933879728
367179861
717177595
135029182
440149317
224348327
262495490
582484494
214223843
440558311
515303334
93480874
603759495
453425407
807525564
130934976
315263243
747685529
832762418
227689350
373205627
649487528
954792215
602288622
597598445
837959257
194102805
323975761
414145316
977445478
553327452
777981270
421096720
803607172
140517293
970443369
352356626
927408451
376346930
725491713
849607797
990903469
508212472
274471505
932927421
117641625
834686996
258128240
99327066
960749370
738074070
487854357
245261728
766153655
547077314
25194642
122145491
464040093
994655528
561679482
121878714
542101020
918361059
644797258
423253151
248127743
831799062
876598747
306663999
357149542
841518913
926325122
54056855
23244921
241173446
216379701
943766498
374276222
286169031
912493579
416517063
81709621
543253864
689752664
118421282
875212107
35294536
666887380
771194260
105277999
916616387
550521635
964738184
455967905
389092052
995957322
249115974
128374259
547814373
98316210
406753109
725436544
417475511
957868157
514498691
42010775
622056757
460852372
239860216
954025733
589589826
920287120
319482829
122662611
50944792
996367067
538898129
122269237
565686559
416497934
250425045
6222968
920135993
590451909
470691551
815894599
252087760
605654882
174889393
78542987
679980397
170355699
554138761
355017560
68626718
489224777
701044225
479700963
190029141
793170214
419002316
939655987
718644683
592443937
777061252
547577064
412039026
692366821
575560177
519511131
984222985
986399430
264028015
801191920
191281836
623103997
787691150
720328780
572097853
102191899
303881428
382345125
903069321
338014892
746968271
78863033
270016253
126438715
958251606
824305632
361447103
838381414
758834748
590438510
903654883
442398587
649619279
399866060
638482246
119919067
988748377
357940434
230022508
219715779
474729600
506560658
835851578
440432234
147786988
85829099
306630637
96353032
884838643
805114552
833028775
712536608
247345255
863090911
561826889
954360378
705001718
817410355
720956526
591005594
804927875
82852797
539036704
865541092
6623760
930422779
739511108
747622387
989097358
561250936
9717372
545472300
775213354
273916461
648361259
915901727
299095766
260767831
196331469
683877093
237372544
938386977
178975107
393144080
415094049
299932301
238263304
987862282
411814086
741978882
552501776
87734512
577573082
766928054
210741976
705089598
784281029
513079165
565161018
891648751
128257256
400666818
819874211
757637206
491294197
957293239
33162750
989928362
703232471
359398396
622379653
47235671
831064731
276110287
563942254
595456703
679436318
306982308
763393169
141430481
600779564
20649255
538906458
72131929
690058958
496334318
613203167
277360506
119713015
949831753
414143550
667272947
820283886
488980718
887624005
926027357
105813680
513771644
710961556
80380699
912462149
442636893
438729554
162030051
99157352
314845517
149723542
80969165
491618673
851706875
389137614
324848970
150294063
141457382
735254300
509231119
989422104
698620516
316596342
318689105
250234519
581710954
278869729
392185813
468996411
308930786
734225017
745835105
391988910
886819335
473650806
214795709
55446367
710046351
635011132
520405255
405143936
443607943
239052307
928524177
262192462
955250788
467071027
844094770
357968917
314257906
459037249
558410604
401141046
464267993
721066106
571365446
182615969
650190294
657213097
423851000
247832560
746643157
621453402
760052092
639045966
175784967
269270394
882607516
793842049
39953754
373234058
82308743
410469347
888889874
424950770
860230938
229948781
779334861
807461868
605380935
723049741
430457959
984551992
489236322
838519545
878394235
353530574
680444754
576590596
900834101
196420383
376964578
115441871
376194572
28757271
449587288
319402
685770899
881601141
627171075
906701850
905781398
181322470
748957398
100481026
437264618
717416525
298244146
7534605
252593543
581936174
85284744
239067742
422793543
591486424
495148405
596822533
698203221
31946916
264421315
284749935
687754199
176378857
100909636
207655431
473190692
635320291
971882669
563268806
332147714
766886142
283366232
496971190
901242242
860291615
118942963
708610524
166008888
166980967
574074538
516664578
435543270
385395699
373040061
103564488
332556630
663114865
682424202
964227122
913817270
606864908
907281288
4046413
284479093
757823306
860794562
257877506
646190197
714926693
585688495
283943221
922862110
942822067
376041064
30695179
450716654
519958945
389288616
764915429
686334244
400774683
560497022
457569983
828765187
562024770
299051644
603563006
855787860
222251535
368549131
336445127
235521878
909148490
261934532
830186986
98301275
879494346
975910863
88406350
908086691
960567276
544643659
753665871
745792558
750330490
887878453
993370929
182759364
426141372
41980892
312179174
167166106
635995794
29447865
38997507
197403651
876702881
72717635
680889648
820616999
914438508
954028164
898146915
2831473
860408957
361152743
84950054
724072192
257236950
473389307
321950079
774572979
830997197
155966218
414314428
323450688
233574090
823554398
632768497
890547437
695393522
602716435
349496231
367219781
895877650
646545474
532379590
219515325
26324060
501604322
866506828
491052554
246913968
15829437
95854089
676715712
797268237
781186951
529084133
405686435
933734808
575876688
77034420
317604462
570775707
737042638
628549262
49332591
981176567
276020546
887080177
901463598
261244883
971659562
830630968
881007706
105997288
756131047
76961796
31184704
413328287
183478192
511887607
312970774
609805690
172002892
38217092
792737955
555636412
297701178
177459690
653209743
935749284
606208358
537065171
175111818
961412012
964341152
108006384
621982756
753115319
233309760
891887831
509598318
486699830
692775808
916236972
184680462
145320220
270016253
769633436
83288196
789927554
406611611
57069236
260905501
225804587
639179998
302901674
17972285
358553716
910680048
178534663
772789617
257800164
340572637
736561154
267855687
810892493
778125849
983160998
426050625
627196386
450013500
408656567
87398044
879103941
832121991
76956590
934214221
348958895
734111365
788567096
754722922
633433942
465814915
965651244
655899444
955618658
508270747
314040877
519174094
486023297
73184594
728422754
57620309
30916159
663344248
282139779
474000422
524732376
354166952
470731907
237690164
157786798
676881919
796685967
769796905
647101922
658824330
167120832
769694347
113614043
943294016
550723976
61094959
365614073
85419419
138927722
402744535
388036354
690389413
443038737
250100568
138964253
575902610
479429318
897846769
385498070
284710573
923518666
77511129
978163717
981501668
841817307
553086260
221388654
27586685
901202220
805037695
563109533
641325374
900449137
531812079
7218433
76218093
322345951
418358985
325253420
802993723
934246964
280228317
440255027
804128850
170901918
804584676
471291479
550521621
405252812
873667317
768882838
422605275
929142273
982693235
263318173
99934004
683793622
444093477
568677861
69204359
693729861
501699692
912295596
448148350
535750197
242059163
619448240
698646680
476815134
958404559
423913417
568780872
414758173
101685300
811171977
893115637
521556945
620363442
502208928
635273278
750601510
85777852
70605262
212864224
193612511
513685585
686532217
906764028
30145094
576127782
727437749
664236121
546407457
210054841
869764175
26255090
127528150
58559885
603904764
695010560
256398598
722797055
922984498
834411325
545233699
73649558
322773801
395432274
378961144
649714959
313044782
154202031
516574862
520336065
734007130
223023283
158843268
641382993
8643595
594504519
350758665
380476319
934747041
638671459
620899818
743053583
906008078
116098725
531324098
610539920
494647273
533295531
654194385
808486395
863970045
57930974
401721978
988980224
550487008
64639207
859898281
42176035
411656647
467674765
992540056
826648561
115132265
258508714
847104360
347520106
813618972
654675151
227577706
322262275
239606840
296960642
575059407
432409122
863090528
823926892
15024859
735165313
874131588
787142618
437759987
186026981
764360466
32115235
941085276
781098789
947571091
651406580
709346658
817310177
128281608
437506639
61961440
290138451
28740802
837228452
581008396
531574585
16879448
612439214
327625033
22420606
587923731
46563949
143112776
227319228
112185359
1644271
535108732
335850468
905739844
905988851
554687415
744300693
632844885
1225980
82099292
950510890
750932464
155721576
510691818
70887354
113393383
934105964
744810969
265251598
934507447
605604368
454431433
615478608
924749507
986930309
945591970
828210658
379351854
740713939
838989889
791369228
123981900
586434558
209554339
56129049
422152599
234124229
615659936
158093438
823662466
972087682
179379221
640554542
401722942
43983771
984026232
76580574
794010300
575982078
8173383
662226041
994581308
4382316
804246878
850078427
753029038
993207616
308171495
282154466
297599570
427294990
240315801
938970135
34638765
186781221
183119553
768134970
577402385
661097610
377411289
335142578
59833511
472222157
868326642
700813731
542685455
515427045
526209004
324827477
82311570
28791710
83687489
997268700
420914555
888768653
521003044
573767065
323948241
96166028
384284381
644984798
81066648
180714129
539363382
625817802
744781534
699675679
439631725
256063435
323766692
377679577
387182024
581594817
557174570
238034748
811120468
887161166
263762132
467837920
951542549
905217146
313309799
566580042
977128372
125530147
144028616
5365435
995728205
202099653
898688272
124660983
420901923
8352571
926410153
651417674
255623931
345918597
245904646
570824385
428452618
814906168
294972101
908385234
348930364
578277672
444278982
941784627
356324092
727970464
271422739
340456500
534717206
971444526
91663616
581481055
203633754
149851068
530649808
36486733
947755866
669717211
590543379
80666378
895872053
977508011
68587303
400420736
415424611
891341470
299857848
625120473
204617288
315460836
345735466
816243424
268162625
39669342
283436640
506253095
401978106
376775009
433260092
115024970
548049751
489291798
472194831
149664989
303572344
38079111
649190305
811981645
204994218
146743833
547091759
140190116
46344599
346681419
590009920
225328311
778367870
486533395
200167974
437185052
834108194
587726593
3142167
736403668
62379928
862029788
964545635
225077420
338047024
228683930
8567366
270882635
609227465
711888381
166032155
992592622
90946419
82807473
373254019
767407526
941137404
72113741
231833728
760070909
820737772
527122522
228668639
694223722
239303001
490632242
391979293
360579145
129844833
527064907
148189235
935030345
481041721
780137844
972423161
671408645
567958286
509483755
608246795
110742426
194264553
861610794
8713682
546203831
821016788
320136159
376615236
22643335
985706467
386898845
262876689
375576080
89120539
453266018
581140799
291684944
210297638
82701528
427988410
187594555
728178532
795054186
189569100
182539421
232090158
556278436
432746868
450176840
136147719
87846540
90826246
816870635
927369537
332888053
902325089
931723964
19894081
18113103
319807146
824821582
339572937
692059349
773538533
708461604
376578254
185066861
373889732
593150917
340988541
406899053
142220744
440383961
81141856
631477794
440050671
748070676
619593358
238615328
624285348
694164571
244423403
378107375
931193291
51460807
872055121
218193862
257539136
954778035
948951256
165553538
758702906
569725370
682652270
803167708
234094191
872925589
140597044
52175983
517894798
479501731
981360392
828205537
149269279
705280144
637076251
684079966
755935074
59198611
657529626
105009344
265276651
692676228
474762861
350303046
438205447
691415183
850431188
998536561
199623564
367352080
628329415
753744734
504317823
973691979
471799835
24445828
617832764
377635110
815408687
731386452
528446647
630504077
949111963
66935622
571987576
305946085
637929462
654823655
161689716
19426283
113383113
153973449
204219178
414130268
742559038
295307245
372325882
917676832
620765582
229015912
382435022
653947760
278174414
79087362
653778160
804807113
691259378
622950922
715389236
483335973
63898772
230952252
127777505
760507301
346191483
961645798
220650847
234049262
614925506
302363097
89085322
424819219
870351757
879063814
127536942
519375466
349228196
869314666
632220018
423316402
345760316
204258500
607145549
571011777
703726680
22055751
596416597
560333418
895064323
416359015
754769828
855657256
583112083
524582104
13005575
420487241
572224126
857427151
881952232
465463987
458940287
825513073
771286346
11051079
757880256
287439591
180425601
36811871
92688175
494879724
914576404
801794892
459277585
993079543
291516973
855741670
837179471
664914381
262230793
445884529
392699204
803124769
778061728
693032194
905116331
427871857
457081708
883830992
392610401
728713324
190597401
990192414
542950690
668189203
51614548
211804052
483125358
534731212
980389844
546863262
43284049
746198386
736901389
152653190
763725215
999966702
331945892
777077398
295268703
442472114
351744914
68443180
430430847
900599507
552450637
657013620
862852303
544983914
475246777
202151467
341671505
986402037
432085849
320710463
131207652
548375863
110281247
305038153
39624006
736492138
749887334
62010361
78267975
864374887
596735066
856943124
978507563
131943521
950198067
711677940
619286338
148215996
30793239
885457379
146586054
937201823
780905192
434900020
145133383
702339893
101297986
583026924
405248629
29645650
48443194
104506116
397855905
762489156
948546012
814169479
835416141
641903393
776894452
43595996
177216754
930449838
989961187
917886221
474397475
338198399
468527686
761625698
214953569
984131642
139323868
241971703
845116437
727408979
746511891
650527111
894077688
396622682
828509873
373214919
590339492
283225116
152832848
97654585
846034918
824209044
455414899
87085944
801211356
70347660
975269496
865199382
328535688
111410589
270024258
266750144
971095308
461232698
270141148
858490739
935831198
507435697
206368885
952660584
910724580
438905093
139029239
225885622
673323463
853618991
156602168
225909105
859256355
657701412
25573419
877482719
52837744
284816985
157394231
686370823
698924440
80723793
434995001
260872876
938322409
465483561
939319846
846607263
652502598
624515426
978654592
795479070
979178565
297479313
947439675
232155906
107579048
227083948
527854032
466286222
619389783
12726478
941046920
831251950
537220299
704481996
277901040
256608609
237133595
465862447
16535134
308752327
944994461
827518861
384706519
663257227
465833974
962683686
490173377
666472643
411157466
942098047
50179529
29996996
945139762
93841544
256716490
158631720
759746225
134879699
705337918
378795905
892156103
664735971
125577370
783598866
209794023
16187515
462357704
888156304
932256208
105448091
632371071
261567292
829076761
548886804
927514436
170480018
662470224
170482572
49552550
738952875
297464895
529228007
665427624
942559594
683852897
229630663
904679784
441752940
47163406
768312903
793710493
806732803
34210972
480294094
967554519
26620136
159399885
501768149
263444406
693400398
294986389
275108546
373156137
756286205
72759398
665197228
13440478
210622219
651097318
687324285
518339607
102222247
390851737
57682331
907586098
919146402
41438424
452710170
231698210
786631749
77780253
613077298
370695810
771763870
997497679
300915440
664814402
970792797
157341011
561020547
706005242
679876882
332019748
93146772
470248712
617230951
68279857
219026027
626009442
486092190
240523782
743492549
857827749
86285210
855095564
906952741
955782215
555871355
80748675
713180087
530230885
142276023
943003235
201479349
49723781
11526887
202482854
815079660
846004560
351264347
143389820
689877661
677316956
304328547
243516336
980247958
256708595
68050703
432511725
179347508
987862945
470074079
257400992
452869458
870509016
629279624
842482601
200940506
284201334
926101763
972235036
372194607
177025108
53591970
447930715
354272892
917219934
168295347
245698931
466377718
790168299
350337918
76289749
815446566
161349957
250000459
316340606
418963289
266668228
261711583
183424866
19782653
93763808
162250712
453689663
436490328
786283928
433875564
805182606
488572889
99140489
147102185
631745705
170467052
889859092
802783831
185263003
676209476
777338903
197068468
518763052
146369629
132931726
380712677
602870961
63881825
941899191
635559612
599635727
411609452
463347872
193816270
574293835
760333890
863082859
817289118
547842817
722958835
377352327
55566008
865097171
22660360
724418886
674445118
76778203
714014974
169148938
598751231
367714617
523150344
382321578
220210586
592230884
382998786
514642037
582356333
189551722
506840421
821865734
410228629
740030274
242915341
725547544
153521902
421228112
671573706
154070306
511176753
541212165
537793830
72259346
205200328
286922200
409725344
640978568
284575067
311056984
831298361
252368187
423026593
618709711
178242644
110800938
199326769
99768837
52125301
349893602
340764049
260652113
717675514
948018417
382764866
605132250
682044663
67602166
950845322
980281846
286271281
472293982
133457959
114933732
180290907
436715949
650003067
573036737
544366314
8064693
817267507
949624767
457929170
108050265
341852622
272600112
823796909
43396932
378345549
606784982
735440584
579070416
727145051
444649503
189128097
993254337
513759668
887310362
879247505
633739381
598676024
868856709
259829344
449405977
820896097
800579042
801878048
76221723
93254094
704914323
568557798
511895867
214807385
700945197
455418911
608465848
203580743
198184579
203105017
885756387
901511398
712868130
356847378
129120719
34831201
42796273
294739062
53716027
547031272
185790084
4426692
433090999
386498144
918914815
298142375
18422662
346167159
829804409
642659733
722517083
705000023
35028661
841860862
54041614
211036160
220568607
488685645
42665020
11953829
467914598
265753831
976449152
605470723
108923463
63750749
240604036
666519836
364640079
721051732
406390760
40713236
776633127
234082099
226249783
869548626
216687899
407968538
982877987
38815471
270885074
5433923
998343726
879351725
552176967
414404161
534483389
641234268
662632387
678991290
461060721
658753032
295181246
891886517
793725243
330471699
625262404
968520444
268282330
853800200
896323814
187462235
750786560
892765224
246836355
309422379
668145556
142974209
885167135
219026079
456571263
461162527
718190049
5112336
493888003
36196780
253735383
573864940
809857607
204433868
736354168
814196187
979033711
578737390
250833653
924779078
338779302
481415246
316477278
670798577
454848458
966037169
717485057
10481846
919559541
287722043
94604421
176009621
220594630
30403012
185064909
24254429
675961478
104830051
867672901
801247700
273145737
543961955
197037100
128024576
961427086
488304765
442729719
350812721
813576855
999074421
518588288
567354128
126424597
850347827
541061427
686092238
313436066
542472803
526947763
117273734
14319207
158400466
969731793
993212744
936824200
615334680
474038931
666448882
330399724
821260326
213934243
544677482
806123707
921218486
100207616
334747715
970913399
135862594
212318791
100587084
145379945
997165012
394746051
220193031
74546779
837896583
264267592
290601410
111150087
427494137
500746824
209389015
933729185
854292771
220072739
447376788
273381619
983038460
584224215
171752963
576680693
389298484
670523837
484129400
971793197
860615204
283356025
846486201
244497134
764208329
9134849
316690116
51404395
809442208
478819932
507407273
212324863
855561299
780014274
765659576
366361667
282629024
879060244
134003209
465721684
350840095
216213180
737629870
731091138
26289316
842538454
766182002
368204376
102840498
764301799
817375466
80889095
473536540
944991389
173067420
798590075
75461367
914916009
276339648
638403185
712530837
372296330
358882202
780876223
65645199
649119505
242845048
682556652
732562022
438009849
314314010
498381301
120913742
843837602
408276656
868330897
221141855
872605379
81971712
67291809
918114295
657700245
2257199
61447440
579905069
173079625
223990816
931732630
231100097
23015539
219631918
801635966
765631499
331830104
123571621
972439833
769045528
906926175
226462495
504808616
547895655
83904662
650203094
976634104
330708933
558603494
704991695
716345672
119790036
464057431
833017213
560295326
798720116
750337585
680876849
716053070
352654759
866421974
689506534
360287862
970072137
948895068
397123562
608798605
864598631
658750864
709502187
648334112
380423797
317479602
677870855
275126565
490299217
834665793
731984389
941620900
710457410
65723414
375177255
169945080
421724189
381414924
365975012
785746648
475473875
387170031
931280479
659024724
162841091
328056156
533803104
899968972
453582277
517336716
964965617
563050035
849069633
50433288
481924347
836432787
420473299
820739477
628048239
169880324
869744747
68089041
781379234
759239536
262838150
635281365
299661756
777645491
941594369
925842906
374085151
996080989
637858108
597220994
720423967
161984549
409150911
987957905
828326211
158363013
672130336
341247262
608587596
174621992
344604536
635273375
464822930
392513858
454842059
248064896
714361333
259269017
77718537
377409795
661744000
902684988
452378599
179600666
826154745
379362054
917404264
115108008
423746549
860855899
182672173
387420489
631994012
462820175
506202730
445728933
477084079
194762181
248438382
479678747
241325330
535784117
820526431
194557806
396717067
791491335
48792746
967263567
825764697
530334402
491782065
332887289
959092719
864988389
821606555
631394335
100856051
335251813
850461282
113079494
922903793
307720546
199720825
748135807
110812309
32634032
630969174
453517864
94682948
834050745
916984613
270259765
374660078
52787247
654915104
893672134
24627608
697730114
785484255
572549960
753187589
506669469
209699746
564004267
250596585
444249445
923214101
903936962
818820080
657036216
996799220
133601272
459151982
398062886
265095575
666607861
552822217
622680383
161139050
111995121
831969612
588096646
372125616
328327369
178256174
200627950
375401028
58147733
147609019
189732111
695750333
843989055
466656805
416590581
991702475
304707682
689623482
34193691
917434625
92643110
390361775
204025218
134804880
560024230
526403047
308672291
93081182
442541527
393579202
453883160
355594659
132200765
56995311
617617932
48726078
104003138
371049825
305229492
73254847
936273784
796495461
743481520
31922523
376896182
920777876
629373804
22289805
652089181
725832709
344100906
589529434
405781823
288138688
740668857
974604638
152961085
258331947
775212672
161685337
84886884
822501491
773522871
467585126
284936851
150223167
941783434
689303478
150345132
440120869
24551374
507752298
455101320
746109911
512821006
343988862
452390499
980330312
567901599
11150613
907229090
271427720
647070337
517580426
278453612
717997884
812645823
395458511
596642287
210376721
371795286
613138889
678476794
20832585
163821228
380727387
938707692
640862140
846394509
637818264
498214000
237644612
433651375
24488744
394014935
961555389
215396265
272947892
866304302
281684515
355934920
389924141
117544966
663937947
37961330
140282043
145985573
616851233
598634411
525926036
999603684
480598980
633181973
615584401
448047122
941929120
123687639
917443727
451253727
318478834
61337129
515413461
18439308
944546107
904463801
701318949
752083195
289531367
437696754
422659463
61551719
630359805
527949151
729806892
47917731
798365603
222547210
75638960
967276466
932970657
90550516
858470292
197432046
987898633
452801284
650842447
672249065
644089099
869888659
602169944
422693398
398563803
279285419
229370908
882606627
164261445
856530485
191003906
158003975
831147028
42814034
183773995
665213012
953391330
497066767
964743525
203069147
881484239
154959889
790886529
898141068
825329821
853008319
994576941
495576498
777538972
235005340
139032656
164641563
183453014
601873767
168444805
719937331
710856607
993361273
911112
97436791
192945229
610259018
258499756
708318703
578907772
164629370
410296327
933551714
776661613
756506041
66371709
193392799
255442110
669778962
239139688
445690035
210845457
817469754
312154937
703587805
462410114
557804932
876610631
58736495
544262941
871565643
248477854
884923808
563514626
872165694
411479693
135443836
494201758
926694628
291308747
732922751
232480177
929626190
999224108
76326466
619717918
319631585
36933072
848800935
187878197
988984470
121480541
544219478
189256398
746121972
79098437
652104023
223657885
906484839
497739240
777554078
962372303
773981051
483405985
589019981
455521192
930202711
898821771
234051780
388733425
669362591
184679651
990624433
932742715
665880346
320437448
471458206
322904003
947120092
745632399
436621969
989161834
997171058
609939615
972517055
399975501
879076949
345885046
672642690
257303135
636378223
440839756
555389463
336807545
481558716
876538731
260593287
568414595
994656877
249059753
535455739
602568852
147659782
270120607
132494419
926707095
63050690
797908685
288357387
996631571
339514374
110385181
56818315
771659269
422390400
741096707
825271545
298932801
811387131
334550585
160917169
533620402
460693683
921552603
387254952
578598683
667823664
409690356
817128363
530022993
800591340
248711059
663899324
119311459
514384089
831502651
269481268
944056486
97585559
717677724
840403107
939189035
107255394
295093797
92025526
205416181
296275743
571847654
240863398
573765198
875691315
663023746
726051148
952888226
305342071
84918742
279617435
933372788
126849274
882715962
974022893
882927055
685036426
49484062
897415410
6264705
718311583
862545362
704251893
339825450
627723339
56110584
804273523
714229236
360561157
90182587
759687856
268194316
291273491
79382581
915407667
923592890
937717250
844056762
694674772
494207193
7630002
371270651
630584912
805640233
72779207
900235749
398293006
682965145
397420280
670628264
379645726
602035419
625777621
407665751
71259676
451594778
408160681
492853973
267947659
418456984
455587826
406254776
227618068
880117603
799270572
628034680
952278230
536295556
619234807
168356094
203729504
999269527
929376556
974115711
571314979
259465161
327432919
268435456
918527628
799751312
249628713
414316561
253928685
376894577
215994392
77080412
202612992
189157135
917097360
483741623
605484731
596306060
937822097
509867317
846442795
875957820
895333695
539375682
186488175
193158257
962494101
705850720
884080975
172131350
437153496
112069795
621054068
875072442
285612864
183865192
47636089
37812664
316537616
13280672
668735271
626090901
395994581
349211835
655611027
128695553
712267859
771187462
186077523
724269663
532644330
190952701
957452754
617769513
601724334
979467792
713091373
447878488
431685284
449036837
846003544
286928093
754024816
182840419
860623774
397409493
210454839
856229897
107369488
12188340
382981255
753254899
48047736
908340245
667890722
707568133
95895142
404939819
369704606
140401653
740411804
989910725
111577053
847829952
459640966
878723930
588602816
665941678
766613423
458210558
302387299
957178889
441616694
143411896
573152084
201641554
50323979
996720979
878536210
75739995
675834058
357948316
470757208
764603135
775172077
764036148
726490785
588186703
481536809
422939107
626352951
147812721
862144805
767851437
557416210
615654161
235995505
465947784
295221950
305556050
741069803
409145982
259281121
581266870
510751806
804128272
866398945
275474451
642566588
523678526
144605467
538501349
995099250
146834329
226398784
669353893
323969358
660688039
743248600
326038922
109690630
675680864
389075314
510629218
101520518
860872713
431516881
955788659
538577683
950658679
564159365
636137591
176018106
359053198
927599215
400081680
765331216
703190123
24864604
282071086
199608098
409718020
309397984
872627558
120726349
562252112
348525425
400304501
586268357
217333889
617804393
883242986
228051027
262541632
262339920
225823717
445487142
662266599
171671782
914731630
260104916
327223194
148008097
842736732
316961031
208543473
195610872
486260117
541925605
956380657
805951391
412801775
627257963
706877677
649294147
975370188
475306340
636034241
757160233
624796015
724465895
919061589
381167527
428129382
47902251
965904305
472821699
531997385
67450456
627123105
558879030
520860879
620466564
422256533
104456358
884364249
231974049
870848678
312273072
118802190
365006217
636050143
811944073
553441751
297953120
675313838
96950699
518299309
60904224
545178996
479421972
703084479
378137046
328617115
315674458
367083629
405075747
190289554
58653247
539237998
29168854
592673282
770567737
2936341
374420689
591173291
892261497
577565745
963432517
705753246
464516870
58554931
422889703
971931505
97686300
791892935
618073079
256611462
362030560
719737546
48383334
911072580
939941698
259593304
22828768
428029914
187889632
478799225
781368947
308723283
896264059
260739080
885859499
832663812
55027718
241973034
331600598
559920527
83860444
978453879
397187362
649283447
788741959
972491283
840050351
482118379
97405724
958321753
53799564
109277817
825737144
844495265
919375295
795381520
741936572
137953593
747374216
172225536
445296383
327894126
241539764
464425208
96686582
250446725
206673641
51987840
661700040
835789729
986535093
478831515
114831985
761463953
687830873
69618921
956829169
882985642
583844506
734901756
887372636
316436882
669744056
433920553
745011544
736240272
128903830
714341990
688618510
655978897
577026396
588697979
169761274
250825666
751294148
797568963
798302525
698949733
270892109
416477624
650871832
467737242
820931322
294853490
35402239
777276219
81747049
537565828
109150355
223115194
426495968
390779773
475475332
121447328
517784712
655961533
521448442
120481972
190601343
922210424
828721805
674511211
58031907
797173481
655617488
731558781
380054628
314465262
645916205
55336764
754978597
447968726
933713476
297823245
848007171
652451549
288802063
536607360
657247295
38515717
63740219
194511074
427687553
7494776
67988168
697523680
415449186
28439090
660566826
943954606
189222383
709138161
289634957
530497861
355544102
753615472
333904426
619816817
231464716
399757338
477400162
327007732
937105793
173458370
408480273
391566000
143262240
316186367
837642377
255129776
994580006
169164540
335127914
759313623
71349706
569809144
24863409
39846045
839373466
913933024
687383495
241136920
438952330
221123726
614630234
404539401
512354238
804998822
264643088
497538990
131717063
925289541
978167907
18394175
813488860
444012988
512886976
448197888
29878511
552270547
918035634
533403694
700365825
304219390
785459108
655237352
168002825
183327567
399748867
861272432
293264071
853712093
350342197
330935488
245693314
817836412
446791749
120185309
330264952
85853725
990728663
114568665
572050782
59662077
137416117
828898318
617192238
685364752
149718352
527451724
612057257
327027745
43985695
91995756
560984299
887942606
796850006
802007435
259938484
623710239
217440300
513021537
913263962
490511524
669064575
151870771
159631753
976722744
134039016
249181272
197012614
834083681
174520950
951622271
172628232
402448539
10796849
514774238
264386246
797811125
224486210
338135511
546249671
725645308
791200903
728960437
580946173
119356884
821630815
4880680
87409681
339311530
946791291
367429138
661279891
345734885
970167589
102883123
439316662
597914388
634916772
143176427
489481068
166059409
101201796
68943322
328166416
57399989
139987948
9654654
874955659
777276219
702696535
641967857
314582254
895984669
686964810
972781736
910461951
995779297
786627670
639526225
519656349
393018544
318226244
390418890
453533313
837905122
363173604
41184604
305233162
143283113
139169139
789203014
343214835
952131786
756511437
820307147
659091847
401091518
607182973
586227834
132860452
935104541
787930143
665344891
276524986
352132174
686572571
788677269
793556068
538861615
156545129
875751838
269331896
362980923
986388917
881770850
343997770
664235093
224223271
111072740
531295182
970117662
454692271
666927442
719886591
462469535
278154663
538641815
501731690
679541115
510255182
87737558
991678604
239916186
494959434
542488081
579908482
375892684
359342273
794840474
412589042
266096096
977930880
989076428
1993389
128760579
663609028
287571742
830715419
451962215
695238179
520380776
676952281
782431381
750638
718317653
734779343
613807924
256600893
216545774
432012477
457199897
511567352
493744451
566262318
934341038
387737140
411132581
837166256
311605594
808002098
397670901
116330993
345049859
325859223
563318713
150422043
319743355
624573214
882933550
261024329
913911017
671639849
459905999
821086460
555119427
784540290
899954461
497295347
969253475
986085167
724530452
848529393
875917396
958577455
267548170
405810896
503298578
986222349
125927468
897466285
889018429
713408907
509746503
651638468
699314702
324829152
910704658
53632195
698619149
773462501
163679833
785270149
991556203
574968377
391269911
305161617
900615572
154834012
185168303
653885530
771402861
964795707
190131323
645176094
437782833
139412474
703833661
201084392
394344714
147934257
678985566
639619686
582432856
934673655
121524995
371791884
916131558
704253156
170906693
916085609
55566945
431032269
128130414
975971629
439436761
828654554
371725532
811552835
59767522
638384849
683046631
454011692
125644774
506204759
585607595
379534886
961730837
149730183
807577832
50666617
295095597
885896602
288181375
887742955
140351707
670185715
696754689
173540665
481033001
176519086
526895145
579358738
929779377
448617936
831514083
246906859
77020975
594080086
309462337
204509923
9564990
786860657
731021530
734406371
192722454
766435511
650794045
598268125
173579189
654960616
183265695
315056055
136145229
127547338
853019845
475739179
543909548
249485109
636344884
135806418
473466518
135408870
203062351
966806471
489124099
503445843
226022213
139457285
175519366
824377831
512118071
767514403
662633414
427273572
961852834
602329603
853467671
123889516
986694110
354989213
583966586
770510788
602396140
179687371
266435246
60535819
913610289
41351036
605724623
693303915
