10000 10000
2 7744
1 1530 9701
1 9753 7257
1 8120 9712
2 2844
2 4109
2 8331
1 2170 7933
2 9848
1 2869 6981
2 8550
1 8165 6170
2 428
1 2625 636
1 7945 9311
1 8485 7364
2 4711
1 1877 432
2 398
2 492
1 9345 8135
2 1630
1 2728 9127
2 7335
1 4761 9750
1 257 933
1 1614 2491
2 7120
2 5696
2 328
2 3498
1 2597 8650
1 4185 3094
2 1008
1 6510 2755
1 5666 6784
1 802 9691
1 7338 8196
1 5964 2012
2 43
1 969 6213
2 4511
1 4659 6572
2 815
2 565
2 3626
1 932 8019
2 152
2 9914
2 6996
1 1751 4914
1 1135 2274
2 8522
1 9141 5558
1 4727 8504
2 409
2 3989
1 7086 94
1 2721 3212
1 2388 5711
2 5888
1 3104 3474
1 7675 5106
2 953
1 1788 9303
1 1906 2111
1 7997 143
2 1861
2 3925
2 1159
1 5220 6401
2 4056
1 9875 3062
1 3603 9269
2 471
1 6724 6090
1 4320 3131
2 8733
2 9975
2 8811
2 5056
1 6096 8246
2 7695
1 9874 8354
1 761 742
1 5645 3144
1 3738 4680
2 1150
2 7211
2 4418
2 3788
2 7627
2 4113
1 3596 7154
2 5184
2 4656
2 9177
2 8777
2 655
1 3003 2162
2 8871
1 5695 9382
1 7481 6605
1 1360 6208
1 6080 3703
2 4454
1 9837 8433
2 3018
2 3584
1 8468 8117
1 1720 5529
2 108
1 8521 2354
1 8155 6431
2 5049
1 1205 3415
1 5720 7926
1 2132 1702
2 752
1 2818 8653
1 4696 472
2 4626
1 5617 1143
2 7089
1 1918 4405
2 396
2 4408
1 4303 3768
2 1564
1 3399 4897
2 7808
2 4998
1 651 7810
1 2361 717
2 2294
2 3754
1 5131 9635
2 1890
1 9032 693
2 8675
1 5694 1166
2 8766
2 2459
2 7049
2 6230
2 7390
2 389
1 244 3502
2 6517
1 278 6913
2 612
1 2783 3093
2 9202
1 4005 1438
1 8805 3364
2 4274
2 9907
2 6627
1 8860 7764
1 3578 485
2 7157
1 3606 5455
1 3360 3431
2 5884
1 1448 203
2 8877
2 1793
1 9305 9134
1 4843 6415
2 1729
1 8392 7001
1 1119 3399
1 9869 1976
2 2120
2 4597
2 7917
1 3841 4233
1 7415 3156
2 312
2 797
1 4217 904
2 1056
1 2482 5906
2 1038
2 1287
2 1378
1 9555 6507
2 6530
1 4642 3867
1 1934 661
1 2617 4733
1 8115 1186
2 1228
2 59
2 1111
1 9375 605
2 8873
2 481
2 6980
2 5482
1 3792 1776
1 5047 1833
1 4859 227
1 8667 9469
1 3704 3464
1 2512 894
1 5958 8832
2 1513
1 6233 2221
2 8039
2 7453
1 1729 1977
1 1518 1424
1 8705 1937
1 1036 7826
1 3965 3427
2 4776
1 4165 6874
1 3625 5822
2 3778
1 227 7605
2 5038
1 6626 1380
2 8576
1 9898 6821
1 7967 8798
2 6675
1 403 2677
2 383
1 1262 6328
2 3283
1 6762 7343
2 7034
2 2319
2 8939
1 758 3440
1 4772 4528
1 9869 8065
1 4480 6268
1 1412 3207
1 3279 2971
1 5885 5143
1 7209 7072
1 9377 5008
1 8949 6718
2 6219
1 991 9854
2 8450
1 2712 3975
2 4637
1 5786 6494
2 4244
2 6955
2 8984
2 1685
2 6597
1 5535 1652
1 4214 7890
2 3886
2 2577
2 9850
1 514 8889
1 7280 5583
1 867 5547
1 7164 1923
1 3046 7237
2 7900
2 7272
2 7993
1 9099 3132
2 6185
1 2636 3803
1 1851 1578
2 2096
1 6779 7338
2 4620
2 888
2 4454
2 9889
2 4786
2 2090
2 2354
2 9098
2 271
1 7239 6199
2 7145
2 7101
1 7354 9586
1 4190 9146
2 1091
1 9670 6343
1 2698 1701
2 2126
2 9779
1 1704 2795
1 5460 3957
1 7521 976
1 8149 8918
1 9327 3846
1 6935 6467
1 4646 8305
2 26
2 8370
2 4324
2 4183
2 740
1 6124 7919
2 1098
2 4809
2 2335
2 9121
1 2215 1681
1 9280 5763
2 6272
1 7745 8064
1 2044 4876
2 9058
2 9419
2 8473
2 4767
2 4840
1 2511 9803
1 7146 9923
1 834 4348
1 7279 312
2 4614
2 9818
2 8151
2 6070
2 5492
2 56
2 2630
1 7630 5253
2 5251
1 3646 3392
1 5775 3565
2 5959
2 2817
1 9784 4717
2 8009
1 8257 4264
1 6250 9896
1 1907 9050
2 3450
2 2565
2 8065
1 4074 4644
2 3060
2 8170
1 1153 8834
1 9349 6090
2 3511
1 1998 467
1 8884 7129
1 2846 2096
2 5050
2 8127
2 579
1 9184 8575
1 5039 3907
2 8293
2 6220
1 8017 7549
2 1518
2 5942
1 2099 8387
1 1808 6226
1 2425 3548
2 2619
2 3891
1 3565 3896
2 1078
2 8233
2 6611
2 9386
1 9172 6307
2 3641
1 7245 9210
2 6124
2 7281
1 1369 2159
1 7397 352
2 3267
1 4174 6732
1 8035 1982
1 7299 3202
2 5999
2 8885
2 259
1 5144 3479
1 438 3030
2 2572
2 8558
2 4456
1 8549 8705
2 6365
1 4709 1856
2 6274
2 7402
1 3566 2288
2 725
1 3950 9211
2 5524
1 8554 9003
2 1960
1 1288 4358
2 9883
1 1488 7811
1 3771 9962
1 702 6549
2 5876
2 8919
1 5177 6016
2 3355
1 3356 8171
1 8323 8654
2 3524
1 91 6021
1 268 153
1 2183 5476
2 6693
1 1643 2212
1 7995 4117
2 5925
1 107 780
2 4008
1 4067 5143
2 6282
1 3935 6787
2 1293
1 8349 858
2 4621
1 2821 5412
2 7731
2 6779
2 7718
2 256
1 5506 7454
1 7612 9340
2 8032
1 9735 9087
2 7017
2 5166
2 6877
1 8601 2580
1 1560 3652
1 1746 5154
2 3252
1 1414 5484
2 1131
1 2866 1780
2 1876
2 5244
2 6258
1 7197 9017
1 3688 3448
2 5570
2 2633
1 2548 6347
2 7265
2 9453
2 896
2 5103
2 114
1 8218 3837
2 6587
2 2252
1 9728 8032
1 7118 9226
2 3719
1 9630 2426
2 5072
2 4655
1 4752 8933
2 8140
2 7211
1 5343 8263
2 7455
1 9718 7098
2 267
1 4216 6348
1 6918 2266
2 2441
1 5701 3901
1 3236 9086
2 6431
2 4180
2 5093
1 5684 8339
1 3119 5376
1 1967 6329
1 6832 1136
2 6359
1 7964 2593
2 7551
1 4750 9974
2 7509
2 7479
2 4195
1 9492 7887
1 9729 2835
1 5461 7036
2 5070
2 6488
1 6956 432
1 1611 6961
2 1199
2 9080
1 8493 1782
2 9328
2 7043
2 5693
2 3878
1 4242 6772
1 4493 641
2 300
1 2020 7411
1 5457 4759
2 934
1 5738 2233
1 3813 7729
2 9535
1 1616 39
2 4403
2 9309
2 8802
2 4967
1 3359 5853
1 6914 4564
1 3635 3043
1 5261 2521
1 2977 5227
2 822
2 7370
1 5200 5204
1 6839 9761
1 552 3190
2 8644
2 1008
2 7706
1 5418 2391
1 6145 7576
2 8117
1 1432 4750
2 8101
1 1562 8202
1 3348 7002
2 2412
1 9553 7643
1 4321 7765
2 7782
2 1295
1 1552 5188
2 4792
1 5715 7620
2 2976
2 1001
1 2215 5282
1 4973 6270
2 5051
1 3646 9423
1 9464 8332
1 1135 2005
1 9968 5003
1 7524 477
1 4226 4951
2 2787
2 9744
1 9795 9550
1 2526 721
1 4111 3807
1 312 9048
2 1710
1 6883 9347
2 4991
1 7529 1959
1 1299 5362
1 8155 7113
2 6698
2 1176
1 8524 7317
1 9162 868
1 7584 4801
1 5914 3541
2 3566
1 2154 2981
2 9473
2 9635
2 1509
1 6973 9634
2 3968
1 6097 2247
1 3491 6398
2 2887
2 1663
2 59
2 3579
1 8154 890
2 6628
1 4347 9744
1 7460 4414
2 3942
2 8547
1 3342 5414
2 6283
2 8831
1 9231 9643
1 5111 3395
2 9904
1 5176 5405
1 1172 6039
1 7179 1555
2 7391
1 5712 2405
2 3692
1 8754 8665
2 7648
2 517
2 9305
1 2481 6242
1 7247 7522
2 8904
2 2380
1 2432 2693
1 7014 21
2 390
2 2450
1 2196 7630
2 8663
2 434
2 5315
1 261 2796
2 959
2 4702
2 4217
2 9280
1 1479 7983
2 1787
2 1518
1 4145 6667
1 2589 6696
2 7200
2 2292
1 163 3304
2 6071
1 1286 3107
2 606
2 202
2 9019
2 3370
1 8182 9931
1 5535 6293
1 2253 5785
2 7694
2 9588
2 5766
1 9564 7843
2 3770
1 9487 8817
1 1902 589
2 2501
1 6795 8823
2 1560
1 2589 3045
2 4360
1 9148 7785
2 107
2 454
2 6848
2 8016
2 2257
2 3910
2 6152
1 1394 5373
2 8540
2 5865
2 2616
1 5367 8803
1 9633 2167
2 1691
2 9171
2 7517
1 12 4707
2 1387
2 115
1 5796 2698
1 7323 6431
2 9714
2 2344
1 1718 1018
1 2586 4273
1 8081 1398
2 5762
1 7958 7940
2 2771
1 1021 4287
1 505 5464
2 3251
2 5150
1 7705 9041
1 7921 2322
2 526
1 2412 601
2 2006
2 6571
2 509
1 3002 1012
2 486
2 551
2 8871
1 3323 8101
2 2987
1 1365 7500
2 9538
1 6323 7648
2 1255
2 870
1 9362 2501
2 6895
1 4846 9697
1 4976 8729
2 9826
1 6533 6248
2 2364
1 1416 4201
1 4569 3873
1 1621 6165
1 9612 2330
2 7594
1 9523 1521
2 7237
1 3375 7235
1 8068 4744
2 9976
2 6626
2 6633
1 6887 250
1 4586 9398
2 8671
2 4560
1 9419 308
1 4284 9229
2 8374
1 693 8780
2 8968
1 7089 5441
2 3514
1 7371 400
2 7265
2 8162
2 4403
2 7588
1 5415 252
2 2158
2 9909
2 5390
1 9529 223
2 2993
2 1546
2 2396
2 2696
1 2537 8994
1 9304 7728
1 9739 6627
1 3138 7106
2 3762
1 4936 4032
2 7378
2 936
2 2187
1 4371 1673
2 3967
1 9141 4440
1 3946 8572
1 9256 1082
2 4589
2 5445
2 3417
2 9703
2 9225
2 9907
2 1686
2 4003
1 7321 4032
2 1714
1 9724 8179
2 6830
1 689 2461
1 3980 6450
1 8616 9299
1 3432 9484
1 6091 4618
2 7293
1 165 350
1 510 3062
2 8993
1 262 7002
1 8360 3266
2 7900
2 6382
1 6672 8514
2 384
1 7972 2757
1 502 5950
1 3072 9977
2 2484
1 2901 445
1 8670 2695
1 419 8291
2 3411
1 7868 6374
1 830 5420
2 3656
1 254 563
1 1920 6007
1 138 7382
2 5130
2 8237
2 123
2 8153
1 9309 8199
2 2022
1 7027 9156
2 2530
2 6969
2 6581
1 4741 1983
2 5312
1 3026 4307
2 428
2 5376
1 7855 5688
1 7768 4872
2 2182
2 6313
2 4776
2 7629
1 5764 6555
2 9953
1 6575 1916
1 6143 4958
2 3561
2 6231
1 9029 6707
2 1530
1 1167 894
2 6991
2 5998
2 8855
1 1883 5732
2 4104
2 8240
1 846 194
1 2648 6409
2 5371
2 5650
2 1032
2 8181
2 2741
1 150 8470
2 4816
1 5461 6283
2 251
1 135 9498
1 2869 5284
1 5117 4413
1 1226 4180
1 6059 5888
1 9953 1066
2 5610
1 287 2377
2 7369
2 2113
2 7692
2 5005
1 2318 3070
1 54 5707
2 7393
2 3145
2 5937
1 8425 1888
1 3689 8297
1 2853 6256
1 4141 2472
1 4763 4333
2 6884
1 3734 7673
1 248 1864
1 9899 2243
1 5630 4173
2 8002
2 3509
1 1065 7855
1 9825 4278
1 8576 5406
2 3224
1 147 8361
1 9767 546
2 9855
2 7735
1 9705 3363
2 7589
1 2059 4257
2 9594
1 289 6303
2 3649
2 1892
2 8010
2 2798
2 4799
2 2811
1 8297 1117
1 541 3563
2 7781
1 2305 2420
1 3875 5342
1 1875 1476
2 5785
1 4958 4599
2 3115
2 3334
2 1925
2 7205
2 3652
2 2906
2 6332
1 5126 7259
1 3904 5444
2 7016
2 9970
1 7213 973
1 9196 9581
2 422
2 7018
2 1052
2 8326
2 4337
1 9394 5349
2 1670
2 1848
1 7666 609
1 4896 4094
2 4577
2 5945
2 1131
1 2328 4421
2 8875
2 7260
1 8954 4810
2 1019
2 6444
1 2259 4578
1 4235 6665
1 8140 6621
1 6927 2205
2 7522
1 6679 7732
1 6506 3336
2 4992
2 9473
2 4398
2 3755
1 2590 2401
2 6295
1 5245 5148
1 6488 1521
1 628 1790
2 1872
1 4793 5360
1 2754 5067
1 1992 699
1 2717 513
1 4788 1785
1 8407 1694
2 6412
2 4527
1 3204 4756
2 8893
2 9914
1 6470 9939
1 2861 1370
2 5203
2 6621
1 4396 5833
2 4485
2 176
1 8141 8021
2 2488
2 7180
2 5098
1 913 7470
2 969
2 128
1 2896 9523
2 330
2 4967
2 5407
2 5523
2 398
2 4194
2 1921
2 6691
1 2540 9417
1 501 5269
2 1608
2 922
2 7779
2 2011
2 1276
2 815
1 6775 7869
1 3715 6467
1 1488 634
2 1899
1 9871 8654
2 330
2 1880
2 1159
1 3950 9924
2 2444
1 3828 2643
2 9528
2 7095
2 9833
1 5408 7389
2 1381
2 3204
2 1860
1 7577 4602
2 6509
2 7206
2 3809
2 1022
2 6684
1 8311 7230
1 2044 81
2 644
2 9366
1 7748 6091
1 5020 629
2 1752
1 271 3886
1 4822 4294
2 3006
1 7389 3225
1 2854 8999
1 8341 9121
2 8136
2 6086
1 2135 6593
1 2173 8889
1 8449 3947
1 386 8643
2 8518
2 3464
1 497 9248
1 6022 4714
2 4701
1 7332 8151
1 8273 3467
2 4479
2 8652
1 5173 5326
2 7698
1 2763 7147
2 7822
2 2273
2 10000
1 5167 7638
2 8235
2 9170
2 8533
2 856
2 3788
1 9117 3124
2 2614
2 1746
1 951 9580
2 7434
2 6681
1 6094 6735
2 656
1 7339 669
2 5158
2 7748
1 9393 4606
2 1824
2 1216
2 2675
1 897 7203
2 6029
2 9117
2 5614
2 3281
1 5989 9173
2 5330
2 7067
1 4873 7124
2 1098
2 2812
2 2761
2 9142
1 4981 5966
2 4169
2 843
2 6337
1 4450 4367
2 9678
1 7734 1774
2 8191
1 3195 9580
2 9881
2 2201
1 2384 6741
2 5251
2 5795
2 5802
2 4663
1 1924 2948
2 6718
2 1886
1 5094 8122
2 3501
2 1861
2 5550
2 9340
2 2292
2 6671
2 7816
1 6626 5784
1 1053 1210
1 1118 6017
1 4232 6706
2 1662
1 3104 2043
2 9248
2 7942
2 9694
2 8838
1 9280 9019
1 9487 8577
2 2493
2 4069
1 2459 1087
1 5629 2114
1 4671 6009
2 4869
2 7300
1 8848 3544
1 4296 1394
1 1426 8746
1 5651 4843
1 5749 5235
2 6924
1 1616 7089
2 1783
2 7046
2 4570
1 5463 5995
1 4417 6276
2 1439
1 2728 8897
1 808 1560
2 9880
2 2608
2 8417
2 8285
2 9186
2 6672
2 7449
2 197
2 8389
1 5561 9708
1 589 2708
1 8176 2005
1 2922 7693
2 1301
1 4024 2340
2 4625
2 5070
1 2758 514
1 5668 4776
1 8696 6358
2 1347
1 1817 6596
2 7383
2 8510
2 3469
2 9158
2 5620
1 9734 4738
1 8454 8005
1 5490 3495
2 4301
1 7810 2802
1 4063 3607
2 9979
1 5809 4593
1 6872 3177
1 952 7277
2 7804
2 4810
2 3940
2 9818
1 2140 5373
2 5968
1 4198 1810
2 4075
2 2195
1 2872 4251
2 7331
1 4520 5351
2 5738
2 1670
2 6875
1 6624 2965
1 7948 4305
1 4825 3797
2 3079
2 939
2 4355
2 3443
1 5931 4189
1 2073 3580
1 3863 1495
1 1150 1081
1 576 6510
1 7627 960
1 3540 3020
1 7590 5638
2 2190
2 1982
2 2020
2 7443
2 1520
1 2396 2336
1 377 5853
2 4764
1 7243 5276
1 7796 6760
2 8360
2 6767
2 2356
2 2404
2 7822
2 2135
1 2740 2446
1 1473 7297
1 7882 5143
1 5872 7913
1 9842 1378
2 8999
1 8232 4733
1 3239 6804
2 6870
1 2046 6506
2 1652
2 5743
1 960 2807
1 9913 8502
1 2330 1078
1 4630 2862
2 5556
1 9648 1744
1 8835 3212
2 5627
1 2730 1560
1 3040 4516
2 3597
2 4064
1 9003 5897
1 3592 6842
1 7372 9430
2 9935
1 3000 9073
1 6605 5432
2 7603
2 5460
1 6346 9301
1 8376 1976
1 2116 2887
2 9696
2 1611
2 4081
1 6348 959
2 1148
2 3127
1 2682 7295
1 6612 8592
1 3459 4101
2 6116
2 8247
1 3731 7834
2 1250
1 498 5347
2 4152
1 2718 6482
1 8159 6981
2 1924
2 1771
2 8604
1 1801 5571
2 8897
1 8693 7446
2 3645
2 184
2 7332
1 759 8413
1 374 1833
2 2740
2 5928
2 8860
1 4227 4544
2 2122
2 1557
2 4089
1 6208 4269
2 7679
2 5515
2 894
1 4987 957
2 5838
2 5791
2 9452
1 6871 4206
2 1346
2 5726
2 7225
2 1575
2 9856
2 8819
1 9329 5142
1 7903 684
2 7626
2 2366
1 4895 3421
2 8905
1 7599 4051
2 5606
1 6233 7404
1 5530 2948
2 5891
1 3856 3543
2 6640
1 4707 3017
1 2018 2230
2 8404
2 8885
2 4859
2 3635
2 592
2 2313
2 263
1 1574 5435
2 9763
2 8130
2 3097
1 6928 2870
1 1399 2311
1 2190 4060
2 9349
2 9868
1 4819 7921
2 3181
2 6716
1 9269 7400
2 8793
2 1634
2 4029
2 2785
2 5829
1 1526 5731
2 5380
2 4261
1 1588 4200
1 7263 2414
2 2043
1 2029 4279
2 2343
1 6494 1766
2 9092
2 1093
2 3221
2 5248
1 7068 4548
1 8051 6287
2 8055
1 6477 1792
1 129 1288
1 9164 7662
2 4902
1 2070 2694
2 6162
1 3409 7834
1 1893 8349
1 7238 4476
2 4787
2 5269
1 8729 7764
1 8244 1634
1 9680 3384
1 9281 2972
2 9151
1 4760 9302
1 4456 7222
1 2083 5524
1 6266 9394
1 709 8978
2 5808
1 5785 1774
1 1547 244
1 5029 3131
1 8132 9855
2 4127
2 9999
2 6785
1 5921 716
1 3593 8108
2 534
2 2464
2 4181
2 1514
2 4005
2 2011
1 5227 3167
1 4980 6839
1 4549 5630
2 626
1 6865 807
2 5695
1 5626 5049
1 1901 9808
1 954 1874
2 1114
2 1786
2 2553
2 7101
2 6800
2 5276
2 6678
1 5082 9299
1 8781 6577
2 4741
1 1757 2724
2 4694
1 6051 3741
2 6967
1 9778 4615
1 7411 3075
1 377 9858
2 5226
1 462 5803
2 3456
2 1143
2 3999
2 5205
2 4565
1 6386 1534
1 310 2821
2 2531
2 2052
2 3024
1 696 5606
2 758
2 3046
1 9460 7897
1 702 5262
2 2331
1 3440 6404
1 420 8373
2 2999
2 8559
2 238
1 4285 4293
1 284 8637
2 5626
2 660
1 1316 2146
1 70 9315
1 3700 7266
1 8731 8144
2 3598
2 8324
2 172
1 7287 6705
1 4820 3667
1 3262 1685
2 3457
1 8874 150
2 3286
2 1477
1 398 8500
2 646
2 270
1 2117 9864
2 9873
1 9766 2061
2 6070
1 8570 1831
1 5694 6987
2 8735
1 6960 8667
2 8845
1 1408 5509
2 4207
2 1283
1 7896 4476
2 7725
2 3012
1 8828 5765
1 7959 5225
2 4238
2 3663
2 4161
2 7862
2 4519
2 5222
2 4140
1 9059 3430
2 7281
1 8060 8063
2 6271
1 9359 3843
2 5269
2 3862
2 1251
1 3841 3624
2 401
1 2172 9197
1 5461 5992
1 2055 7878
2 2304
1 8952 2502
1 5227 6834
1 9898 6591
1 2141 2706
1 620 5360
2 9944
1 6688 6810
2 9752
2 1652
2 1817
2 9326
1 710 1027
2 988
1 3318 7803
2 4182
1 530 5574
2 3207
1 8359 6826
2 8628
1 6391 5550
1 3039 3315
2 4216
1 1516 9689
1 1968 2166
1 5046 5974
2 2020
2 8614
2 1982
2 6445
1 1285 4783
1 6868 7216
2 7483
1 4165 1899
1 3517 5987
2 8785
1 7337 2605
1 8385 6584
1 4541 8524
2 8312
1 7597 7160
2 1118
1 8980 5377
1 5189 7198
2 6511
1 5763 4924
1 9155 9208
1 2838 576
2 6494
2 262
2 6169
2 8017
2 7979
2 2657
1 3929 4436
2 672
2 4297
1 8832 5612
1 9227 1999
2 1352
2 4732
2 1723
2 8132
1 8318 956
1 4159 4400
2 3208
2 7585
1 3031 1179
2 2994
1 5366 8201
1 6850 8113
2 9923
1 6423 3536
2 7957
2 2777
1 4551 2457
1 9094 3594
1 7505 4175
1 2999 7093
1 5107 8864
2 3960
2 2339
2 9942
1 4091 5652
1 8077 1737
1 760 4520
1 1947 2893
2 6340
2 9006
2 8551
1 502 5231
2 671
2 8521
1 6455 4193
2 516
1 9245 8428
1 9569 2370
1 2337 5982
1 9951 9076
2 2334
2 9492
1 2774 3899
2 9406
1 1375 1143
2 8063
2 4207
2 5644
1 8451 5298
2 1357
2 7905
1 5404 9400
2 6842
2 8118
1 1506 7402
1 9434 9585
2 3880
1 3167 7332
2 2344
2 1781
1 806 1371
1 180 9485
1 9195 3174
1 8921 1265
1 9640 6190
2 5456
1 6468 6506
2 6915
2 9359
2 2242
1 9106 6223
1 2541 3663
2 9668
1 1284 7654
2 9313
2 3019
2 7164
2 3370
2 5959
2 1153
1 5535 9152
1 2284 6431
2 3300
1 1920 1321
2 2856
2 1434
1 3006 4535
1 2064 2657
1 4619 9009
2 5427
1 8324 2845
2 4176
2 9497
1 2755 1523
2 4174
1 1635 3200
2 7747
2 4114
2 9259
1 2576 8833
1 3690 8833
2 8832
1 5139 3958
2 442
2 9417
1 3223 9479
1 6877 7820
1 8835 9129
1 7306 9393
2 8005
1 3505 3715
1 422 7457
1 2404 5889
2 1487
2 5852
1 2611 3253
2 3406
1 7551 4560
2 5778
2 9961
1 66 7831
2 4457
2 1133
1 6822 1940
1 1333 295
2 6683
2 5286
1 1997 6255
2 7650
1 2543 7303
1 7743 713
2 2917
2 1435
2 8202
2 2692
1 9246 164
2 2050
1 3341 2738
1 1802 9712
2 4513
1 3423 976
1 3945 881
2 1646
2 9137
1 2586 658
1 5729 9108
2 1701
2 3217
2 2047
1 9612 5555
2 9335
1 8587 700
2 3498
1 836 6711
2 5228
2 7583
1 1131 1976
1 1922 2993
1 7548 5290
1 746 2070
2 6330
1 8066 2983
1 5843 232
2 3695
1 2672 8692
1 6674 4240
2 7152
2 5241
1 1819 2910
1 1658 7882
2 4545
2 9938
2 2463
2 9549
2 5299
2 8490
2 9163
2 8132
1 3762 1107
2 6154
2 827
2 3040
1 4931 827
1 8680 5377
2 5047
2 2134
2 989
1 3255 1347
2 8945
1 215 9479
2 6804
2 142
1 1362 6409
1 6270 2406
2 4590
2 8849
2 2463
1 5990 3075
1 2307 6280
2 7375
2 3189
1 5241 3073
2 2214
2 2118
1 426 7532
1 7899 6061
1 9315 7155
2 1024
1 9622 84
1 5618 55
1 3058 646
2 3614
1 5055 8041
1 1904 2570
1 9265 9736
2 5602
2 204
1 393 4750
1 8580 7596
1 9693 6276
1 7332 9587
1 9459 716
1 1803 3408
1 1747 3704
2 4733
2 3815
2 8492
2 6190
1 5465 5996
1 7040 853
1 9066 1214
2 7881
1 4127 6512
1 940 5534
2 6903
1 869 8184
1 2155 9444
1 6646 7761
2 1314
2 5797
2 2294
1 2711 2740
1 2571 4693
1 2653 2640
1 3937 4635
1 5405 2252
2 6280
2 6506
1 3727 4814
1 50 7523
2 9928
2 6609
1 365 8777
2 1122
1 6883 3786
1 8986 7224
2 5174
1 8321 5135
1 593 4940
1 987 1893
1 894 1686
1 7103 8830
2 8123
2 4352
1 6987 6380
1 7310 1424
2 6689
1 2333 2972
2 3692
1 2292 2240
2 6239
2 5063
2 7661
2 5163
1 8000 8483
1 9414 5113
1 5560 2864
2 3186
2 9001
2 6147
2 624
1 6122 4126
1 959 8519
2 5176
2 2928
2 6560
2 8306
1 8525 1489
1 5016 5569
1 8913 5031
1 8250 2494
2 1839
1 2712 5015
2 1377
2 7254
2 530
1 6776 1182
2 7659
2 1622
2 9119
2 2732
2 602
1 8258 4283
2 3483
2 2608
1 9665 387
2 8722
1 5714 1526
2 6931
1 9056 4248
1 8262 9207
1 1686 1558
1 160 7409
1 5394 6789
2 1506
2 2837
2 446
1 6526 5922
1 4425 6994
2 6907
1 4316 7018
2 2936
1 1377 7022
1 2165 630
1 98 1597
2 9070
1 1647 9073
2 9821
1 2303 3907
2 5065
2 8881
2 8577
1 978 7732
1 2367 4723
2 4773
2 6683
1 2391 5093
2 216
2 9304
1 1339 2017
2 3952
1 8778 4126
1 8451 7942
2 3692
1 8786 6404
2 7899
2 2218
2 1780
2 2029
1 9186 4643
2 6870
2 978
2 2263
2 2406
2 3583
2 4534
2 3361
1 7049 6777
1 9485 8495
1 4876 2914
2 6651
2 1805
2 1185
1 538 7555
2 6232
1 4934 9198
2 1874
2 6923
2 1327
1 791 6935
1 6819 6555
2 220
2 5241
2 7030
1 9720 4284
1 9221 1442
1 6435 264
2 8462
1 4506 8836
1 6711 7664
2 2890
2 2044
1 6081 854
1 3926 9676
2 9872
2 86
1 3131 3336
2 1128
2 9385
1 9933 6456
1 1709 5118
1 326 6808
2 4883
2 5670
1 286 5620
1 2748 4796
1 6199 3381
2 2616
2 269
1 5780 6393
1 8225 8910
1 6127 9915
1 9181 7814
1 3033 6086
1 9342 8129
1 1398 7572
2 1222
2 762
1 4294 8917
1 1575 8827
2 1239
1 2035 213
2 4784
2 4139
2 5026
1 1208 2164
2 9017
2 7113
1 2661 9209
1 6922 9367
1 9577 6217
1 8272 4524
1 4691 6211
1 2215 854
2 2754
1 5288 2483
1 4447 9573
2 5036
2 3396
2 6399
1 8481 5144
2 1537
2 6720
1 4515 3343
1 2558 8024
2 9178
1 289 5120
2 6603
2 9009
2 2865
1 9284 4470
1 3634 7674
2 4703
2 5499
1 749 1974
1 4834 7035
2 5207
2 8981
1 5900 4744
1 1927 3351
2 5387
1 9044 606
2 385
2 1137
2 4914
2 41
2 1062
1 519 3794
1 3240 6783
2 6260
1 4193 1178
2 5377
2 2091
1 5331 2900
1 1922 5006
2 2492
1 1267 8639
2 838
2 9399
2 8584
2 1820
2 9882
2 8545
2 6853
1 5927 190
2 3902
1 5281 5810
2 1970
1 66 9802
2 2610
1 3134 5161
2 5349
1 1260 8881
2 9541
1 8571 9600
2 2212
1 6493 575
2 2533
1 17 3733
1 2287 5550
1 6549 9042
2 4009
2 3898
1 5239 7625
1 165 887
1 7378 6191
1 5393 9359
2 1792
2 663
2 506
2 6418
1 3974 1818
2 563
2 4623
2 9421
1 7010 6451
1 8880 9574
2 3570
2 9284
1 756 3310
1 7100 8569
1 1730 6147
2 6846
2 8312
1 4265 6454
2 1990
1 9910 6715
2 2061
1 701 9664
2 1137
1 6620 1647
1 6700 7905
2 6091
1 1813 8213
1 7847 9616
2 4989
1 399 5885
1 8557 1911
1 9843 7361
1 6727 1470
1 7982 2950
1 8441 8107
2 1209
1 2934 3175
2 2760
2 534
2 9939
2 5728
2 4618
2 8786
2 8146
1 1127 3018
1 1208 1360
1 6161 9857
1 7940 158
2 4209
1 1440 561
1 9137 1796
2 2844
2 495
2 6233
2 4014
2 6926
1 1698 642
2 9894
1 5609 8977
2 624
1 6361 7853
2 5479
1 6563 2945
2 9789
2 6806
2 5419
2 7961
2 1106
1 5371 3970
2 2291
1 7822 5107
1 9368 8280
2 2143
2 7005
2 546
2 3785
2 933
2 8194
1 6843 1513
1 4295 9356
1 8144 1168
2 8195
2 1768
1 4891 4346
2 9644
1 8776 2731
1 3671 5338
1 6458 961
1 8949 4819
2 5951
1 995 1664
1 2373 7461
1 9190 5114
2 7094
2 224
1 5686 3195
2 3127
2 9017
2 4042
1 1201 4120
2 3504
2 8721
2 3912
1 1107 318
2 4601
2 4074
1 4297 3468
2 5163
2 1109
1 6717 3639
2 3942
1 8290 6385
1 4743 2134
1 4392 1537
2 7762
1 2789 1202
1 9051 7268
1 5637 3481
1 9365 4912
1 630 5676
2 6154
2 8589
1 4416 5013
1 9157 1350
1 3818 9443
2 2486
1 7009 5277
2 4661
2 3558
1 2798 4847
2 9214
1 5859 4889
1 3445 2878
1 1863 8168
2 1484
2 2489
2 636
2 399
2 7108
1 2896 332
1 1014 9733
1 1525 7611
2 5934
1 2507 4863
2 9879
2 9570
2 6136
1 4794 4380
1 3967 488
1 9082 4545
2 6657
1 71 175
1 5982 4105
1 1065 872
2 5920
1 7445 7976
2 8767
2 8332
1 3481 2977
2 1629
1 1697 9110
1 3675 1811
2 4003
1 1742 4777
2 2532
1 1329 1367
2 2074
2 9006
2 5724
1 6941 118
2 4532
2 636
2 9834
2 4376
1 9 6011
1 3315 6589
1 4461 6452
1 6543 6150
1 1756 4351
1 7622 6854
2 2644
2 9966
2 5784
2 5779
1 8087 1047
1 4493 4454
2 6480
1 2097 4443
1 6570 8921
2 1261
2 9481
2 8108
2 7614
2 5817
2 4791
2 4716
2 4426
1 4017 4099
2 8684
2 3769
2 7574
1 3529 9977
2 2627
2 9700
1 6544 4240
2 6062
2 1654
1 9338 6546
1 7742 4464
1 8363 6393
1 2908 3762
2 8115
2 9551
1 8726 8105
2 6069
2 5493
1 2103 7332
2 7615
2 8806
1 4124 5928
2 2511
1 9799 361
1 4203 3009
1 9966 2137
1 5738 8153
1 1423 4167
1 6075 8557
2 193
1 8722 4126
1 3430 4286
1 3583 544
2 3670
1 3559 7156
1 3269 1448
2 2705
1 3606 8834
2 5135
1 8228 1804
2 3442
1 4005 5320
1 3589 5560
1 5093 5576
1 6752 8147
2 8549
2 1506
2 3196
2 1209
2 5334
2 7532
1 8166 1654
1 7583 6929
2 2763
1 9927 7932
2 8788
1 7256 2617
1 5673 2967
2 3820
2 1272
2 6567
1 5382 7415
2 1005
2 3686
1 9044 2316
2 5137
2 9237
1 4653 9218
1 2206 1596
1 2476 8829
1 8069 7835
1 3663 4862
1 8488 9672
1 6671 2171
2 563
2 5972
1 4335 1975
1 9759 621
2 418
2 1070
2 3101
1 5429 5451
1 9278 5531
2 5650
1 2456 8194
1 109 3087
1 189 6094
2 7689
1 158 8516
1 9782 3544
2 4617
2 4873
2 8108
1 6224 8929
1 3084 3839
1 5705 660
2 7934
2 7024
2 5750
1 1940 7454
2 8920
2 4395
1 8953 7369
1 4890 9901
1 5694 9133
1 9849 2368
2 8342
1 8411 1282
2 1921
1 6679 5005
1 7507 9407
2 2830
1 7663 7803
2 3523
2 4043
2 2878
1 8443 239
1 4260 2030
1 3162 74
1 7982 4262
1 3175 4953
2 3147
2 872
2 9565
2 3605
2 9718
1 2287 3083
1 7622 131
2 7106
2 1161
2 4370
1 4334 8600
2 3768
1 4020 6274
1 4670 697
1 7961 4246
2 6756
1 9080 9662
2 8864
2 3091
2 6175
1 7954 9315
1 6175 8525
1 784 3372
1 7935 1767
2 1329
1 1851 3303
2 2916
2 367
2 1109
1 2539 168
2 5953
1 7534 5979
1 315 1373
2 4943
1 8390 3458
1 6434 7137
2 9885
2 1811
2 1865
2 5543
2 6911
1 7825 923
1 22 6206
1 495 916
1 1663 3790
2 3416
2 6389
1 4456 2412
1 4546 1534
1 6702 4756
1 9721 1653
1 3503 3522
1 6211 9057
2 568
1 3529 8250
2 6204
2 6899
1 6939 359
2 796
2 9160
1 1359 6373
1 4700 6049
2 2382
1 3018 4776
1 5493 6414
1 2504 8772
1 8205 9873
1 653 770
1 3061 4163
1 8449 1332
2 5788
2 7146
2 9210
1 4501 7838
2 4349
1 2627 846
1 873 8811
1 795 5031
2 4579
2 944
2 7284
2 7212
1 3743 722
2 4886
1 9192 5842
2 4260
2 1133
1 1757 1593
2 3383
1 3767 138
2 6020
2 2137
2 4511
2 1120
2 6158
2 4749
2 9239
2 2993
1 1929 8262
2 6129
1 8146 9367
1 3854 229
2 9962
2 1383
1 6477 3163
2 1553
1 2376 9537
2 2590
1 6185 3382
2 3239
1 3322 646
1 9484 3159
2 5576
1 8662 5931
1 7187 6564
2 9168
2 4772
2 5792
1 7605 9373
1 8804 907
1 2601 811
1 2642 2616
1 2897 8284
2 313
1 4825 7736
2 6294
2 2280
2 8351
1 6359 2156
1 8301 362
2 6105
2 169
2 9210
2 7274
1 3727 382
1 3283 6108
2 3072
1 8579 3765
2 6123
1 4801 5422
2 2780
2 8424
1 688 4594
1 5753 9372
1 4360 919
2 50
1 7919 6100
2 2529
2 8827
2 4799
2 5600
1 9159 2731
1 5473 4051
2 6977
1 6231 122
2 9193
1 4676 3141
2 158
2 658
1 8574 9168
1 7137 2364
1 2579 4778
2 7740
2 3289
1 5341 1294
1 8503 3927
2 4525
1 4134 6913
1 4066 5065
1 4237 7597
2 8911
2 2962
1 5161 1421
2 7849
2 7743
2 9954
2 7378
2 9781
2 5546
1 2282 2491
1 2206 5348
1 7448 8689
2 6625
1 5928 6654
2 1802
2 7027
1 4965 940
2 3535
2 1807
2 9256
2 7145
2 7067
1 5233 608
1 122 8349
1 2343 4843
1 2781 8065
2 6843
1 5281 1439
1 8014 7729
1 8027 959
1 1180 7795
1 2948 7854
1 3947 8921
1 9948 2186
2 3064
2 1781
2 2515
1 1508 9807
1 8664 4704
1 9780 4418
2 9507
1 8426 1464
1 2322 6052
2 4389
2 8451
2 9048
1 6298 233
1 6010 5459
2 3611
2 2170
2 9987
2 4029
2 5074
1 642 8646
1 209 3018
2 1526
2 3494
1 1794 6371
1 1321 3101
1 7398 6261
1 4285 9466
2 1454
1 5183 8569
2 7779
2 8417
1 1150 3878
2 4539
1 2919 1680
2 6137
1 3329 8848
2 6012
1 5673 7775
1 4642 1855
1 4350 506
1 7457 3252
1 2532 3755
2 7483
1 1253 2539
2 9587
2 7137
2 1402
1 2365 6202
1 6014 4535
2 133
1 329 6535
1 9318 8659
1 9162 4148
1 6156 1966
1 6508 9192
1 541 2805
2 8392
2 8220
1 2159 8614
1 9909 6801
2 3382
2 5714
2 42
2 3464
1 3435 5877
2 5755
1 9171 2245
1 1148 6880
1 5274 281
1 1266 4055
2 6179
1 2151 7989
1 4489 7342
1 8971 2913
1 8775 157
1 5796 4749
1 805 2674
1 3655 7344
1 3545 3418
2 1139
2 8726
2 1225
2 2899
2 8881
1 1643 8358
2 1033
2 8761
2 9364
2 2341
2 316
1 354 3552
2 797
1 6630 2333
1 9747 6915
1 1921 5009
2 6477
1 4897 1877
2 7262
1 4727 61
2 1519
2 2938
1 102 1541
2 3753
2 6448
2 5897
2 5150
2 6173
1 721 3845
2 2225
2 8061
1 4928 8136
1 8753 5219
2 1774
1 1031 2715
2 357
2 8254
1 2172 1767
2 890
2 4481
2 9355
2 8093
2 1765
2 1788
2 9712
2 8002
1 3652 8550
2 6654
2 4461
2 8804
1 9085 7226
2 9975
2 8514
2 2621
2 7025
1 3323 4040
2 1784
2 2923
2 2123
1 2706 7416
2 4179
1 1329 2160
2 51
2 195
2 3369
2 8960
1 6966 6503
2 5063
1 4264 8088
2 5482
1 7152 2907
2 1518
2 8244
1 4571 4690
2 5506
2 3595
2 4468
2 5161
2 1549
1 9496 249
2 4486
1 2162 6358
2 8785
1 6931 7080
2 3852
2 9433
2 6511
2 7579
2 1964
2 2975
1 2495 4207
1 1887 5455
2 9195
1 1155 1376
1 3135 6928
2 4102
2 6084
1 9053 3026
2 3515
1 7710 7947
2 8716
1 3645 8700
1 7547 1223
2 8374
1 7866 7932
2 8984
1 4987 7039
2 8615
2 4270
1 5176 8744
2 7301
1 5549 9533
2 2745
2 2613
2 8756
2 2131
1 8676 9105
1 7882 2077
2 611
1 7155 6152
1 8428 4914
2 6329
2 8722
1 6136 3922
1 6634 6876
1 2424 3531
2 741
2 8674
2 218
2 1533
2 8120
1 5220 6064
1 3570 9301
2 8237
1 823 9893
2 2179
2 1508
2 7999
1 2280 4049
2 1378
1 2540 704
2 5591
2 907
2 216
1 5971 1845
1 6293 4920
1 3211 5380
2 3991
2 7823
1 1749 2557
1 756 6381
2 1821
2 6906
1 6053 3562
2 5766
1 4140 5862
1 1172 7783
1 9930 5854
1 9697 5108
1 8144 2321
1 1589 7847
2 9254
2 8782
2 8318
1 2625 3749
1 2214 4371
1 1948 5615
1 4937 6377
2 8260
2 6161
1 1964 1887
2 3401
2 8698
1 1009 1574
2 9386
1 7780 7531
2 5235
1 981 845
1 8391 9606
2 9564
2 1672
2 6757
1 3643 3119
1 2317 3571
1 7219 4776
1 6732 651
2 3312
1 9219 7935
2 6657
1 1862 5981
2 3776
2 1835
2 7411
1 1608 5846
1 3678 4178
2 4462
2 1954
1 5367 8465
2 5772
1 547 7170
2 8484
1 8681 7143
1 2800 1672
2 5186
2 3193
2 1321
2 3720
2 6607
2 6735
1 3905 8911
1 4341 4470
2 5408
1 6558 1963
2 5204
2 8636
1 6478 7594
1 369 2407
1 609 2983
2 4636
2 5697
1 8278 2099
2 2304
2 3393
1 785 2191
2 6023
2 2524
1 2796 9362
1 9672 9461
2 9205
1 9015 5988
1 6651 5106
2 5224
1 1966 651
2 2702
2 1826
2 5674
1 106 4082
1 1242 4915
2 2774
2 277
2 4138
2 1090
1 4352 1106
1 3188 2340
1 8810 7341
1 8322 849
2 943
1 2285 1884
1 6630 7868
1 2002 299
1 1828 7260
2 7637
1 8948 2303
2 7214
2 4285
1 5037 8026
2 343
2 6180
1 755 4185
1 1308 1867
1 1621 337
1 123 3206
2 589
2 5906
2 1347
1 2019 8080
2 3791
1 9928 3190
2 110
1 4793 9420
2 6347
2 8277
2 7376
1 9028 5889
2 9564
2 5597
2 6203
2 1893
1 1629 952
1 6160 8731
2 1102
2 3535
1 869 1398
1 6896 3721
1 2325 4175
2 3559
1 1998 7863
2 4456
2 7826
1 854 5263
2 8855
2 3303
1 8021 3368
1 4805 9845
2 2008
1 6344 4225
1 8585 9772
1 1195 5485
2 3189
1 6492 3908
2 4325
2 3250
1 8765 8357
1 8276 6167
1 4974 7237
2 5914
2 7555
2 5305
2 4878
2 2160
1 978 9357
2 939
2 8068
1 5359 8628
2 3711
1 7125 8303
2 5162
1 8323 6840
1 806 4938
2 6179
1 2538 1014
1 2118 5490
1 9670 7430
1 6126 3105
1 8506 1765
1 7389 5962
2 7979
1 5229 393
2 8195
1 3559 1821
2 1479
1 8270 1219
2 1504
2 6688
2 9527
2 5278
1 6853 8442
1 4157 5884
2 1829
1 4437 6511
2 2916
2 8823
2 9555
2 7125
2 4605
1 2454 9589
1 3945 4084
2 8449
2 8331
1 775 9167
2 1704
1 6144 158
2 6405
1 7242 248
1 104 1100
2 2916
2 5150
1 6821 1432
1 6543 624
1 9142 6858
2 9271
1 6464 6052
2 3008
1 2175 8947
1 5493 5807
2 3187
1 686 2879
2 3030
1 8833 3025
2 4243
1 4392 5081
2 2607
2 8862
1 1177 5228
1 9739 2948
1 7431 3060
2 7347
1 6751 1484
2 9792
1 2647 133
1 9571 7594
2 990
1 6570 9322
2 2164
2 7283
1 760 3718
1 9423 2538
1 1559 8435
1 2941 3134
1 4344 9582
2 1531
1 6172 7151
2 3777
2 9460
2 8106
1 9312 8225
1 650 4063
1 8649 6841
2 2214
1 3589 8712
2 6103
1 2209 7669
1 1012 8918
2 213
1 1012 8363
1 7962 8198
1 127 7139
2 7457
1 4641 3654
2 2569
2 3519
1 3395 1654
2 7683
1 790 2941
1 5025 4722
2 2723
1 2078 9133
2 6349
1 8527 5055
2 939
1 7424 5639
1 6355 8090
1 9406 9444
1 5989 2596
2 6922
1 7773 2300
1 1039 211
2 3978
2 370
1 7933 1976
2 3452
1 464 3716
1 6347 7272
2 5463
2 2823
1 8298 9388
2 4631
1 7670 7400
1 7514 5390
2 6993
2 4797
2 398
1 4977 4841
2 8303
2 5107
2 3883
1 884 1944
2 9826
2 2109
1 3172 6976
1 2547 2680
1 8436 5733
2 3880
1 2520 9220
1 3745 8652
2 9927
1 7653 2004
1 4833 8534
2 6459
1 4132 6559
2 639
2 5889
2 1006
1 5016 8447
1 1896 5691
1 7664 1667
2 2261
2 4746
2 4848
2 878
2 3883
1 7987 5796
2 7598
2 514
2 5732
1 2191 35
1 5877 7889
1 8289 4657
1 5981 1290
1 3644 1554
2 5324
2 4115
2 8608
1 8107 2995
1 102 4559
2 8973
1 1827 2343
1 227 587
2 8339
1 5867 2822
1 9097 1926
1 865 1895
2 7339
2 4410
1 1297 8642
2 4367
2 4507
1 951 9616
2 5667
1 6428 8434
2 2373
2 4292
1 1758 9470
2 9181
1 4640 1580
1 9047 2756
1 5782 3342
2 9722
1 4026 6453
2 7910
2 134
1 372 6812
1 1454 5843
1 2437 2636
2 4166
1 2446 683
2 7714
2 2124
2 934
1 2351 9101
1 1885 2401
2 7819
1 6182 9524
1 2159 2200
1 1643 1887
2 3342
1 1704 4417
1 3752 3836
2 4526
1 9370 4662
2 4689
1 8706 7722
1 2397 4996
1 8617 7191
1 490 8432
2 7947
2 4592
2 2834
2 2694
1 2609 6659
1 8087 7376
1 9810 8369
2 2396
2 867
2 2931
2 5041
2 8273
1 8959 6429
1 8987 7109
1 9701 6420
2 6186
1 395 9992
2 5350
1 1572 3474
1 4210 6106
2 7370
1 5249 8076
1 3273 3743
1 6010 672
2 1828
2 8260
2 789
1 7507 4517
2 8892
1 5665 1501
2 3456
1 1984 3151
2 6691
2 5934
2 6700
2 3991
2 2346
2 6169
1 9095 4688
1 2997 1867
2 1072
1 2603 2391
2 2994
1 875 5702
2 2468
2 4783
2 6105
1 2446 9731
1 7103 7038
2 8098
2 9138
1 687 2954
2 1514
1 2699 6338
2 2491
1 6771 7362
2 8493
2 9288
2 4762
2 8737
2 5972
1 6372 7122
2 2224
1 4161 9088
1 5762 4132
2 6457
2 3191
2 4323
2 6044
1 8866 634
2 1479
2 3019
1 8928 7121
1 5976 9145
1 121 2212
1 97 2426
1 9621 6997
2 563
1 776 6459
1 2872 256
1 4574 8155
1 5677 3678
1 8416 182
2 1340
2 9181
1 7275 6385
2 7198
2 2258
2 2973
1 1463 1780
2 4713
1 7845 3140
2 6107
2 6747
2 3170
2 5885
2 2316
2 2460
1 3417 8705
2 2005
1 6097 9296
2 8971
1 2394 1146
2 8411
2 99
1 414 4532
2 1205
2 4609
1 9956 1136
1 120 772
2 7588
2 8295
2 3751
2 8550
2 3720
2 7040
2 8159
2 1720
1 7600 8055
2 7131
2 3621
1 5550 4771
2 1048
2 5275
2 8430
1 5029 2973
2 3064
2 2090
1 6975 2504
1 358 6253
1 6249 5278
1 5098 6184
1 5818 3344
1 1801 8012
2 4312
2 4393
1 7256 4157
1 7076 8031
1 5208 3568
1 4806 5406
2 1312
1 1320 6233
2 4128
1 1889 8547
1 5038 278
1 9201 7816
1 3574 4949
1 7741 3465
1 5960 3109
1 3908 505
1 3859 6393
2 150
2 9723
1 9086 8921
1 5861 2806
1 7249 5737
2 4888
1 7801 9075
1 4871 842
1 2179 6673
2 5238
2 389
1 9589 1037
2 412
2 8917
1 4318 2678
2 6991
1 5321 8137
2 590
2 7437
1 4348 9823
1 4071 4407
1 2594 5035
2 321
2 3315
1 5424 9153
2 9059
1 3553 274
1 9222 8523
2 7906
1 3698 4572
2 4964
1 8983 9942
1 3258 8424
1 4820 6974
1 4347 5781
2 6891
2 5204
1 1146 5723
1 2289 4492
2 8319
2 5697
1 8972 9663
2 5226
1 9489 9014
2 3019
2 7611
2 6928
2 7588
1 2921 9709
2 6909
2 1386
1 3902 5360
2 482
2 6047
1 8219 1972
1 1973 3767
2 3705
2 3614
1 5843 9601
2 7957
2 2458
1 540 196
2 6690
2 7442
1 9194 6001
2 5323
1 5816 7675
1 44 1323
2 662
2 8705
2 1859
2 5436
2 1980
1 9491 715
1 3870 9160
1 4265 5295
2 6031
1 5856 1580
2 6080
2 3763
2 1049
1 3182 4209
1 259 8690
1 5792 4558
1 2707 4874
2 1293
2 4199
2 556
2 2180
1 4934 8215
1 4648 5056
2 4523
1 3951 3724
2 8993
2 2191
1 3963 6305
1 5471 2552
2 7796
1 7254 8667
2 9938
1 6030 3295
1 1712 132
2 3156
2 478
2 5388
1 2155 8174
1 5202 2340
2 9941
2 7611
2 22
2 4042
1 8743 6985
2 8944
2 9991
1 1959 9564
1 3293 5040
2 9361
1 5703 7099
1 3512 1009
1 3789 8907
1 9798 5548
1 7784 2804
2 2731
1 2172 817
2 8728
2 8860
1 3238 3971
2 1488
1 3407 132
2 7280
1 3112 634
1 3309 4382
2 9555
2 4326
2 4656
1 9023 3535
1 4878 7183
1 9926 6056
1 7682 9310
2 7201
1 289 3959
2 4833
2 1160
2 7272
2 2055
2 1067
2 386
1 2231 1134
1 5667 1652
2 9351
2 7373
1 5625 5491
1 7866 6596
1 1378 9285
2 6051
2 9080
1 5062 4771
1 8139 70
1 8586 9054
1 3706 2749
2 7044
2 5680
2 2305
1 9195 17
1 346 9767
2 3486
2 142
2 3923
1 6151 6382
2 3196
1 2650 8862
1 6288 3088
2 4600
1 5129 2025
1 7152 3028
1 585 9621
1 6260 8723
1 2409 2990
1 2554 6451
1 7097 8990
1 6716 7501
1 3518 6089
2 836
2 3795
2 1777
2 2470
2 8822
2 6372
2 1898
1 887 6874
2 3772
2 808
2 8016
1 7258 3178
1 8902 9242
2 5059
2 1708
1 9314 306
1 8842 1189
1 997 7353
1 1590 5580
1 5033 7124
1 8234 1394
2 8821
1 2600 1966
1 243 9148
1 1146 4605
1 6913 3257
1 2075 264
2 6009
2 3767
1 8939 3502
1 2001 3341
2 3953
1 7493 5796
2 1403
2 3713
2 138
1 965 9395
1 5079 8866
2 2390
2 9444
1 8905 9722
2 3625
2 5487
2 4763
2 7606
2 6051
2 2037
1 7310 4396
1 7798 2200
1 134 7908
1 1923 199
1 8146 4354
2 8553
2 8656
1 75 3642
2 7964
1 5696 2072
2 8041
2 5041
2 6143
2 1565
2 5722
1 4921 5013
1 7258 6508
1 8247 3946
1 8580 6088
2 4724
1 8151 1226
2 9654
2 6013
2 8862
2 1082
2 8938
1 7551 1559
2 3058
1 9269 3945
1 5103 6152
2 1897
2 9461
2 4304
2 7836
2 1936
1 8993 5779
1 4687 9918
1 9501 1698
1 8208 5304
2 6370
2 9012
2 5083
2 785
2 18
1 8321 4545
2 6906
2 3226
1 2292 4508
2 967
2 6477
2 7089
2 4188
1 8655 8823
1 6698 2151
2 1942
2 6913
1 9216 6960
2 1299
2 1829
2 5304
2 8990
2 6229
2 8112
1 5371 2064
1 9963 7305
1 6515 4955
2 2370
1 7835 9813
2 9069
2 5883
1 188 8258
1 7162 9982
1 8111 7662
1 5599 6212
2 712
2 3763
2 7663
2 4182
1 8369 7527
2 5457
2 4415
2 7201
1 5450 4037
2 6664
1 3558 9286
2 2896
1 2241 8140
1 7664 31
1 1623 5667
1 9397 1982
1 6204 87
1 5729 699
2 9132
2 3153
2 5417
1 4060 3034
2 3434
2 7875
2 631
1 6645 7463
1 9593 5357
2 6932
1 3535 5631
1 3221 4636
1 3400 6944
2 2642
1 409 4123
2 3653
2 8722
2 1614
1 8525 3377
1 7726 4498
1 1993 9622
2 4256
1 8941 8219
2 8086
1 8863 7486
2 2009
1 7110 1445
1 8171 7960
1 6675 5789
2 2981
1 3742 5794
2 9690
1 2636 8953
1 3395 6798
2 8200
2 747
1 573 1685
2 2627
2 1142
2 188
2 3789
1 8897 3569
1 5033 7923
1 1555 2195
1 3626 8585
1 4744 1379
2 6300
2 7023
1 1888 4413
1 2389 9085
2 9677
2 5515
1 6212 1335
1 8500 9615
2 628
1 162 6918
1 5272 2904
2 7786
2 6293
2 5219
1 703 1314
1 7447 266
1 5116 3890
1 2678 2029
2 4694
2 8466
1 7914 8883
1 2889 4586
1 1874 8211
2 6096
2 2172
1 4430 5902
1 8576 6928
2 3980
2 2671
2 2959
2 3841
1 5157 7412
1 9242 5640
2 6524
1 3308 6893
1 6311 3931
1 5597 3420
2 2223
1 3071 8647
1 5374 4077
1 3977 2842
2 9790
1 3024 3913
2 6466
1 3128 6112
1 7783 359
2 9433
2 8274
1 7591 2877
1 7881 6120
2 3268
1 153 8678
1 6149 7681
1 4315 5549
1 8293 1180
2 5464
1 2456 7843
1 5234 6490
2 2302
1 3208 7123
1 1098 5213
1 8357 1574
2 3937
1 6889 1057
2 7394
1 2707 5273
2 2769
2 6989
1 7409 6227
1 2944 4915
2 3442
2 921
1 4146 8601
1 4084 9830
1 4937 1577
2 1397
2 5039
2 1985
2 7136
1 2010 2206
1 614 3041
2 9747
1 555 1825
2 2576
2 8949
2 404
2 8498
2 354
1 8134 5682
2 2313
1 9959 3113
2 4787
1 9006 5073
2 693
1 1684 1212
2 4289
2 2986
2 3887
2 4793
1 3752 717
1 6975 9968
2 223
1 4870 5007
2 7435
1 4482 9164
2 3065
1 1179 9994
1 4658 6986
2 7436
2 6549
1 8188 4390
1 999 3863
2 766
1 2958 3706
1 9350 4119
2 3169
2 9420
1 744 2087
1 7737 3826
1 3529 4134
1 9959 5983
2 1197
2 6402
1 4605 2966
1 4734 9126
1 2568 639
2 8527
2 6134
1 5269 3162
1 9412 3345
2 7993
2 6394
2 5496
2 6552
2 4782
2 9005
1 7090 8463
2 738
2 6682
1 9380 8576
1 8759 4343
1 396 1356
1 1835 4717
1 8170 8944
2 4825
1 3038 2826
2 9057
2 7212
2 9297
2 9182
1 9754 3390
2 6323
2 5997
2 5424
1 2329 3041
2 637
2 8123
2 2875
2 450
2 971
1 6340 3579
1 6843 2808
1 3744 638
1 4371 3840
2 2045
1 6078 7265
2 4263
2 3105
2 4326
2 32
2 2012
2 2790
2 1583
1 3551 5807
1 9681 8960
1 2199 2190
1 7602 2372
2 6010
1 513 8464
2 6892
1 3117 6073
2 1029
2 8226
1 8557 3072
2 1918
2 1841
2 7158
1 5183 9693
2 6047
2 255
2 9549
1 6098 8097
1 4200 5823
2 454
2 2305
2 5674
1 5374 9842
1 9957 3093
2 5272
2 1395
2 4901
2 6823
1 3810 1944
2 8568
2 824
2 7090
1 3755 356
1 4346 7071
2 4875
1 5994 357
2 4337
2 1734
1 6558 3816
1 6803 4640
2 2896
2 1598
2 8006
2 1059
2 6383
1 253 5509
2 7100
1 277 5264
1 5290 4902
2 5060
2 1465
1 6303 4308
2 4554
2 2813
2 8666
2 9423
2 516
1 8586 9221
2 6127
2 2920
1 8897 297
1 4080 2253
1 4889 3581
2 2978
2 7153
1 4864 3288
2 8747
1 2850 2623
1 1462 144
2 4167
2 1442
2 110
2 7051
1 4287 1079
2 7452
1 6189 7523
2 2424
2 3854
2 1160
2 5298
2 4602
2 8138
2 8366
2 3657
1 9717 9572
1 3605 1418
1 1571 8925
1 5108 1234
2 8683
2 806
1 982 2176
1 6050 7977
1 3851 1692
1 5752 5434
1 5420 3246
1 3415 4963
1 3467 4486
1 8884 8742
1 1965 7905
2 7364
1 7478 8861
1 8570 4352
1 3184 8152
2 2705
1 7800 8523
2 324
2 8253
1 5907 8352
2 5783
1 7175 2150
1 3555 6547
1 287 6168
2 9696
2 7453
1 3180 6465
2 9573
2 3909
2 3882
2 9936
1 747 8824
1 5388 9106
1 986 5223
2 5889
2 5644
1 4491 2992
2 3380
2 6452
2 2113
2 145
2 9370
1 291 2617
1 1659 6502
1 1228 9151
2 8741
2 1738
1 5099 7536
2 3432
1 5085 9263
1 9037 3669
2 2173
2 6128
2 4220
1 2326 3491
1 6771 5776
1 2706 4089
1 5213 2575
1 4317 5424
1 956 2785
1 7312 260
1 6398 8788
1 78 3776
2 5073
2 9652
1 1426 15
2 8601
2 8923
1 5926 708
2 9958
2 2831
2 9641
2 2377
2 457
2 611
1 3010 1988
2 1485
2 241
2 3180
1 1354 3159
1 8894 6003
1 7149 8408
1 9960 3981
1 8280 8251
1 4984 7239
2 6239
1 4861 6861
2 6432
1 1590 4839
2 75
2 7497
1 2101 1899
1 1980 4425
2 4726
2 3690
1 6806 6030
2 3656
1 3592 3529
2 2272
2 7444
1 217 2137
2 1394
1 2952 2407
2 9525
2 6099
1 8146 2163
1 910 6639
1 8630 357
1 59 3673
2 5935
1 3906 2634
1 3113 2365
2 5754
2 7469
1 3770 8121
2 4467
2 8144
1 7700 5528
2 1739
1 193 8338
1 4157 6577
1 7849 8675
1 5868 4803
1 8749 9207
2 4547
1 5370 5264
2 2701
1 9844 8608
1 9315 8918
2 9258
2 9660
2 6968
2 3926
2 4126
2 2080
1 1949 1361
2 4984
1 4385 4227
1 7392 3233
1 1603 1616
1 5435 676
1 3719 188
2 6656
1 126 7514
1 5814 4907
2 103
2 6154
2 7544
1 3100 4230
2 5942
2 9616
2 4105
2 7782
2 7801
2 6511
2 1099
1 1444 7202
1 5815 7371
1 4891 9841
1 2522 2102
2 9325
1 4368 8134
1 2730 6509
2 2678
2 3349
2 2329
1 4061 6216
1 112 5602
2 3598
2 9022
1 9687 9713
1 1210 8749
1 8519 9399
1 6409 2780
2 1999
2 9873
2 929
1 4356 4437
1 1398 8679
1 9449 4829
2 1775
1 2465 4703
2 8143
2 8994
2 6596
1 4295 104
2 4066
1 8609 9322
2 8419
1 2663 7320
1 3946 8167
2 3017
1 4677 1119
2 6311
1 5811 1675
1 209 7811
2 9232
2 3321
1 4240 8744
2 242
1 3171 9608
1 138 5834
1 8262 8924
2 5911
2 9654
2 5278
2 1136
1 4183 5242
2 9027
2 7536
1 7316 315
1 5380 6599
2 2474
1 3853 9702
2 876
2 63
1 7327 3917
1 3030 3758
2 893
2 4696
2 4763
1 9749 1778
2 2738
1 8126 1830
2 4766
2 3704
1 2631 1922
2 4547
1 7561 5355
2 3484
1 7075 724
2 774
2 9785
1 5650 4439
2 1940
2 2188
2 1291
1 1167 2212
1 3772 1971
2 9237
1 521 2331
2 2602
1 5576 9627
2 8060
2 6935
1 9428 8244
1 4679 7020
1 2444 2520
2 5986
2 7202
2 5838
1 9753 3517
1 7787 3113
1 8297 5089
1 9712 4496
1 1716 7230
2 3897
1 7920 9950
1 2934 9246
1 1519 4204
1 1404 7793
1 495 2677
1 9879 6696
2 1411
1 3132 6155
2 449
2 3699
1 8906 3344
2 7581
1 7469 1513
1 9578 3819
1 5908 9366
1 8339 8943
1 7204 374
2 2710
1 8750 3113
2 9494
1 7629 3956
2 6216
2 3840
2 3227
2 1408
2 558
2 9358
2 3571
1 8346 6027
1 9262 2796
2 7831
1 6652 4360
2 5660
1 457 7809
1 60 2499
1 5746 5766
2 6481
2 1007
2 6064
2 8994
1 2053 3111
1 8389 9325
2 8702
1 7652 8181
2 1120
1 2604 42
2 8663
1 7413 5874
2 493
1 8575 7391
2 9774
1 3173 4838
2 7600
1 9642 9911
2 2500
1 8876 6148
2 4108
1 3224 1089
2 3784
1 659 44
1 5074 2747
1 3135 826
2 3153
1 5315 6025
1 4153 5349
2 3414
1 5442 982
2 2473
2 5356
1 7758 9397
1 8842 9996
2 909
1 3558 5676
1 735 5874
1 9260 1260
2 7947
1 6976 7823
1 180 7066
1 6689 688
1 2829 3854
2 4744
1 6038 896
2 8125
2 968
1 3448 7152
1 3783 6781
2 1016
1 8165 6
2 3256
1 9439 9346
2 1798
2 8731
1 5935 4417
2 1279
2 6420
1 1184 6820
1 3907 7580
2 4655
2 7379
1 9619 6221
2 6797
1 6605 197
1 2771 7664
2 738
2 887
1 6341 416
2 2856
2 1388
1 647 936
1 9044 8823
2 5802
1 6366 4295
2 1112
1 359 1361
1 2716 2666
1 8165 5899
2 2316
2 1204
2 8731
2 4764
1 6515 1883
2 9182
2 712
1 4029 6336
2 9004
1 4723 6867
2 1438
2 137
1 3894 664
1 1049 4437
2 4992
2 3066
1 5701 7912
2 4269
2 5015
2 7132
1 684 68
2 7077
2 631
1 1738 2494
1 6178 8492
2 2413
1 8991 4473
1 4944 4361
2 7457
1 8991 9743
2 4499
1 6231 881
2 9402
2 9655
2 2284
1 9515 4578
2 7018
2 6470
1 3654 5008
2 2589
1 6021 6392
2 7166
1 7847 1984
1 500 1945
1 9443 7234
2 4172
1 9094 5501
1 7558 5224
2 6492
1 8962 9361
1 1022 8659
1 2060 9056
2 5412
1 6958 640
2 7622
1 7529 658
2 9200
1 5268 1205
1 2934 8625
1 4723 9432
1 5224 1377
1 2725 7850
1 8316 9358
2 298
1 309 2173
1 6596 9401
1 3568 9882
1 8508 4913
2 110
1 9612 1028
2 748
1 2360 6654
2 9541
1 6303 7106
1 3639 8764
1 760 1671
2 8287
2 2477
1 9268 1640
1 3414 1618
1 4071 7738
2 3406
1 7803 4838
1 5987 6541
2 1623
2 8779
2 6951
2 2235
1 1408 2614
1 1390 6342
1 7994 9123
2 18
2 7787
1 9027 2264
1 6612 7913
2 328
1 9045 9983
1 2344 4170
1 7066 6053
2 5375
2 2510
1 1033 2880
2 9989
2 1047
1 2494 3376
1 1327 2710
1 6043 1481
2 3605
1 4474 9092
1 8286 6196
2 1003
1 6377 1323
1 4356 3387
2 4618
2 2243
1 486 5868
2 109
2 4142
2 5580
1 9686 9649
2 8464
2 4917
2 4973
2 802
1 203 3982
1 2995 7777
1 4514 6499
1 9620 4117
1 6561 9544
2 9045
2 8248
1 8183 8299
2 2685
1 6979 4630
1 4212 3108
1 1277 835
1 2056 5122
1 7959 6660
2 583
2 9376
2 7630
1 4434 220
1 9749 3437
1 8708 6880
2 2687
2 216
2 6562
1 607 899
1 1358 6259
2 1950
2 4044
2 7081
2 7877
1 8786 9044
2 8022
1 7979 2135
2 8864
2 324
2 7430
1 3227 7394
1 9550 4520
2 7843
2 7479
2 4716
1 8874 4653
1 9112 8788
1 809 3537
2 7984
1 3265 4094
2 4318
1 1891 80
1 9364 6591
2 6029
2 9083
1 9510 9131
1 3328 4948
2 5251
1 9359 879
1 5818 1786
1 2770 2762
1 1661 2589
2 7696
1 3291 4724
2 4789
1 5686 7801
1 7679 3879
1 9991 7277
2 3773
1 31 759
2 4437
1 1000 4505
2 142
2 2571
1 5244 5231
1 7273 9310
2 2639
2 7141
1 3011 5162
1 6469 2123
1 7576 2401
1 1782 1197
2 3826
2 3632
2 9675
2 8307
1 7724 951
2 6922
2 9365
1 5582 8436
1 2303 6300
2 4602
2 3292
2 804
1 1355 3552
1 8603 1373
2 8922
1 7472 8319
2 7206
2 2262
2 3051
1 1072 7579
2 8256
1 9575 1281
1 2150 905
2 8542
1 6872 7025
1 3053 5352
1 2954 1351
1 8915 3741
2 1330
1 9939 5644
1 5132 7023
2 206
1 4614 6059
1 2453 1067
1 5674 918
2 2921
1 2607 409
1 5208 9014
1 9935 4521
1 418 6663
2 9131
1 1563 2453
2 3990
2 5045
1 2324 3525
2 395
1 3940 7156
2 5427
1 5581 8855
1 2410 6326
1 7570 2998
1 5820 9802
1 856 7223
2 1029
2 288
1 4943 3819
1 7352 5514
2 4024
2 2225
1 75 1031
2 7015
2 898
2 9654
1 8063 5948
2 1849
1 9042 781
2 3168
2 4222
2 3065
2 4896
1 3263 4297
1 4763 4748
1 9734 1093
2 6294
1 211 1497
1 7162 3366
2 1756
2 4547
1 7596 7671
2 6044
1 5106 4452
2 9783
2 192
1 198 27
2 4757
1 4603 7116
2 716
1 3061 2344
2 1541
2 958
1 5897 4379
1 5566 5136
1 8500 8305
1 6349 1443
2 2211
2 9220
1 2963 4225
1 8696 6909
1 1505 6891
2 9144
2 7762
1 8869 6399
2 6743
2 700
2 9052
2 838
2 6863
2 6578
1 7368 2751
2 6425
1 2844 2376
1 3989 1192
2 4172
1 244 9854
2 3855
1 4861 8635
2 8492
2 571
2 6937
2 7652
2 9528
2 874
2 9890
2 8951
2 3163
2 7297
2 3306
1 1554 2841
1 5057 509
2 9094
2 6157
1 9427 8702
2 8036
2 4965
2 1499
1 6241 3781
2 5249
1 1265 4235
1 1762 7019
1 6190 3977
2 3954
2 8765
1 4999 1807
1 6907 5430
1 6204 8939
1 2282 2926
1 6900 487
1 1418 4637
1 8742 7150
2 9565
1 7343 5715
1 7810 8355
1 7469 5992
2 1961
2 8370
1 8175 5099
1 815 813
1 8245 7889
2 8389
1 2067 412
1 742 9584
2 9899
2 2994
1 6010 841
2 4867
2 1313
1 5082 3073
2 807
2 8721
1 1983 7954
1 3023 8168
1 6757 6766
2 3758
2 599
1 4304 4284
2 5077
2 165
2 4980
1 3946 4526
1 7076 6324
2 8021
1 5442 9044
2 9784
1 7965 888
1 8964 644
1 3598 9144
2 6302
1 4166 2795
2 3966
1 6257 5352
2 5368
2 9742
1 3311 8005
2 4541
2 753
2 3879
2 4061
2 9109
2 8376
1 503 2
2 8194
1 2816 5705
1 8050 2563
2 4983
2 2391
2 5995
1 6952 5355
1 6063 5215
1 4703 3399
2 1721
2 2567
2 2173
1 4322 9169
2 5352
2 7615
1 8217 4212
2 6332
1 5378 8836
1 2694 2326
2 4770
1 6742 636
1 4207 6651
1 9250 3625
1 7404 3965
2 4191
2 8849
2 2856
1 4507 4539
2 8162
1 5866 1861
2 639
2 3422
1 9559 7578
1 5341 1510
2 1135
1 9279 1468
1 3096 3446
1 714 1047
2 5823
2 8507
1 8995 8933
1 9986 4214
1 6988 3227
1 4458 8266
2 3431
1 3221 8739
2 9125
2 7437
1 3858 3922
2 5809
2 6502
2 1842
1 8520 9166
1 1089 4397
1 7146 6170
2 4024
1 8033 5119
2 5773
1 5911 4691
1 7557 8537
1 3846 4300
1 3034 3538
2 5317
2 6648
2 8690
2 580
1 9463 3965
1 5248 2217
2 6197
2 8671
1 6687 3557
1 9415 8728
1 4978 2136
2 3023
2 9282
2 6542
1 8640 6388
1 4329 697
2 740
2 3560
2 4987
2 828
1 1311 3553
1 8062 3273
1 9389 9004
2 8514
1 3300 1206
1 2185 9713
2 1678
1 7871 3288
2 8865
2 1210
2 9106
1 7483 2654
1 1949 4897
2 345
1 6811 2582
2 5334
1 7211 2850
2 755
1 1298 2733
1 6700 3738
2 6232
2 9870
1 8641 2908
2 9292
1 1925 2093
1 3181 662
2 293
2 3264
1 6638 1102
2 7822
1 3473 5913
1 4109 4689
1 5565 530
2 7014
2 5228
2 4568
2 1887
2 3882
2 4457
2 8715
1 6870 4282
1 1073 3715
1 2594 5604
2 221
2 3339
2 3076
1 908 5837
2 8087
2 2166
1 6987 3262
2 6639
2 8093
2 8295
1 1940 7200
2 9077
1 8372 5812
1 5270 14
2 7323
2 7814
2 7162
2 2262
2 7761
1 4210 4165
2 485
2 1810
1 3737 9545
2 8754
2 2640
1 8048 8923
2 2115
1 3917 6206
2 1456
2 4192
2 4793
1 1708 1600
2 5525
2 8850
1 8506 4346
1 2181 8470
1 6450 2274
2 4448
1 4644 8888
2 8083
1 8580 1150
2 6706
2 6433
2 5122
2 8212
2 9261
2 5699
1 950 7009
1 3851 9880
2 8610
1 7957 5938
1 2789 9835
1 1381 6416
1 3350 7324
1 2509 6645
1 201 2306
2 4885
1 2794 7254
2 9173
1 4304 212
1 3896 7571
1 7487 1997
2 4108
1 2072 622
1 6903 801
2 3255
1 9228 5570
2 3369
1 676 4905
1 2257 6654
2 4491
1 278 4340
1 8092 620
1 5399 6221
2 3866
1 9678 375
2 8517
1 5196 3587
2 1596
2 4002
2 1712
1 1751 6091
2 989
1 1775 8859
1 8523 1703
2 2659
2 3223
2 385
1 6587 5963
1 9340 1939
2 8120
2 4620
1 1288 6311
2 8010
2 1528
1 1186 3297
1 3748 9811
2 3932
2 6540
2 3822
1 3689 2352
2 6833
2 2595
1 2644 8023
1 6772 7573
2 5395
1 8416 60
2 2441
2 6505
1 342 5398
1 6938 3605
2 4219
1 6202 7038
1 8626 9862
2 4816
2 963
1 4988 3741
1 9953 7945
1 6907 2709
2 6500
1 5686 7373
2 9125
1 6785 5794
1 9851 1053
2 633
2 1391
2 1234
1 8425 6297
2 2112
1 4201 8475
1 2085 6106
1 3776 4881
1 1154 432
2 6344
1 6894 114
2 2691
1 4995 4400
2 2721
1 2360 138
2 7639
1 3162 3224
1 1428 3747
1 3773 3736
2 4256
2 3888
1 5376 8302
2 5801
1 1051 5205
2 5394
2 7544
1 1252 6797
2 6137
1 8821 1236
1 6460 4628
2 594
1 2619 2330
1 2823 9686
1 8131 8196
2 5432
2 6047
1 5586 3747
2 6332
1 3375 1558
2 8968
1 5177 9143
1 861 8859
2 1824
2 5305
2 457
1 4554 5438
2 3837
1 6469 6380
1 8864 3694
2 226
2 3592
2 894
2 8150
2 8811
1 6883 8859
2 7249
2 3753
1 1960 1245
1 7533 9672
2 8592
2 7038
1 903 8427
2 8124
2 5841
1 7285 2598
2 96
1 2070 1614
1 7687 2128
1 5848 9335
1 2620 5642
1 797 5281
2 2349
2 3017
2 8372
2 668
2 2309
2 5459
1 4544 8942
2 346
2 2900
2 1013
2 5904
2 822
2 284
2 1659
1 2391 3383
1 9666 7619
1 4200 8709
2 800
1 5273 3787
1 422 9705
2 1117
1 1703 9399
2 2108
1 5483 4869
2 429
1 7227 8954
2 6903
1 8505 7086
2 5955
2 6049
2 5847
1 7115 216
1 1979 5973
1 2175 8423
2 3381
1 2490 7276
1 3278 4805
1 5645 7867
2 1266
1 3314 148
1 23 9615
1 3338 3157
2 7178
1 4314 7058
2 3675
2 9183
1 771 3775
1 8007 7108
2 244
2 6624
2 8097
1 3326 2562
2 3575
1 9192 9704
1 2932 21
2 7534
1 2568 3280
1 4593 9362
1 5102 2543
2 8532
2 8387
2 393
2 2400
2 1577
2 6552
2 7048
1 6061 6730
1 1844 9515
2 7104
1 6305 6852
1 4410 6379
1 4184 9274
1 5873 3480
2 2207
2 7523
2 2754
1 6190 4764
2 4089
1 4642 273
2 9708
2 5224
1 2265 2007
2 8067
1 1832 2201
2 5523
1 2337 9865
1 6885 5328
2 3064
2 5600
2 2387
1 8847 319
2 6441
1 6153 6387
1 2075 7660
2 3776
1 2303 9534
2 2515
2 2673
2 8743
1 5004 1509
1 8269 6256
2 6803
2 6899
2 1091
2 2993
2 6831
2 4104
1 3403 2229
1 3864 7649
1 6828 6822
2 4883
1 9422 9671
1 6595 1505
2 636
1 269 1295
2 4943
2 1890
1 1320 9580
1 4467 3423
2 7585
2 5894
1 3077 1576
1 5084 5913
1 6590 3623
1 4087 4338
2 589
1 1642 5402
2 1609
2 2613
1 6517 6524
1 8218 7292
1 7117 5180
2 8452
2 1113
2 2614
1 1877 2468
1 8491 1821
2 1332
1 5895 7943
2 8092
1 5107 5519
2 985
2 7151
1 569 6453
1 8799 6311
1 6402 8635
1 308 3959
2 8459
2 5994
2 9539
2 5091
2 9902
1 7587 4767
2 4486
1 231 31
2 5208
1 1112 9947
1 6259 5215
1 382 3774
1 7722 9184
2 3752
2 2625
1 7653 5079
1 6448 9408
2 255
2 5986
2 4931
2 2454
2 6751
1 9964 5275
2 7465
2 4957
2 872
2 8191
1 8847 1396
1 8026 6911
1 4497 2496
1 1156 1121
2 2595
2 8612
2 9554
1 4604 3854
2 4424
1 9527 3157
1 7484 1754
1 1940 4667
1 9499 9829
1 6042 2493
1 4535 3039
1 2658 6317
1 8594 3215
2 439
2 8916
1 1659 3068
2 8099
1 7165 3033
1 7721 6766
1 2909 383
2 8185
2 7884
1 9953 126
2 7487
2 6462
1 3067 3771
2 4867
1 3230 6808
2 8101
1 4938 8709
2 8359
1 3603 2601
2 6818
2 300
1 3603 9415
2 9995
1 1123 6369
2 6700
1 7844 4863
1 9058 8406
1 9451 7875
1 6405 2376
1 5716 3510
1 2429 6981
2 3082
1 932 9018
1 2260 4257
2 1720
1 4543 56
2 7363
2 435
2 9970
2 6845
2 1491
1 7624 3924
2 8348
1 1412 1239
1 384 8160
1 1860 6386
2 7508
1 8000 8881
1 4464 6004
1 2178 4848
2 8599
2 9348
1 1248 5804
1 9123 2168
2 6205
1 9940 9074
2 2550
2 3969
2 3601
1 1603 1381
1 4018 1644
2 4794
1 2008 2374
2 4752
1 1593 6459
1 2321 9349
1 3866 9937
1 4241 2875
2 5295
1 9035 4548
1 8920 2587
2 3292
2 8127
2 8210
1 3842 7111
1 2024 4696
2 1370
1 369 3222
2 423
2 6021
2 351
1 5390 8291
2 41
2 2728
2 2668
2 2231
2 2781
2 4444
2 4864
2 4748
1 9290 5940
2 7442
1 8979 5001
2 5328
1 5139 9533
2 9670
1 3383 5171
1 1373 770
1 6162 4092
2 533
1 7878 6646
1 2368 2060
2 490
2 7788
1 1476 2553
1 2958 2198
1 7975 5853
1 1800 9524
2 8938
2 1827
1 4501 2266
2 6398
2 4163
1 447 4301
2 781
1 601 3958
1 6777 6275
1 1183 7081
2 1728
1 9721 4015
1 641 7330
2 3630
2 4390
1 7476 2570
1 7494 6573
1 4068 4901
2 4805
2 7392
2 1694
1 2336 2390
2 6731
1 8627 7618
2 5579
2 4730
1 4103 1775
2 2681
2 7020
1 2063 6976
2 9122
2 5187
2 9351
1 9678 1111
2 6702
1 60 1107
2 4250
1 2696 7449
1 1756 7079
1 8511 5155
1 3300 3761
2 5161
1 3554 6371
2 5744
1 7555 4154
1 246 3122
2 1008
1 2246 8458
2 4073
1 6241 5805
2 3349
1 8271 4148
1 9829 8763
2 7990
2 2137
2 4366
2 2605
1 4913 2379
2 3870
1 1593 555
1 1175 556
2 7430
1 6769 4823
1 3760 8749
1 2713 5811
2 3080
2 9248
1 1585 3402
1 719 9995
2 2841
2 1939
1 4639 4267
2 5880
1 3486 5749
1 4400 5743
1 1659 5464
1 4051 2219
2 1965
2 6594
1 1208 7344
2 5083
2 9093
2 6902
1 9189 7159
1 8538 6310
1 4460 2135
1 6974 1281
1 8784 1426
1 273 3376
1 2199 7404
2 3338
1 1628 1730
1 7625 3819
2 2979
1 1161 8326
1 5973 2257
1 4425 5236
2 666
2 7934
2 6398
1 9244 7302
2 1198
2 3728
1 840 6535
2 606
1 4181 5547
2 9977
1 5974 6473
1 614 227
2 6987
1 6222 6747
1 8010 4958
1 2593 8959
2 1519
1 7748 510
2 4986
1 8410 4935
1 7407 2390
2 5994
2 1418
1 5872 1524
2 4157
2 1727
1 9382 2661
2 6175
2 3341
1 7779 3156
1 4471 6609
2 8396
1 1347 9254
2 1242
1 6955 1503
2 9734
1 3785 262
2 5917
1 3675 7525
2 8161
1 1983 1323
1 479 4885
1 7079 1550
2 9872
2 6885
1 3166 2135
1 1250 9448
2 5102
2 7607
1 150 2439
1 6855 6124
2 1069
1 4685 5605
2 9381
1 2398 3613
2 2764
2 6776
1 8410 445
1 7613 6141
2 4841
1 8558 8577
1 5956 2510
2 2442
1 1407 7752
2 1456
1 6286 2708
2 4783
2 1979
2 5554
2 5885
1 3462 710
1 9144 1197
1 1873 2949
2 607
2 5787
1 9316 8444
2 912
2 9690
1 2180 830
2 9836
2 5634
1 9547 5415
2 4357
1 4717 5780
1 926 3672
1 425 4895
1 9743 5910
2 686
1 5204 9087
1 9804 5049
2 7330
1 6242 3041
1 9705 7199
1 157 3236
1 9255 432
2 3109
1 4263 3080
2 8562
2 9219
2 4512
2 7824
2 3315
2 8904
1 3279 1750
2 9765
1 3065 8154
2 5376
2 8103
1 9695 8362
1 2370 648
1 6883 7785
2 5586
2 3437
2 4287
1 5190 6506
2 4115
1 3459 8995
1 2510 2306
2 350
1 5986 9191
1 3098 4687
2 1995
1 1796 4405
2 8070
2 8208
1 5481 2440
2 9293
2 396
2 8007
1 4897 5817
2 8653
2 6665
1 8614 8177
1 2592 5278
1 4642 9795
2 313
1 2233 1884
1 1068 7726
1 5496 7915
1 2757 6168
2 646
1 3146 4386
2 2726
1 5260 5116
2 2580
1 7626 6124
1 6163 3760
2 5182
2 2216
1 1371 4555
2 5819
1 9722 9335
2 2099
1 1384 3879
1 1306 4846
2 1521
1 3762 9593
1 586 6996
2 3029
1 1775 2494
1 8703 3620
1 6843 9903
2 9759
1 9781 3767
2 4432
1 7049 3464
1 6843 5283
1 509 4669
1 4160 5084
1 767 3310
1 5898 2995
1 9125 3542
1 5671 566
1 8149 9683
1 8217 1627
2 229
1 1129 4412
1 8073 9470
2 1525
2 8530
1 7745 6487
1 4770 8634
1 2785 6723
1 8138 517
1 1191 1258
1 3483 839
1 6519 6136
1 7954 2041
2 3303
2 3199
1 4643 6203
1 7994 5190
2 274
2 2228
2 7852
2 5942
2 2375
2 8978
2 4004
1 6054 9837
1 666 8709
2 1302
2 1720
1 5220 8409
2 9265
2 6138
1 4620 4141
2 9721
1 4580 1052
1 6350 3584
2 324
1 137 8346
1 5451 8321
2 810
1 3805 5226
2 9470
2 5875
2 6253
2 6030
2 3916
1 8844 1831
1 4904 8452
1 4364 4620
2 8156
2 5574
1 1219 7065
2 4610
2 5434
1 9278 3015
1 6850 5497
1 3414 296
1 1405 6037
1 2335 8447
2 861
1 6486 576
1 7500 1550
1 8272 8945
1 7311 4378
2 9704
2 8438
1 2949 5035
2 9689
1 413 7561
1 4857 8879
2 783
1 5232 5362
2 3108
2 5351
2 1132
2 8273
1 2653 992
2 1641
1 2864 9261
1 4035 2498
1 5197 9275
1 5098 304
1 9656 7504
1 4974 4770
2 9761
2 9816
1 4227 8026
2 1880
2 4438
1 4471 6366
2 61
1 1432 8951
2 4159
1 4052 4964
1 2880 6048
1 6736 2034
1 5100 924
2 4526
2 2875
2 7494
2 5897
1 3364 8575
2 5112
1 7699 6747
1 4404 5833
1 3753 629
2 6581
1 3093 455
2 2863
1 92 402
2 9457
1 988 2367
1 574 1943
1 3840 1265
2 9548
2 1610
2 6373
1 9856 4133
2 6241
1 1535 755
1 430 9555
1 2025 1724
2 2792
1 1505 420
1 9066 406
2 857
2 2753
1 1490 5985
2 3327
1 3424 4487
2 2436
1 3690 9044
1 8638 2067
1 7262 5492
2 3367
2 2050
1 8550 9622
1 5116 8934
1 9024 1028
2 4955
2 9036
2 3585
2 1849
1 6413 8914
2 7870
1 8758 2363
2 2955
2 863
1 2163 7146
2 9521
2 6834
2 6178
1 6220 5631
2 8086
1 2854 853
1 497 9656
1 2566 1311
2 8449
2 4898
1 3846 7944
2 285
1 3175 4798
1 8272 4800
1 8512 8895
2 4322
1 4981 2247
2 2653
1 6930 5
1 8796 5268
2 3536
2 564
2 3986
2 5599
1 2367 9966
1 1895 174
2 5212
1 9575 8007
1 2452 171
1 2653 1287
1 5488 2591
1 253 9931
1 5012 2681
1 9501 5552
1 6426 141
2 7768
1 459 8146
1 1988 1896
2 3564
1 3847 9128
1 2169 502
2 1551
1 5039 7894
2 736
1 4647 7010
1 5024 3536
1 4308 2206
2 4495
2 1212
1 1538 821
2 6523
2 5139
1 2069 8745
2 1274
1 1934 2703
1 9131 7677
2 5634
1 8183 6625
2 589
2 8278
1 3871 708
2 5864
2 6675
1 249 6839
1 8398 5150
1 9672 1857
2 9494
2 7303
2 1056
2 3291
1 754 9830
1 317 6169
2 5909
2 7738
1 4187 7562
1 2695 5929
2 8333
2 4803
2 3860
2 3401
1 4042 8202
1 8729 5714
2 2635
2 8519
2 244
2 9561
1 1979 5944
2 6113
1 7285 3682
1 2934 916
1 906 6851
1 6963 2758
1 2268 3128
1 336 9654
1 3414 5314
1 5666 1067
2 5665
1 4811 2842
2 2942
2 4826
2 3947
1 2635 5307
1 8189 3209
2 9600
1 6856 6954
1 7951 1109
2 9400
1 146 9117
1 3613 4310
1 456 9044
2 3686
2 6888
1 7488 5433
2 7363
1 8278 7572
1 2445 7220
1 4201 3222
1 369 84
2 9068
1 6037 7048
2 1422
2 4460
1 7381 1962
2 3887
2 3872
2 5284
2 9543
1 9647 8503
2 4453
1 5551 8126
1 1669 9893
2 6232
1 2067 8574
2 1595
2 1404
2 8810
1 5032 866
2 4343
2 4062
1 1811 1541
2 3378
2 8026
1 7025 5559
1 935 4820
1 2475 5576
2 7396
2 6487
2 8673
1 1888 8810
2 7351
1 9326 643
2 7534
1 5390 2721
2 8920
2 1373
2 6990
1 9003 2636
2 4380
2 2624
1 7947 9420
2 7985
2 1820
2 4130
2 6359
1 7118 9978
1 522 5455
2 3874
1 2536 4682
1 4315 8228
2 4355
1 4770 5840
1 684 2986
1 9487 8544
2 7842
1 6716 8390
2 9571
2 2015
2 8719
2 6636
1 8481 1610
2 783
1 961 5154
2 5758
1 5265 1520
1 526 4310
1 2271 9915
2 8794
1 4234 9071
2 9549
2 6438
1 1789 6246
1 5550 9957
2 8916
1 5521 6774
2 4043
2 858
2 5338
1 7811 8235
1 2748 1127
2 9571
1 9022 5863
2 7725
2 3129
2 4119
2 6738
2 5956
1 9998 4059
1 1080 7337
2 1251
2 8802
2 5516
1 6855 5219
2 2935
1 5790 7549
2 5734
2 2142
1 5725 4652
1 284 987
1 4079 3349
2 9913
2 387
2 8548
2 2645
2 1993
1 9397 1913
2 6228
1 8556 4534
1 2979 8644
1 5536 4319
1 3914 5140
2 9112
1 47 7618
2 9158
2 7061
1 6284 965
1 6178 9472
2 2315
1 5805 1058
1 3330 6501
2 4996
1 877 7839
1 5538 9162
1 3882 5271
1 3990 6263
2 6902
2 7239
1 1311 6214
1 4339 5171
2 449
1 7697 3584
1 1233 3149
2 2806
1 9720 2024
2 4455
1 6095 5565
2 2400
1 1050 3795
1 6562 3268
2 7154
1 2385 7099
2 4671
1 4818 4191
2 1663
2 4442
2 6396
1 638 721
1 21 9064
1 3128 2807
1 1623 8527
2 4225
2 9849
1 202 1424
1 2085 7353
1 4222 3316
2 1264
1 1379 75
2 7234
2 2088
2 560
2 7673
2 9755
1 7606 2375
1 9334 2497
2 3665
2 3841
2 760
2 9268
1 3688 3734
1 7656 8696
2 8136
2 3204
2 2416
2 5657
2 9612
1 2082 580
1 7237 9204
2 8838
1 7914 7620
1 4647 6495
2 5509
2 1271
2 5448
1 6806 8411
2 256
1 6279 9894
2 8630
1 284 1952
1 2652 5933
2 6039
1 5428 6833
2 9763
1 8534 7257
2 526
1 365 8165
2 585
1 4600 3101
1 1813 9331
2 8383
1 8139 4789
1 5916 6473
2 6710
2 1673
1 2262 5389
2 1058
1 4049 5948
2 4029
2 9600
2 1544
1 7746 4336
1 6762 891
1 9534 2538
1 1689 7846
2 7665
2 4730
2 5594
2 3666
1 970 2359
1 8766 4051
2 6161
1 3987 340
2 5396
1 7908 8628
1 1908 3514
2 2647
2 2680
1 2673 9409
2 409
2 6778
2 6631
2 2610
1 1476 8039
1 8593 7226
2 9587
1 6108 8042
2 8881
1 5188 8829
2 5618
1 3529 1048
1 227 8012
2 5981
2 6831
1 9595 4486
2 9399
1 4955 5211
2 7658
2 2260
1 3797 516
1 6877 8551
2 2815
2 1815
2 9329
2 5387
1 6054 4990
1 9748 2554
1 5591 9790
1 665 9575
2 137
1 9713 890
2 8765
2 9132
1 8431 1776
2 5877
1 843 7795
2 2927
1 782 8789
1 8886 1532
2 2808
2 6782
2 3631
1 3328 7798
2 7260
2 9595
2 7357
2 1672
1 5323 6395
1 6915 5631
2 970
1 3118 4473
2 9292
2 2302
1 6836 1611
2 5192
2 2051
1 7646 5568
1 960 7040
1 8152 1356
2 6495
2 6350
2 6975
2 3849
2 4699
1 7560 8792
1 1715 2213
1 769 294
2 1401
1 5658 3432
2 2030
1 3594 3821
2 480
2 382
1 7288 7353
2 2672
2 8690
1 4507 8560
2 4042
1 6140 8828
1 532 73
2 9958
1 2129 5153
2 9977
1 8504 7681
2 7391
2 4858
1 3713 6966
2 5426
2 4299
1 336 337
1 5693 6016
2 7018
2 3702
2 2026
1 1154 6985
2 5592
1 445 9251
2 3729
2 9581
2 9668
1 3640 7044
1 4971 8996
2 8317
2 4789
1 1669 1714
2 8273
1 9162 1929
2 5172
1 9963 421
1 1641 281
1 5086 3242
2 6673
1 1251 1261
1 2428 7458
2 2331
2 190
2 4189
2 3698
2 8273
1 5346 5895
1 4699 2361
1 5691 1157
2 2783
2 1157
2 9815
2 268
2 9704
1 9044 3487
1 9232 7583
2 1724
1 6884 2692
1 7028 1729
2 9955
1 7738 6906
1 1161 918
1 1549 4190
2 2966
1 5192 9735
1 7603 7893
1 4719 4416
2 2040
1 8408 3121
1 5161 4493
1 6442 8732
2 7202
1 8142 5010
1 30 3537
2 8559
1 7813 9215
2 4597
1 8841 2775
2 9353
1 6434 8989
1 1245 1744
2 6658
2 6124
2 1450
2 7806
1 5901 790
1 8927 1648
1 1201 2794
2 5466
2 5723
2 9752
2 6644
1 8055 9429
1 1127 6857
2 1677
1 7810 8994
2 1902
1 935 429
2 5231
2 3347
1 7222 2168
1 7661 1556
2 963
2 762
2 3240
2 3430
1 9993 105
1 7010 5158
2 6531
2 6890
2 5837
2 5031
2 3362
1 9053 5713
1 6142 5913
1 9282 428
1 8840 8362
1 1081 488
2 4934
1 5346 479
2 6556
1 7427 7617
2 9797
2 8618
2 4488
1 6469 1719
2 1283
1 4205 3051
2 7780
2 4096
2 3194
1 2169 5236
1 6146 3443
1 4191 6379
1 186 1830
2 7325
2 1715
2 1665
2 3037
1 6909 5394
2 7952
2 4681
1 8228 3
2 9046
2 1847
1 2434 3897
1 3431 9163
1 9541 6804
1 1051 6530
1 4035 9233
1 341 1293
2 2496
2 3620
2 2057
2 330
1 4325 3807
2 9229
1 8659 514
1 1461 9429
1 897 1809
2 4965
2 8412
2 3610
2 1530
2 5790
2 35
2 2018
1 5433 8429
2 481
1 6644 4719
2 6003
1 1496 4883
1 5876 675
1 8683 7337
1 8239 5
1 5989 7771
1 5311 5252
1 944 2373
1 5855 3542
1 8841 3835
2 5338
1 5967 4853
1 8914 5319
2 2254
2 1550
1 636 6064
1 4754 8841
2 7187
1 5149 4304
1 92 4208
2 3258
2 6767
1 533 7485
2 4860
2 4200
2 5438
1 1982 9791
2 9549
2 4283
2 2182
1 5144 1560
2 1993
2 216
2 2903
1 448 4346
1 5993 7601
2 626
1 9971 2353
2 6038
1 3337 9511
1 9560 44
2 8694
1 7711 386
2 8534
2 3149
2 7675
2 9641
1 9592 8379
1 3717 9840
1 9208 8872
1 8849 1518
1 3353 1791
2 296
2 6947
1 3205 4224
2 9056
2 4558
1 165 1217
1 1194 1170
2 499
1 5289 7183
1 6597 9367
1 2397 6142
2 7831
2 1489
1 148 2398
1 127 9633
2 7348
1 7284 7196
1 5586 6559
1 8719 1893
1 2015 4607
1 1316 7208
1 6380 7837
2 1978
1 3250 4645
2 5478
2 1540
1 1314 9685
1 1337 2259
2 766
2 1360
2 8916
2 9146
1 2614 6502
2 155
2 3962
1 3005 8872
2 4103
1 964 9240
2 6863
1 2697 3069
1 6280 7983
2 103
2 8639
2 3431
1 6848 9527
1 491 1889
1 2440 3335
2 8027
1 4676 2507
1 8987 3408
1 4419 1946
1 8190 7559
2 2293
2 773
1 7338 5502
1 1274 8411
2 3458
1 201 604
1 978 2219
2 2864
2 7100
2 3640
2 7625
2 4568
1 4276 5284
2 696
2 8536
2 888
2 8375
2 2035
1 7860 7021
2 835
1 6279 2300
2 7513
2 9327
1 8008 6171
2 1853
2 498
2 2583
1 8481 3708
2 6125
2 8492
2 6796
1 1293 1758
1 6005 6620
2 4691
2 8025
1 5357 1659
1 2265 5529
2 4977
1 7747 1967
1 2223 4311
1 5659 1586
2 973
2 1178
1 1992 3195
1 9066 9087
2 4064
1 449 9281
1 6989 8685
2 4196
1 3887 7423
1 5290 9844
1 5219 3537
2 7868
1 7639 3279
2 9322
2 1995
2 2462
2 8729
2 4611
1 955 2952
2 5804
2 8575
2 6260
2 5930
1 3555 2972
1 911 2851
1 5739 3993
1 493 458
2 6605
2 4498
2 4232
2 7151
1 1885 1617
1 8746 3942
2 7963
2 9555
2 3830
1 451 2340
1 7668 3779
2 3365
2 2022
1 4580 5142
2 1592
1 3633 2936
2 2119
2 2433
1 540 3935
1 69 3643
1 2084 1362
1 1268 6475
2 2603
2 8656
1 1636 3835
1 2598 6837
1 152 9221
1 244 5438
1 6123 219
2 5225
1 4336 967
1 3109 1393
2 321
1 178 4825
2 6884
2 6971
2 5058
2 2675
1 637 6555
2 6724
2 495
2 1773
1 7026 7717
2 9011
1 3639 7014
2 7016
2 2582
2 8868
1 9552 5952
1 5944 8200
2 8588
1 6087 6543
2 3167
1 3619 6965
1 5474 2159
2 3390
1 177 8247
2 8245
1 6840 6006
1 9546 5275
1 6221 8161
2 9293
2 9986
2 1430
1 5939 9026
2 7302
1 4100 1403
1 9970 299
1 9216 6029
2 2137
2 5098
1 9886 1165
1 9977 9425
2 780
1 4332 7169
1 9183 1767
1 7185 4741
1 6067 4952
2 9038
1 2725 425
1 8508 9943
1 6667 4294
2 7782
2 4330
2 3130
2 3901
2 6814
2 6231
1 4538 1178
1 53 5512
2 6289
2 8016
1 5518 4144
1 3915 744
2 7407
1 9253 2059
1 8606 5970
1 6218 8161
2 8178
1 2975 4885
2 4321
1 2190 148
1 6985 6063
1 7820 4386
1 6670 5686
1 7945 7874
2 3510
2 6081
1 1079 6602
2 6457
2 5913
2 6379
1 4338 7360
2 3769
1 1571 9461
1 5288 6367
2 7502
2 4483
2 9638
1 4701 3387
1 8990 2580
1 1584 6994
1 403 8032
1 9258 1742
2 1146
2 2889
2 3053
2 8135
2 2817
1 5849 1445
1 3490 2469
2 5332
2 1169
2 7145
1 2872 1751
1 5220 7093
2 8492
2 9958
2 5049
2 6722
2 8144
2 4694
2 7114
1 4563 1434
2 2245
1 8482 4135
1 7236 4149
2 8338
2 3326
2 7269
2 7812
2 8434
1 5153 9259
1 4270 5944
1 4309 8750
2 9959
1 8642 3682
1 2433 9436
2 8412
2 4263
2 8253
2 441
2 6588
1 1197 7082
2 4527
2 6454
1 1944 8648
1 133 3515
2 3323
2 9030
2 2309
1 2762 1073
1 4475 5452
2 3113
2 8958
2 3567
2 6993
1 2446 4779
1 8188 4976
1 6328 5182
1 5159 6189
2 1254
1 2365 9772
1 184 703
2 3645
2 1191
1 5842 2641
2 1881
1 5563 5246
2 9935
2 6740
1 3463 4382
1 2927 2643
1 1646 8358
1 1665 9636
1 8672 5354
2 4268
2 6743
1 2652 9837
1 3346 4084
2 3632
2 2463
1 2037 4132
1 2561 1508
2 9095
2 7878
1 420 7799
1 6721 1137
1 3753 3065
2 3061
2 4806
1 5733 3531
2 2259
2 1614
2 2024
2 3456
2 452
1 4171 3153
1 2555 5096
1 1432 3768
1 435 426
2 8452
1 2544 5483
1 2981 6707
2 2983
1 2898 6511
1 4063 9325
2 884
1 4156 7169
1 5312 3456
1 4530 4267
2 5324
2 4309
2 4873
2 4371
2 9341
1 8293 6194
1 1794 5362
1 7551 9406
2 1199
2 3404
2 5881
1 4308 5770
1 1119 5711
2 1461
1 886 6933
1 6595 8514
1 8651 4926
1 7435 2077
2 4452
2 120
2 3627
1 289 1011
1 1399 208
2 3140
2 636
1 6537 9299
1 7426 1479
1 2914 6528
1 1381 4929
2 5025
2 875
1 6783 1978
1 9914 7186
2 3785
2 8606
1 5890 5195
2 4011
2 6382
1 1046 9010
2 1929
2 4777
1 8547 7739
1 9320 4608
1 4915 4112
1 7815 4340
2 887
2 588
1 2294 1507
2 9511
2 441
2 3370
2 3936
1 2264 7705
1 8323 2892
2 7442
1 5524 3294
2 5425
2 347
2 7836
2 7199
1 572 6205
1 705 2594
2 6692
1 4617 1578
2 6430
1 4970 3172
2 6089
1 6691 3656
2 7931
1 7420 7707
2 350
2 7801
1 366 6643
2 9981
1 9928 6450
2 4731
2 873
1 6617 4929
2 6580
2 6016
2 6880
1 2847 3452
2 4014
1 254 8479
1 9794 3142
2 1078
1 4700 5526
1 9798 7277
1 794 885
2 610
2 687
1 2396 9192
1 9163 3193
2 6769
1 3290 5404
1 9560 4883
1 9721 7717
2 8391
2 4049
2 8948
1 855 9205
1 4892 1083
1 6520 9218
2 3724
1 2950 9325
2 6805
2 2792
2 2475
1 987 2108
1 5929 1710
1 6264 4587
2 3012
1 1378 8373
1 4053 5475
1 1767 8028
1 4739 6225
2 8509
2 8951
1 3386 749
1 1643 2291
2 7011
1 9257 4843
2 5115
1 6224 1494
2 160
2 1471
1 5937 8853
2 7709
1 5386 740
2 2019
1 2885 2028
2 7000
1 6176 2050
2 354
2 9284
1 8910 6467
2 4903
1 8267 4803
2 2858
1 807 4144
1 847 7744
1 9328 3021
2 3214
2 457
1 7597 7686
1 9391 8850
2 9874
1 3849 914
1 6374 2593
2 6891
1 9331 5975
1 2909 5876
2 2415
1 3554 6793
1 715 9481
1 3515 8633
1 8066 1633
1 3519 8526
1 2706 6830
2 339
2 6930
1 3737 6129
2 628
2 5713
1 4854 7764
2 1001
2 8467
1 454 7621
2 4094
2 7747
2 8613
2 6777
1 9787 4401
2 1152
2 8505
1 3824 4209
2 4330
2 9716
1 7118 3320
1 3148 57
2 7644
2 8175
2 5914
2 5663
2 7894
2 7071
2 291
1 7909 8928
1 8861 7194
2 2475
2 1769
2 8071
2 5910
1 7866 2308
2 4537
1 2316 6522
2 2398
1 28 4467
2 5131
1 9562 6265
2 6003
1 5376 4318
1 8599 6597
1 9930 4495
2 2424
2 6289
1 280 2346
2 7890
2 9476
1 4678 372
1 6164 9008
1 9553 3005
2 2555
1 5825 4849
1 8581 4925
1 1096 615
2 8753
2 9777
2 1475
2 5333
1 1390 935
1 6782 9638
1 5199 9639
1 1302 2875
1 968 5749
1 1770 7188
2 5737
1 7437 7810
1 7058 9054
2 5471
1 4320 4494
1 7122 8176
2 6695
2 4365
1 6945 2408
1 2129 2693
2 2385
2 7131
2 4507
1 8037 6176
1 307 6830
1 3640 3080
1 7443 5195
2 7062
2 3143
1 889 3204
1 9862 1691
2 9298
2 6086
1 7059 7392
2 9577
1 9494 7164
2 3234
1 9316 5820
2 8932
1 312 7704
1 5798 5863
1 5097 8758
2 436
2 8583
2 7143
1 762 2423
1 6127 3016
2 3877
2 9159
1 3919 8936
2 4446
1 7312 992
2 640
2 9835
2 1839
1 3517 9759
2 5709
2 2676
2 7428
2 258
1 9970 620
1 3952 3099
2 566
2 7996
2 7545
2 9394
2 2372
1 8488 2801
2 5584
1 549 2565
2 5421
1 1931 2899
1 6177 788
1 2604 5719
1 7019 9217
2 281
1 1542 7769
1 7653 6526
2 8406
2 4613
2 2695
2 9009
1 4303 1920
2 1546
1 2415 6507
2 513
1 134 5909
1 5406 7187
2 5378
2 6539
1 4572 420
2 4203
2 4220
1 9216 5587
1 6259 7333
1 8803 8095
2 6528
1 9176 6026
2 7847
2 7664
1 7458 5575
1 375 1259
1 6743 7971
2 6277
1 2186 2203
2 3496
2 4586
1 6811 1698
1 2415 3766
1 7988 7224
2 1606
1 9021 4833
2 5203
2 6436
2 8833
2 2980
1 2159 9925
1 9223 8302
2 2667
1 1930 3398
2 8109
1 6642 8074
1 1448 4932
1 3724 132
2 8298
2 6298
2 646
2 8985
2 6533
1 2810 1172
2 6779
2 940
2 9223
2 7224
2 6318
2 9582
1 9929 2
1 1323 6630
1 2994 8406
1 8867 2649
2 1745
1 610 9186
2 2906
2 8078
2 2714
1 7528 9036
2 588
1 1175 4415
1 8021 5097
2 5923
1 2980 5384
1 5110 1422
1 844 6807
2 3602
1 2204 8183
2 949
2 6207
2 383
1 198 8990
1 2587 3105
1 298 7452
1 6868 1534
2 219
1 806 8275
1 928 5737
2 5148
1 6090 6771
1 2926 8753
2 8897
2 322
1 3359 1302
2 3370
2 4363
2 6288
2 7065
2 8480
1 8215 6013
2 9786
1 1262 4897
1 9210 2081
2 2448
1 9486 7846
2 9845
1 9660 8459
1 7595 8247
1 6780 6237
1 1168 4424
1 3092 2142
2 2419
1 755 4
2 3999
1 7932 1679
2 8428
2 8534
1 4529 3838
2 5336
2 6175
1 7371 7635
1 4490 1452
2 1398
1 7506 8115
2 2266
1 450 531
2 1429
1 3259 441
2 8486
1 7744 7032
2 6647
1 9757 2633
2 7963
2 865
2 7760
2 9203
1 6286 8749
2 8295
2 4680
1 5014 6653
2 4071
2 578
1 7882 5383
2 2510
2 2031
2 8726
1 186 3743
1 5548 6174
2 1149
2 8641
1 5144 1538
1 555 8735
1 8477 8456
1 6802 2454
2 8347
1 1002 1673
2 5455
2 7027
1 8496 9006
1 5469 4205
1 5870 4411
1 4263 4612
2 1811
2 3828
1 1498 1640
1 9192 5450
2 835
2 2916
2 6779
1 2779 1472
2 7769
1 9885 7231
1 7314 5398
2 8203
1 8216 8042
2 3112
2 1100
1 288 5469
1 1313 2807
1 4506 3970
1 6097 1618
1 3708 5940
2 3165
1 2706 1864
2 8018
2 7487
1 4799 8059
1 2333 9489
1 147 757
1 5667 6145
2 3109
2 9679
1 5447 2347
2 3061
2 5226
1 5158 7487
2 6097
1 6679 9115
1 4917 392
2 5518
1 2415 1680
2 6740
2 7955
2 5879
2 950
2 9208
1 244 2368
1 2357 499
2 6374
2 9631
1 2175 7216
2 7388
1 8867 9282
2 8544
2 7356
1 1539 9756
1 4058 3976
1 3942 167
1 833 6525
1 9245 7453
2 3229
2 4842
2 6862
1 249 5142
2 1533
2 7653
2 8147
2 3871
2 3528
1 6058 4956
2 5990
2 6594
1 7803 5563
2 9140
2 7447
2 5910
1 5996 4690
1 785 7363
1 6334 1698
1 8473 8367
1 1308 7748
1 4374 5149
1 4203 1542
2 3464
2 4858
2 6946
1 4757 4700
2 3792
1 1564 4081
2 240
2 4421
1 4657 2835
1 3646 4551
1 1975 5027
2 4058
1 192 9191
1 1353 7133
1 1411 1274
2 4154
2 5523
1 7627 2125
2 2835
2 8910
1 489 9201
2 4748
2 8830
2 9776
1 4569 7480
1 9334 987
2 498
2 8141
2 5068
2 2106
1 518 2214
1 924 4634
1 8299 8728
2 7563
1 9673 7407
1 5778 1775
2 2814
1 7364 9365
1 6368 1104
2 374
1 6248 9562
1 6429 9756
2 8265
2 6175
1 5281 3559
1 9381 1991
2 3254
2 9142
1 4916 8688
2 3841
2 179
1 551 8057
2 2321
2 1710
1 6459 4722
1 2211 664
2 1264
1 5889 7510
2 3885
1 9471 3105
1 8007 8976
1 5066 9885
2 2771
1 3687 1606
1 9366 8897
2 9276
1 7560 2840
2 6300
2 5736
2 6458
2 5346
2 1690
2 8125
2 2193
2 7331
1 1356 4940
1 3214 8571
1 787 9612
1 2647 8335
1 6510 768
1 8989 8054
2 1870
1 2508 7308
2 6694
2 4568
2 4360
1 4587 3073
1 4943 866
1 9151 6584
1 2805 991
2 7608
2 7891
2 769
1 5306 3988
1 8152 8694
2 1937
2 9072
2 3120
1 3626 3705
1 5686 6724
1 4819 1093
1 7012 410
2 5485
2 587
2 9742
2 5754
2 2458
1 4722 547
1 2326 723
1 2052 4460
2 7221
1 5889 7175
2 9925
1 140 4575
2 5983
1 595 8370
1 4343 3550
2 8988
2 6501
2 1178
2 9602
2 571
2 6028
1 2779 4240
1 2142 5100
1 9183 1440
1 7923 1378
2 8842
2 3273
2 3076
1 2296 4380
1 3688 7588
2 5333
2 4443
2 5305
2 2594
2 4047
1 3510 4198
1 5446 4639
2 5469
1 4746 155
2 438
2 1677
1 3203 9700
1 8531 84
1 1910 2054
1 6515 1975
1 4117 9339
2 5015
1 5319 1390
1 4140 1626
2 3589
1 1528 2142
1 1894 277
1 5208 6864
1 3867 7825
1 3834 2729
1 5369 3903
2 9958
2 3882
2 3695
2 4140
1 7523 7974
1 3728 8149
2 5093
1 8700 7651
1 1189 2140
2 5579
1 2045 2483
2 9117
1 4385 5459
2 739
2 6342
2 143
2 7653
2 1485
2 9638
1 3142 6512
1 8334 4396
2 961
1 2325 2304
2 3289
1 3408 709
1 3995 6668
2 7925
2 6115
2 2652
1 6270 1094
1 9402 1364
1 1756 5384
2 842
2 8
1 4082 7270
2 3804
2 1931
2 5429
1 4639 6719
2 4666
2 1782
1 1510 9131
1 2157 4322
2 7903
2 278
1 6317 6742
2 4523
1 8361 4023
1 2361 5033
2 4406
1 8353 6389
2 6699
1 2241 972
1 6555 5714
1 8222 2941
1 8244 973
2 1257
1 6360 9663
2 2060
1 2419 3508
1 4631 8135
2 3267
1 6366 859
1 9441 7943
1 6046 1312
1 3100 4136
2 7322
1 5122 9651
2 4427
1 4207 39
2 9016
1 2546 1368
2 8575
2 424
1 9108 8404
1 8543 7466
1 2408 1923
2 7971
2 1728
2 2730
1 9742 1094
1 3229 4642
2 9703
2 8776
1 7862 649
1 7446 2822
2 9356
2 9139
2 7425
2 4260
1 76 4953
1 9236 6427
2 6362
2 2796
1 1474 4169
2 442
1 1281 5025
2 2206
2 742
1 9387 8981
1 321 7025
2 2796
2 3266
2 315
2 2082
1 2484 6540
2 8171
1 2746 8978
1 7965 2497
2 134
1 5471 3227
2 1819
1 9155 9118
2 7041
1 7530 8952
2 8296
1 3612 9852
2 1875
2 7253
2 3858
2 2903
1 8088 6091
2 3436
1 3470 3484
1 1130 7343
1 4023 4367
1 6547 6492
2 7890
2 4314
2 6706
2 805
2 181
1 2543 6463
2 8442
1 6569 6196
1 9732 7433
1 2466 3598
2 7277
2 2542
1 9457 5749
2 303
2 9163
2 378
2 5591
2 9002
2 6471
2 8514
1 9242 6870
1 7179 1594
1 9392 656
2 7408
2 7194
1 4981 915
1 5496 6414
2 8090
2 5450
1 9022 1027
1 6577 5014
1 3202 9080
1 5553 3776
2 4325
2 2069
1 8061 4421
2 3077
2 1891
1 5198 8739
1 7799 581
1 8437 2790
1 8324 221
2 6081
1 8714 8655
1 5771 8450
2 5927
2 4305
2 6551
2 1786
1 7308 5647
1 7956 5488
1 8901 524
2 6779
2 6294
2 2479
1 423 7499
2 4259
1 3513 6259
1 1250 1770
1 1807 4347
2 6962
1 166 3457
1 2420 1149
2 945
2 8285
2 5341
1 2632 1629
1 996 9519
2 3583
1 9398 3013
1 9660 8029
1 323 8070
1 7186 9458
2 2452
2 5214
1 5334 5998
2 2975
1 1411 8075
2 8862
1 3363 612
1 6572 1265
2 5460
2 5733
1 2725 2790
1 9535 7604
2 7954
2 5089
1 2097 4879
1 9198 1711
1 8275 4444
1 400 946
2 6563
2 310
2 1545
2 8429
1 3844 371
1 557 8596
1 8385 4866
2 890
1 8082 5390
1 4833 3240
2 9300
2 342
1 8872 5424
2 8641
1 2472 8606
1 6883 924
1 72 1733
1 331 567
1 9482 4289
2 2942
1 7257 5724
1 7400 1255
2 9115
1 9861 7226
1 6872 1137
2 2529
1 6768 7004
1 5254 5414
1 2844 7466
1 1999 3042
2 7431
1 1258 9690
2 5691
1 3588 9634
1 8671 2768
1 4250 2603
2 8444
2 1855
1 5109 9832
2 3861
1 6811 5685
2 5954
1 9424 9076
2 8416
2 2012
1 3146 7802
1 8336 2380
2 8103
2 9337
1 3066 9626
1 7285 5477
1 2249 912
1 7879 5793
1 8866 7402
2 778
2 5901
2 7795
1 1513 8714
2 4350
2 4834
1 7616 3321
1 8627 5912
2 8042
2 7280
2 7023
1 617 2313
1 9083 8433
2 9960
2 7160
1 5021 7752
2 5526
2 3791
1 1108 1485
1 9338 3847
1 2805 597
2 6276
1 6978 438
2 3167
1 4067 887
1 4255 2443
2 8304
2 815
1 1537 3057
1 9941 8159
1 7976 3624
1 5342 1624
2 7247
1 2065 3914
1 5435 1163
2 8095
1 2 9861
2 1404
1 1555 9342
1 5591 4566
2 2968
2 7521
1 6343 8148
2 6170
1 2 4852
2 3364
2 8786
1 8965 6986
2 5003
1 1863 4812
1 50 3916
1 9416 3564
1 8086 645
1 4573 2046
2 484
1 7969 8393
1 4025 1783
1 7177 1201
1 2882 4163
2 3606
1 8742 1062
1 3333 2335
1 280 9976
1 6831 6348
1 2034 2826
1 173 5257
2 453
1 4924 7507
2 3070
2 6967
2 2117
2 1535
2 7639
2 7156
2 1189
2 4116
1 2284 9153
2 6233
2 8497
1 4076 9377
2 3316
2 5951
2 480
1 8218 2646
2 6778
1 851 7115
2 592
1 323 6575
1 1953 5208
2 3589
2 2728
1 382 8562
1 9986 8040
2 2950
1 8119 6054
2 5460
1 4966 8795
2 8587
1 8315 4921
2 6668
1 2573 2313
1 522 1261
1 3394 7345
2 4735
2 5715
2 7789
2 34
1 1263 1455
1 1377 7262
2 2424
2 8183
2 1739
2 1349
1 4187 1120
1 3482 7562
1 700 4851
1 4114 3127
1 9859 8937
1 2150 7030
1 239 3554
2 452
2 9469
2 6828
2 8699
2 1875
1 2910 6575
2 3097
1 4281 8530
2 8373
2 1520
1 5519 9985
1 214 9790
2 1655
1 7337 8107
1 9844 7228
1 6842 4976
2 7006
1 4343 2984
2 2352
2 6083
1 562 9661
2 305
1 8568 9681
2 771
1 2273 877
1 679 8383
2 3571
2 7727
2 6906
2 893
2 4150
1 9021 5165
2 9820
2 7915
2 8524
2 344
1 2074 9196
2 7966
1 5443 6601
1 6704 7302
2 7233
2 7631
1 6315 4532
2 1356
1 9280 5037
2 5105
2 6660
1 2042 7932
1 3696 2317
2 2246
2 8553
2 6621
1 6891 2875
2 2050
2 9565
2 1350
2 1447
1 6304 8625
2 9953
2 2524
1 9763 4940
1 7440 3238
2 9627
2 6941
1 7259 3496
1 187 3504
1 3045 1182
2 465
2 8376
2 6103
1 8646 1357
1 5673 1810
2 9134
2 7761
1 8826 1191
2 665
2 8075
1 7385 8268
2 3788
2 9873
1 3553 4823
1 7853 2277
1 4256 3731
2 1882
2 294
2 5399
1 4817 733
2 317
2 4969
1 9580 9384
1 8876 2034
2 883
2 2465
2 5251
1 5101 9015
2 6164
2 1187
1 6478 7426
1 5167 6553
1 2570 6872
1 5546 8405
2 2677
1 9687 1797
2 6990
1 7584 1709
2 7100
2 8253
2 7794
2 2233
1 2792 1132
1 20 9692
2 9642
1 7467 1469
1 6237 2305
1 4491 2413
2 6038
1 2635 4902
2 8660
1 624 1901
1 4995 9555
2 8109
1 2328 8804
2 3984
2 2474
2 6464
1 7023 1138
1 9488 9022
1 9655 4750
2 6994
2 8209
1 4054 9190
2 1774
1 3783 2167
2 8255
2 9049
1 1664 7670
1 707 3210
2 1315
1 4163 7154
2 5217
2 7128
2 4298
2 4622
2 7239
2 6244
1 6556 3012
2 4589
1 298 994
1 7995 3507
1 18 6710
1 7827 6517
1 1056 8691
1 3777 3856
2 1896
1 3994 4585
2 5481
1 5118 2443
1 6374 4201
1 663 7917
2 7419
1 1211 7421
1 9260 7393
2 2160
2 1176
2 8494
2 9906
2 3162
2 2540
2 8334
2 6170
1 8711 452
2 9269
2 7875
1 5752 773
2 1450
1 4810 5775
2 8437
2 2060
2 958
2 2969
2 5214
2 2356
1 8418 5696
1 3042 2374
1 7952 2211
1 9650 3201
2 4728
1 1434 2321
2 590
1 4535 8039
2 2361
2 918
1 2873 1106
1 7856 7419
1 4218 2077
1 1917 8246
2 569
2 1124
1 1472 1880
1 1354 7602
1 8227 4481
2 1855
2 7979
1 4346 9985
1 6735 1117
2 4921
2 7392
1 3763 5134
1 7969 5888
1 2483 3219
2 6335
1 1241 8870
2 7721
2 4155
1 1613 6437
1 6958 3044
1 3247 6164
1 6384 1606
1 7464 7284
2 4620
2 2697
2 7744
2 3263
2 6348
2 4221
1 78 1627
2 8652
2 308
2 8893
1 1959 489
2 922
1 1561 8320
2 2933
1 9300 5569
2 5659
1 7817 8113
1 8510 9460
2 6498
2 8426
1 7503 787
1 5393 3323
1 5183 1882
2 8518
1 1260 9790
2 8404
1 8883 4299
2 9328
1 7746 3201
1 2157 926
1 3812 1224
2 9456
2 2059
2 259
1 5603 1902
1 3965 9466
2 846
2 4824
1 7878 2279
1 2688 5299
2 1469
1 6398 6501
2 5876
2 2127
2 6091
2 5826
2 4371
2 2967
2 3233
1 4975 2177
1 7192 1342
2 288
1 8351 1742
1 1496 1026
1 4749 7317
2 7112
2 5373
2 1589
2 8918
2 471
1 8057 1815
1 6076 278
2 9297
1 8924 6871
2 8539
1 362 3465
1 6739 2719
2 6552
2 6933
1 6935 3223
1 8260 736
2 9492
1 108 5842
2 4405
1 1235 4005
1 1421 598
1 9175 9342
2 2954
1 6076 7922
2 8315
1 9112 9847
2 6380
1 5426 7390
1 7161 5144
2 3063
2 1970
1 1882 5511
2 5504
2 4932
2 2598
1 3030 5897
1 759 9722
1 7831 2470
2 8566
2 2416
2 9774
2 500
2 9580
1 6294 8525
1 2415 370
2 882
1 4604 2869
1 9648 8179
1 5170 453
2 361
2 3197
2 1222
2 1326
1 1486 2870
2 9560
2 6270
2 8428
1 5854 5946
1 3026 2884
1 3435 5555
2 5588
1 7585 4519
1 4519 4003
1 8794 5825
1 1694 5686
2 9309
2 6281
2 7911
1 2130 8298
2 1185
2 8412
1 6678 7150
2 9064
2 6617
2 7345
2 5756
2 2429
1 1061 959
1 9749 7160
1 6644 4882
1 7731 9451
2 7413
1 8390 4402
2 5146
2 8358
2 3052
1 3492 3034
2 1258
1 978 8104
2 1890
2 3408
2 4944
1 4475 9200
2 3236
1 56 9034
1 6346 2658
2 356
2 4069
2 5534
1 2931 1517
1 6713 5768
2 1448
2 9971
2 938
1 9618 6248
2 6012
1 734 2089
1 668 6350
2 5009
1 8229 9391
1 4157 4446
2 6540
2 4998
2 1910
1 1302 926
2 5242
2 7414
1 8891 1261
2 6223
1 880 1352
1 2510 6200
1 9546 4957
1 653 3624
1 950 2620
1 6821 2676
1 2443 7126
1 3870 225
2 3383
1 3955 1026
1 7379 233
1 4606 1328
1 3647 9448
2 4492
1 3409 4625
2 7204
1 1144 799
1 4357 1120
1 8286 6702
1 6187 9599
1 2240 3109
2 1557
2 6895
2 2601
2 525
1 5611 9769
1 9719 5741
1 4019 9195
1 9134 6535
1 3860 4506
1 4311 6992
2 6048
2 2911
1 3296 5202
2 6401
1 8744 7377
1 4855 9629
2 7425
1 2935 1620
1 8530 7571
2 6719
2 8214
2 5440
2 9443
2 2916
2 2898
2 4648
1 8618 4281
2 9763
2 892
1 8021 8965
2 3016
1 9313 9429
2 5798
2 7472
1 8758 3920
2 9369
1 2596 1046
1 1277 3483
2 6748
1 6265 447
1 9924 4010
2 7954
2 1387
1 8111 5372
1 5292 8156
1 5372 2475
1 9788 9027
1 4931 9474
2 2255
2 1622
2 1978
1 1239 7160
2 928
1 746 7999
1 1202 1805
1 4238 3089
2 7292
2 8544
2 9949
2 1695
2 2172
1 2894 4764
1 1794 8487
1 6041 7110
2 1437
1 6539 414
1 5819 3533
2 1845
1 9174 5752
2 110
1 3122 7295
2 8065
2 5672
1 5849 5402
2 2759
1 2099 5837
2 6841
1 7514 3786
1 5485 7624
2 9349
1 7175 6850
2 9904
1 2030 7265
1 6986 596
2 76
1 8765 2327
1 4985 3071
2 7759
2 9421
2 8693
2 8722
1 8780 3161
2 8003
2 8162
2 9759
2 4395
2 4229
2 7761
1 9975 779
1 9969 4390
1 5113 7336
1 9546 8392
2 5233
2 3642
1 4755 4101
2 9347
1 7650 6520
1 3465 7821
2 9307
1 8434 9556
2 6938
2 507
1 7710 5949
1 3555 6727
1 9655 978
1 6615 9189
1 4589 5270
2 2839
1 2808 3394
2 2094
1 2285 9092
2 6245
2 3697
2 893
2 3353
2 502
2 9210
2 2990
2 2575
1 7750 3396
1 9616 1495
2 4295
2 3215
2 901
1 5003 304
1 3310 8009
2 9700
2 7836
1 928 2284
2 6849
2 8992
2 6126
2 9939
2 7328
1 185 8222
1 6435 4700
1 9649 4227
2 8081
2 2444
2 3036
1 674 1696
1 3748 8570
2 3325
2 4380
1 7414 2882
1 5846 8171
1 6679 3587
1 1562 3680
1 2613 2283
2 9932
2 413
2 5009
1 8143 3275
1 1136 4637
1 9823 5627
1 4302 5187
2 9089
1 4374 5958
2 2620
2 4498
2 2042
2 4671
1 6390 2472
2 3234
2 6611
1 8731 4894
1 4900 5035
1 5852 9194
1 3364 8966
2 9301
2 9
1 8589 9211
1 7667 8852
1 78 2446
2 7943
2 4886
2 4489
2 8727
2 3817
2 7973
1 8783 6295
1 321 9104
1 3196 9350
2 1305
1 7085 1683
2 7248
2 3347
1 378 2866
1 3375 3865
1 7048 660
2 5069
2 9357
2 8839
1 9181 693
1 7710 8879
2 7025
2 7423
1 7516 3571
1 9127 2927
1 2387 2238
1 8418 4611
2 7124
2 5779
2 2800
2 3561
1 8171 924
2 526
2 3548
1 6660 6957
2 7094
2 8097
1 4868 2815
2 9044
2 3408
2 2055
2 3432
2 7424
2 7599
2 7193
1 2567 1898
2 7442
2 2423
1 6320 1740
2 777
2 9439
2 8420
2 9460
2 8601
2 658
2 6639
2 4295
2 1012
1 5417 8186
1 6466 8320
1 8749 8864
2 1917
2 9063
2 5419
2 3508
2 2200
1 8374 3157
2 5531
2 9404
2 7771
2 3271
2 3425
2 7096
1 3550 7653
2 3430
1 1974 7886
1 1595 8923
1 5004 5488
2 708
2 4082
2 6166
2 7595
1 287 5466
2 2968
2 5768
2 341
2 8552
1 1933 5371
2 5734
1 6263 331
1 720 2117
1 1367 8119
2 1302
1 2247 4085
1 6099 737
1 2097 8288
2 2399
2 2482
2 1927
1 1913 4053
1 7895 4571
1 4551 7635
2 7956
2 8560
2 2667
1 4894 8480
2 4453
2 2779
1 7329 9777
1 6158 5301
1 4274 6412
1 8531 6658
1 5090 3775
1 5055 5025
2 6771
2 2412
2 5551
1 1333 5267
1 8966 1774
2 4928
2 6336
2 1633
1 2930 8959
2 3495
2 3670
2 7930
1 5113 1257
1 7778 4862
2 8140
1 7684 4643
2 857
1 1232 4207
1 5128 2522
2 3249
1 8901 8704
2 2677
2 7331
2 1798
1 8546 802
1 5707 3643
2 1363
1 9470 9443
1 7095 8828
2 5704
1 7819 4347
1 7009 6964
1 4438 9986
1 772 6088
2 5870
1 9931 8085
1 442 9926
1 3108 9108
2 2964
2 3213
1 8101 3863
1 2444 2147
1 6254 6539
2 2004
1 180 1933
2 3936
1 128 7516
1 2893 263
1 2463 7460
2 2372
1 9819 8349
1 60 867
2 3006
2 8384
2 1061
1 3777 5152
2 9322
2 9002
2 6831
1 6123 8354
1 5587 8400
1 9953 1109
1 9037 248
2 6694
1 3599 2790
2 3369
1 6929 1494
2 8777
1 4402 594
1 657 7218
2 9626
1 7112 4484
2 7861
2 500
2 5838
2 2501
2 8127
2 4334
1 5596 1039
1 2673 6471
2 4908
1 6657 4114
2 7891
2 3690
2 4785
1 2942 7797
1 4037 6059
2 4836
2 6543
1 194 1410
2 2598
2 502
2 5524
1 6118 872
1 3908 5296
2 2926
2 6961
2 9293
2 8920
1 803 8416
1 232 41
2 8840
2 7822
2 1934
1 1525 1076
1 3156 844
1 8331 3407
1 5585 4627
1 2527 5933
1 2921 7427
1 2496 8581
2 2011
1 1744 4492
1 1016 9137
2 6465
2 4841
2 5326
2 4519
1 923 6458
2 3978
1 8596 4028
2 6407
2 456
1 1642 2652
1 9245 4983
2 4213
2 5193
1 3077 2737
1 6691 8054
1 8001 2472
1 6973 2240
1 4856 9188
1 9896 5641
1 3309 2244
1 3034 1932
2 5163
2 8048
1 3880 9160
2 8848
1 8305 729
1 8663 303
2 9110
2 8604
2 9070
2 9502
1 1302 5227
2 8060
1 771 7821
2 7485
1 786 5260
1 5212 584
1 2991 2623
2 2572
1 611 2710
1 522 3369
1 2016 2077
1 4890 8263
2 2300
1 1587 2289
1 1281 5641
1 3164 4980
2 2801
1 1882 233
1 9328 5925
1 5554 8340
1 4738 4042
1 9332 6082
2 2898
2 4582
2 2487
1 4942 9737
2 1217
1 8603 3480
2 1017
1 5430 6607
1 5577 445
1 4504 2751
1 51 9735
1 1533 7884
2 1007
1 6870 8352
2 593
2 9239
1 6498 6795
1 673 6085
1 969 384
1 6138 2139
1 4899 1155
2 3813
2 5864
2 1748
2 1415
2 9825
2 3872
2 498
1 8602 6303
1 3102 1106
2 6877
1 392 5095
1 6375 7548
1 123 3845
2 4314
1 6816 7506
1 6638 5110
1 5640 5080
2 9431
2 5654
1 9120 5527
1 7299 4570
2 4155
1 345 9953
2 3591
2 6102
2 6697
2 8466
2 9872
1 1516 1811
2 6273
1 6954 1124
1 3130 9308
2 6015
2 9122
1 3081 7003
1 5978 3955
1 2552 6343
1 1015 2534
1 9098 5687
1 5321 853
1 7714 3276
2 4179
2 8438
1 1064 6603
1 4366 398
2 7769
1 3745 5506
1 383 1648
2 2439
1 7817 4131
2 2989
2 5361
1 5591 7992
1 5333 2183
2 6919
2 2691
2 9701
2 4628
2 3664
2 3696
2 691
2 9854
2 9303
1 642 4397
2 1312
2 3052
1 9190 1979
2 4290
1 2796 2404
2 7666
1 791 5162
2 9736
2 3964
2 9536
2 786
2 5007
1 1974 5320
2 9248
1 7105 4534
2 6799
1 5620 5082
2 2573
2 1702
2 2789
1 336 1120
2 8475
1 2874 7262
1 270 2513
2 339
2 278
1 2679 8881
1 4644 8059
1 3409 6077
2 5255
1 1430 5562
2 8398
2 5704
2 3590
2 2123
1 6644 3749
2 9988
2 7145
1 582 5883
1 4245 548
2 4927
2 3852
2 9575
1 6778 1860
1 7386 6770
1 2957 7029
2 2077
1 2043 9254
1 4788 662
2 9494
1 9786 3408
2 2555
1 5466 3070
2 3738
2 4043
2 2687
1 920 8201
2 6598
1 8792 7267
1 8413 5564
1 9188 4168
2 5249
2 1518
2 8009
1 6470 2070
1 361 8109
2 7590
1 4935 505
1 965 4822
2 6845
2 1761
1 5383 7539
2 9974
2 1348
2 7830
2 196
2 5524
1 9151 6799
2 9138
1 7380 4448
1 3191 6323
2 6556
2 2734
2 3252
1 8372 5223
2 5311
1 7265 481
2 9804
2 5413
1 8961 4951
1 5285 7071
2 9986
2 8045
1 2369 5049
2 9766
2 5084
2 944
2 4768
1 5561 2380
1 5459 7828
1 1089 8682
2 8703
1 2025 8905
2 9295
1 3079 7808
2 338
1 5662 979
1 7765 985
2 9423
1 2425 1535
1 5358 9297
2 9485
1 447 1578
2 4486
1 5963 297
1 2794 8871
2 2340
1 1117 3205
1 6708 8566
2 7092
1 5636 8046
1 3090 6334
2 9583
2 6793
2 6500
1 8893 9868
2 3669
2 5662
1 2900 5518
1 6147 7411
1 701 5202
1 9678 1928
1 5222 7457
1 429 7178
2 3415
2 6277
1 6970 1719
1 4893 3473
2 3256
1 1233 1369
2 3013
2 5172
2 3014
1 2711 5675
1 3106 7328
2 1271
1 1314 4128
2 9346
2 3980
1 2859 5818
1 4228 2061
2 3027
1 1386 6018
1 2222 1128
1 9778 6413
1 1799 7749
2 4116
1 4529 8747
2 4355
2 1739
1 4086 2212
1 2424 1663
2 5625
2 1238
1 1653 8409
2 5999
2 8396
1 2594 8821
1 5347 9348
1 1415 9389
2 4550
2 4251
2 7519
1 7379 8766
2 678
2 5155
2 5835
1 6767 3244
1 5430 3008
2 568
2 7692
1 1033 2734
1 3682 5068
2 4695
1 6543 6340
2 9526
1 641 1506
1 7851 2518
2 9118
2 2886
1 8999 2932
1 6340 5385
2 7314
2 5999
2 8747
1 5271 3701
1 8812 9157
2 3471
2 9040
1 4764 9732
2 1302
2 3712
1 7421 2281
1 4315 6132
1 6853 3781
1 9539 4538
1 7924 697
1 7481 1703
1 3992 6511
1 5060 7504
2 8922
1 2314 6732
1 4625 9116
2 6545
1 7848 770
2 7122
2 9012
2 1860
2 7957
1 277 1608
2 6183
2 4254
1 3572 6209
2 6130
2 5710
1 3716 2475
2 9995
1 9014 2065
1 7010 5577
1 96 256
1 9229 9242
1 1937 7044
1 2605 8728
1 4016 3003
1 1719 4265
1 2988 1016
2 7199
1 3122 1709
1 800 208
2 2961
1 373 3857
2 6989
2 1737
1 300 4659
1 7523 2661
2 284
2 7990
2 8446
2 5373
1 6192 9600
1 4324 9433
2 7119
2 7137
1 8047 8802
1 8741 5760
1 9156 5567
1 2373 5808
1 889 8745
1 5249 8202
2 1735
2 3484
2 7566
2 8921
2 3631
2 6330
2 6963
2 729
1 1778 9183
1 6631 9670
2 3101
1 8475 5334
2 6790
2 6940
1 7341 5411
2 6080
1 1611 5361
2 5487
2 1507
2 3253
1 2478 921
1 7481 5528
2 9338
2 5813
1 9999 2679
1 8687 4791
2 2574
1 4953 3693
1 6182 3051
2 7411
1 6846 9431
2 159
1 6990 6057
1 5939 377
2 5965
2 67
1 6363 9959
1 3851 3984
2 4339
2 7589
2 2560
2 573
2 8582
2 4010
2 9619
1 5441 1299
2 3531
1 9698 8018
1 5544 3863
2 1810
2 1581
2 9946
1 8561 7627
2 9650
2 2605
1 679 3905
1 9941 4419
2 5465
2 5627
2 2148
2 5713
2 4711
1 6189 1515
2 6433
1 9989 3382
1 3530 3477
2 6270
1 8163 9635
1 2659 5091
1 1603 4106
2 3658
2 7137
1 7359 4863
2 958
2 9323
1 2585 5364
2 3739
1 7620 6070
2 8686
2 6265
2 8137
2 4547
1 1638 3790
2 6905
2 7791
1 6899 82
2 3634
1 2158 2362
2 7918
2 433
1 6786 9993
1 5841 1692
2 6857
1 7358 7651
2 8800
2 6620
1 6924 5376
1 9323 5019
2 4344
1 8506 8061
1 3124 2824
1 8706 1684
2 550
1 8298 494
1 7051 3257
1 4598 4327
2 8188
2 5574
2 5902
2 1431
2 2851
2 5426
2 7492
2 9718
1 5018 8862
1 1565 6337
1 1337 1551
1 4476 973
2 1156
2 5425
2 9580
2 6456
1 4556 3966
1 493 6312
2 3947
1 2337 8132
1 783 5259
2 1972
2 389
1 3041 2732
1 2818 7677
2 206
2 1216
2 3054
2 2078
2 1989
1 8788 9071
1 6653 6226
1 6411 4629
2 1568
1 2903 2526
2 4496
2 9079
2 2791
2 4814
2 7017
1 7860 3434
2 4308
1 4702 7413
2 4837
1 8514 5997
2 1121
2 6042
2 8198
2 5359
2 5981
2 2912
1 6733 9247
1 3007 8617
1 9486 4939
1 2927 4690
2 2170
2 8265
1 6480 31
2 3532
1 3699 1744
2 5529
1 6315 5628
2 1701
1 2353 7158
2 407
2 9709
1 5116 9077
2 9384
1 3643 6079
2 5782
2 2597
2 7012
2 5240
2 6100
2 6256
2 8278
2 4760
1 4898 6908
1 1219 1585
1 5662 4815
2 3189
1 6900 7393
1 2465 8122
2 9500
2 6666
1 4340 201
1 1807 707
2 4004
1 7191 2658
1 4237 2446
1 2216 7057
2 505
2 4819
2 3156
1 7322 3428
2 8999
1 1930 332
2 4370
2 3097
2 4651
2 111
2 6885
1 6795 918
1 6307 3506
2 7525
2 6298
2 3514
2 7254
1 2846 2824
2 6340
2 5408
1 5844 6384
1 2006 6445
1 2178 9155
2 9556
1 9799 7231
1 2463 5177
2 6408
1 2529 5129
2 4884
2 993
1 6544 5683
1 4539 4230
2 498
2 7344
2 2126
1 4110 4161
2 5239
2 4996
1 506 3027
1 9996 279
2 2441
1 1354 2155
1 4912 9875
2 9507
1 3405 6305
1 7812 2174
2 9632
2 2144
1 2354 2060
1 6835 4265
1 1632 4979
2 5420
1 491 1456
2 4196
1 3295 1269
2 573
1 2721 691
2 2813
1 9050 6771
2 4728
2 9644
1 197 6585
1 2214 6333
1 2893 7395
2 9204
2 7303
1 9818 2779
2 4935
2 8818
2 5339
2 7318
1 9693 670
1 3173 670
1 6820 1117
1 3638 9020
1 2554 9030
2 751
2 3193
2 3696
2 7605
1 652 4426
2 6359
2 8298
1 8981 8192
2 3383
1 4251 5804
2 5370
1 8398 8795
2 430
1 9561 6670
2 8238
2 1724
1 2324 7340
1 9341 6102
1 6947 1581
2 4638
2 409
2 4993
2 7041
2 3117
2 9920
1 3978 1869
1 1934 9081
1 5556 985
2 4078
2 5165
2 9321
2 6683
1 4808 9704
1 2489 9722
2 1811
1 1941 2022
2 8334
2 6634
1 157 4633
2 2489
2 9087
2 2900
1 6924 6166
1 680 292
1 8409 5966
2 1786
1 5015 2427
1 3507 7782
1 9456 7869
2 7709
2 9860
1 4350 531
2 716
1 477 2655
2 1865
2 4857
1 4177 8813
1 4844 571
1 8741 6427
1 9743 6576
1 1547 8323
2 13
2 8754
1 5618 7961
1 4568 3184
2 9623
2 7955
2 5324
2 459
2 3627
2 2809
2 2511
1 7218 4961
2 1838
2 2694
2 1042
1 1918 2103
2 8617
1 1783 3092
1 7199 8712
1 3894 7812
2 763
1 5831 1653
1 3349 9655
1 2143 5963
2 8538
2 8735
1 6454 6887
1 2456 2180
2 237
1 2984 6317
2 2260
2 9577
2 67
2 1569
1 8676 135
1 6886 9548
1 9214 684
1 5701 5724
2 2193
1 9088 367
2 7405
2 1708
2 7280
2 8051
1 8453 1877
1 6366 5021
2 8789
2 1336
1 5838 5525
2 3447
2 8745
2 3651
1 1364 3698
1 5913 8711
1 6668 9957
2 2812
2 535
2 6184
1 7886 5462
1 2762 6476
2 6901
1 2956 1985
1 6740 7393
2 551
2 221
1 94 3166
1 1798 5694
2 6560
2 6027
1 8499 9616
2 8758
1 5993 6493
1 117 6173
1 7132 4332
1 3216 7888
1 5190 5638
2 7558
1 6955 7994
1 8803 4341
2 7393
1 1017 8406
1 3346 9668
2 8481
1 6066 4002
2 1352
2 1009
2 402
1 6588 569
2 3486
1 8745 8322
2 8966
2 3751
1 4428 3940
2 4416
2 4411
1 644 227
1 736 3530
2 2255
1 524 4523
1 4056 9370
2 8341
1 4763 2255
2 8847
2 9690
1 8662 5024
1 2619 4987
1 8568 8806
2 9193
1 8362 2704
1 3283 863
1 8135 4844
2 6397
1 2012 2091
2 1497
1 6457 634
1 1737 1142
1 8104 6010
2 4971
1 4283 2067
2 74
1 349 2516
2 3532
1 7369 2110
2 323
2 9403
2 8886
1 1364 6372
2 7973
1 6865 5758
2 1903
2 4895
1 9514 157
1 6361 5351
2 7605
1 6776 6729
1 9625 4698
2 2388
2 1615
1 9165 5013
1 7331 7972
2 5171
1 1917 9368
2 4363
1 896 1353
1 6481 4060
1 5797 3327
2 8048
1 8071 2533
2 5604
1 1860 9059
1 7294 7020
1 1459 4719
2 165
2 6194
2 9412
1 9080 6818
2 6244
2 7145
2 7172
2 433
1 2839 2881
1 9626 3643
1 9224 9358
1 7920 1669
1 9284 4539
2 1123
2 8919
1 2948 8940
2 9546
2 8998
1 2745 6123
2 7216
1 3514 3355
2 5414
2 9134
1 4613 1438
2 1469
2 7044
2 3622
2 5424
1 5125 1462
2 7661
2 1087
2 3065
2 4313
1 2889 5916
2 659
2 4587
1 7580 8878
2 9817
1 3523 2612
1 3889 518
1 4638 4033
1 6398 1665
1 3813 8777
1 1310 6409
1 6860 5010
2 3426
2 4420
2 1200
1 4232 5377
2 9670
2 1575
2 6399
1 4236 1457
2 2471
1 2076 6323
1 9238 3930
2 1403
1 7090 4499
1 3245 9679
2 870
2 138
1 4159 3750
1 1847 9109
2 920
2 3647
1 9458 4157
2 9410
2 2637
2 2852
1 2196 2442
1 8025 4771
1 5031 3843
2 6966
1 2804 8072
1 4815 9687
1 8252 7852
2 7394
1 5367 5218
2 2027
1 5904 9894
1 5970 8053
1 1317 8268
1 1642 9394
2 6449
1 7047 1150
2 1487
1 5733 8007
1 9888 647
2 4621
2 1719
2 8509
2 5727
1 4134 9456
2 4641
2 2076
1 3102 711
2 6749
2 497
2 9375
2 6930
2 4364
2 8693
1 1954 3286
1 4196 7249
1 5990 8430
2 961
1 3443 197
2 6203
1 5937 1273
2 9245
1 3262 7649
1 2912 3918
2 7512
1 1293 2943
2 8370
2 6060
1 1122 3787
2 1761
1 9697 110
1 6193 7120
1 6992 5042
2 2283
2 1275
1 8048 6114
1 8609 2257
1 7865 2626
1 2654 816
2 1914
1 3625 7178
2 5521
2 6693
1 6620 2534
2 4906
2 867
1 8403 6137
1 1819 2313
2 4573
2 850
2 2065
2 7872
1 5563 9211
1 3916 2277
1 3284 6329
2 2427
2 5854
1 7284 4228
2 5501
1 3181 1567
1 4645 1520
2 2537
2 9057
1 3915 1610
1 3756 4031
1 921 1671
2 6902
1 9349 3480
2 6929
1 5178 1636
2 5499
2 5241
1 3215 2554
1 1308 6488
2 4926
2 3471
2 9579
1 7445 1789
1 4897 4508
1 8142 6313
1 4031 7831
2 1134
2 8828
1 7261 3158
1 8039 7522
2 3031
2 5336
2 7300
1 4670 24
2 2811
2 2480
2 1620
2 2921
1 3731 9564
1 7497 5401
1 1592 1334
2 3871
1 9572 101
1 4430 5531
1 7963 8404
2 9931
1 4005 5025
1 9992 8547
1 433 3558
2 4316
1 3244 3964
2 6859
2 3263
2 2642
2 2101
1 7500 9105
2 1435
2 9426
1 1741 1531
1 8404 3312
2 9438
1 1159 3722
1 1722 4167
2 54
1 8895 3051
2 2024
2 7785
2 7002
2 5608
2 6453
2 3189
2 3673
1 2973 5068
2 5499
1 7644 8114
2 2793
2 4310
1 1188 7481
2 1304
1 9288 8503
1 480 5988
1 1128 987
1 3958 7321
2 2000
2 7057
2 7142
1 3680 3468
2 1336
1 7063 3950
1 891 5693
1 8266 6520
2 8698
2 894
1 4828 7858
2 7565
1 2571 9057
1 5709 4705
1 9103 8187
2 7814
2 789
2 9599
1 9915 3754
2 3025
2 7686
1 563 2014
2 674
2 1242
1 9152 1181
1 3476 1059
1 8632 3939
1 3649 1387
1 2058 9619
1 7189 7376
1 4490 4058
2 6080
1 3515 5126
1 5060 6480
1 7058 8702
1 8415 7941
1 2545 7717
1 7849 9851
2 4791
1 6736 5182
2 9166
2 85
2 5992
2 3965
1 4531 9408
2 7634
2 9226
2 9488
1 4855 7725
1 947 5266
2 6496
1 1099 278
2 2477
1 7770 1424
2 3633
1 9640 7214
2 8005
2 4686
1 2559 4793
1 8539 6872
2 7376
2 336
1 849 3043
2 9417
2 3999
2 9759
1 4042 3139
1 2844 1063
1 2764 2228
2 152
2 9056
2 9571
2 4437
2 4826
1 5255 3839
1 9651 1026
1 9949 4100
2 9554
1 3758 532
2 9344
1 8254 511
2 3417
1 6941 3876
2 4808
2 1427
1 6749 9630
1 2150 2487
2 605
2 1938
2 6287
2 6069
2 8539
1 595 5358
2 6538
2 9227
1 3957 1186
2 293
2 5469
1 8731 5822
2 5320
2 3204
2 317
2 3392
1 9716 6130
1 1060 4669
2 8974
2 9977
1 2677 1886
2 6712
2 2464
1 1280 9119
2 5273
2 3444
1 4245 8637
1 580 4565
1 8503 5765
1 7794 5697
2 1077
2 5144
2 8199
2 5674
1 3942 8543
2 8151
2 5827
1 3265 1014
1 9196 5983
1 819 5804
1 6742 6303
2 8575
1 760 8916
2 8903
2 3178
2 1678
1 7728 5204
2 8512
1 3611 8438
1 4786 5623
2 3164
2 7391
1 7025 757
2 8014
1 9917 466
1 5118 7102
2 3211
1 7594 9144
2 8006
1 7203 2525
2 2224
1 7062 5902
1 1571 7223
2 4482
1 8269 514
2 7074
2 7317
1 6092 1845
2 3570
2 9550
1 6709 8659
1 3372 4725
1 5985 1895
1 3287 7788
2 8469
2 6544
2 3599
1 7854 7568
2 4943
1 7904 7360
1 1904 7463
2 9098
