1439
5571
1439
7971
124
7529
6165
1691
2789
5571
6409
1439
5571
6409
5571
8687
4800
4601
6409
1439
1439
6409
6409
2789
8747
2789
4656
5571
2789
3304
1439
6409
8056
2789
197
2789
1439
2789
6409
6409
1866
1439
2789
1439
1439
2789
1285
5571
6409
2789
6409
5571
6409
6409
2789
6409
5571
1439
5571
2789
6409
2789
6409
1439
1439
5970
1439
2789
3072
6409
5571
1439
2789
2789
2789
5571
6409
6409
2789
5571
5918
5571
2789
6409
1439
2789
1439
6409
4369
6409
2789
6409
223
5571
3808
6409
2789
1439
2789
1439
2789
5571
1439
2604
5571
5571
2908
6766
1439
1439
2789
1439
5826
6409
2789
1140
6625
1439
2789
1181
8806
5571
4675
6409
6409
5571
1439
2789
5571
5571
1730
2789
5970
5571
6409
6409
2789
6409
2789
2789
2789
5571
4575
6444
6409
6409
2789
5571
2789
2789
2789
5571
6409
1439
2789
1439
6409
6409
625
2551
874
6409
6409
2789
7189
2789
5571
2789
5571
6409
5571
1439
2789
2789
8800
6409
5023
935
3840
2789
5571
6409
1439
6948
1439
2789
5571
5571
5571
5571
6409
2789
6409
5571
6409
5571
5571
1439
1439
5571
2945
2789
7816
1779
5571
2789
5120
1439
2789
6409
2789
2280
5571
2789
2789
5571
2789
1439
6409
2245
2789
6409
2789
2789
6409
6409
5571
5571
2789
2789
7700
6409
5571
6409
6409
2789
6409
6409
6409
5832
6409
5571
2789
1439
5571
2789
1439
1439
1439
6409
2789
1439
5571
2789
859
4007
5571
2789
6409
6409
5571
6409
5571
5571
6232
1439
5571
5571
1439
6409
1439
6409
2789
2789
