208289450
5052
596
752
46
262
969
1033
136
357
2008
204
62
446
326
88
276
1844
182
878
650
728
494
380
36
640
1353
1181
1726
446
8056436
1152
1820
20
542
1832
810
444
1897
1464
674
568
204
624
234
124
732
178
1640
924
1582
114
437
379509
198
312
584
846
1722
1332
766
1604
64
24
196
1379
1534
258
440
460
682
228
56
578
248
158
1624
170
236
396
240
1914
12
358
994
1166
260
682
586
362
952
846
1158
386
662
536
416
306
598
304
110
744
126
1726
652
1362
1852
1184
270
980
806
34
576
562
226
1092
184
1632
56
322
1200
362
452
156
502
622
208
624
452
62
638
32
1082
462
1048
108
1576
104
14
1230
726953
750
646
298
296
514
1080
12
792
1256
524
710
562
1244
1426
34
370
348
642
76
1562
1004
708
1550
288
1056
138
936
1346
816
4739631
1068
1410
866
1124
106
1736
209
582
412
694
1562
1070
260
468
98
1339
384
754
1510
174
120
938
212
1374
174
4247829
7136671
1494
476
952
724
1758
376
1450
38
22
1150
638
696
1286
252
1352
730
220
746
402
858
1026
1040
22
388
1934
1282
446
314
162
566
538
1322
1814
846
570
1313
230
44
1604
96
1052
824
734
234
492
1135
440
470
174
170
934
1230
204
114
690
1170
1444
156
1490
536
442
930
1102
452
30
1202
732
1310
1440
760
100
996
1082
692
724
12
1242
338
152
1524
346
590
802
910
1400
252
780
1250
342
1330
220
428
278
1166
70
300
300
344
1170
210
240
364
246
1748
798
120
680
450
304
24
440
708
1032
396
450
232
448
1324
658
338
936
1052
358
558
1144
34
504
1152
824
1146
978
1058
272
896
374
864
12
396
1216
28
924
620
52
1418
1280
844
1102
118
184
82
6
1456
1164
822
252
180
650
214
520
1492
94
798
894
320
974
540
622
270
1210
344
270
1638
62
1094
38
268
960
426
658
236
322
1246
1770
62
326
446
58
776
1506
1478
72
36
1738
1240
340
66
1096
840
1180
964
302
228
594
270
1694
426
192
408
552
46
1696
236
704
550
70
220
1496
868
848
276
1306
1500
1422
476
916
1510
1400
1166
128
466
1614
1044
904
324
102
718
522
1441
522
706
54
640
922
1194
1326
1522
118
780
226
288
1276
1394
378
184
256
806
712
1514
1576
58
466
1044
588
174
128
1216
742
956
862
128
342
604
1162
906
62
114
850
396
808
562
160
428
52
200
484
1702
622
1540
590
508
160
240
194
1026
316
1310
246
804
464
516
976
364
320
1212
1518
1222
800
182
898
1106
800
518
178
1352
930
366
1580
542
378
568
242
152
736
1082
214
782
1152
492
890
538
748
402
990
526
1690
