1997
899 901
766 768
3575 3576
1781 1785
802 3120
1072 1075
907 908
1400 2402
2824 2825
893 3148
3627 3629
535 3388
2255 2468
109 3949
252 3819
1806 1911
422 3529
1387 1391
298 3780
1390 1405
1364 2673
1809 1813
2366 2369
266 3679
594 3447
1561 1574
2043 2164
1314 1318
1038 3003
71 3963
1467 1468
1395 1396
102 3953
697 3347
3044 3046
55 3968
44 3897
992 3061
609 610
385 3570
386 3706
1913 1915
35 3979
625 628
1760 1763
911 3057
1294 1315
727 3332
395 3704
1225 2764
1131 2860
815 3115
2131 2134
251 3697
1595 1597
1056 2947
670 3372
3040 3041
1224 2766
2183 2186
3012 3013
50 3971
590 3333
342 3737
1 3994
459 3623
1002 2989
1803 1804
2304 2306
506 3549
2617 2618
1853 1854
1514 1576
92 3957
1964 1965
1725 1726
1155 2886
1008 1010
2831 2834
2543 2545
181 3745
1775 1805
572 3472
262 3812
321 3632
1083 1087
214 3846
1675 1695
2931 2932
571 3356
2916 2917
1183 2835
1238 1239
112 3946
473 3598
1566 1573
428 3522
478 3452
81 3856
1583 1584
778 779
895 897
3144 3145
402 3681
569 3357
2674 2675
1293 2740
1610 1613
2367 2368
1321 1327
1272 2582
1786 1981
963 3006
2323 2324
582 3343
3026 3034
2903 2912
2100 2102
1807 1808
650 3274
147 3919
1601 2521
182 3741
2668 2672
83 3853
388 3568
1074 2964
1086 2946
1729 1730
368 3595
353 3719
3840 3848
1931 1960
876 3074
1505 1508
2169 2172
1204 1206
591 3455
1134 1139
646 3276
1779 1982
1563 1564
242 3825
1266 2589
26 3983
85 3849
1497 1521
1816 1818
771 774
1628 1639
1316 2713
2641 2642
1292 1297
1905 1906
1883 1885
2718 2720
362 3603
97 3955
1393 1399
790 3288
2689 2691
225 3838
1975 2030
3273 3277
366 3599
1769 1771
258 3815
1159 2872
1426 1429
1884 1891
279 3795
1990 1996
933 3130
728 3327
1413 2391
764 765
854 3174
2975 2978
1434 1437
23 3984
3185 3189
2390 2394
940 3015
3475 3479
1420 1421
618 3431
1490 2606
1034 1035
62 3874
216 3845
593 3450
6 3930
565 3362
709 715
570 3473
796 3128
2769 2771
954 3103
278 3672
111 3947
2181 2184
2541 2546
392 3565
1198 2805
3561 3562
344 3729
1350 2451
1441 2667
2532 2534
2650 2654
2275 2465
1709 1712
1923 1926
1971 1972
801 3279
74 3865
2409 2419
322 3747
2320 2322
967 968
1029 1033
2513 2519
1076 2930
153 3774
1619 1624
1873 1893
2636 2638
1052 2991
1881 1894
776 3150
174 3898
206 3732
2714 2717
2897 2915
454 3485
376 381
3071 3072
1550 2529
1110 1120
1151 1157
1748 1750
997 998
171 3757
1525 1526
2201 2203
2072 2078
2206 2212
4 3934
583 3335
271 3801
1735 1753
3429 3432
1091 2937
391 3566
2330 2346
672 3371
91 3832
1140 1141
3083 3087
2036 2204
1412 1425
114 3945
808 811
333 3620
1533 1534
546 3376
1380 2434
18 3921
1752 1986
1578 1579
2197 2198
2063 2066
19 3986
781 3303
369 3593
691 3217
2471 2472
3688 3695
227 3721
1545 2548
2147 2178
1836 1840
3436 3441
742 3322
1262 2775
1108 1127
447 3644
195 3876
29 3982
274 3673
61 3875
1522 2591
201 3733
873 3164
1222 2800
2463 2466
2731 2733
903 905
1024 2959
1889 1890
953 3112
2071 2077
2316 2319
1357 2688
318 3752
520 3401
2124 2127
105 3951
1304 2489
636 637
1974 2032
937 3016
127 3937
31 3904
780 3143
77 3862
961 962
1422 1427
461 3621
2048 2053
1007 3038
2308 2309
519 3539
1887 1892
996 999
676 3360
238 3714
979 3094
70 3869
338 3616
57 3883
484 3433
2040 2195
69 3870
757 758
48 3972
1229 1230
2318 2329
165 3901
1098 1109
1070 2940
777 3147
2869 2870
698 3206
767 3152
1677 2507
1084 1085
2621 2622
1168 1169
438 439
773 3305
504 3414
180 3890
795 798
359 3713
2217 2221
896 910
3204 3209
3047 3048
2331 2349
1683 1685
3121 3123
1082 1088
615 3300
809 3211
1305 1306
3364 3368
1267 2767
567 3476
588 3459
188 3882
3426 3427
1040 3000
679 680
2358 2360
3243 3246
2189 2209
141 3925
2966 2973
1536 1553
654 3382
1263 2770
2155 2156
58 3877
68 3871
2533 2547
824 3100
215 3727
2284 2424
2944 2945
1788 1789
1328 1332
2137 2141
3319 3320
1932 1943
782 3302
3078 3079
334 3743
1458 1461
2130 2142
244 3822
1302 2490
1042 2997
1446 2379
319 3751
40 3976
989 3075
178 3893
424 3654
330 3622
297 3781
3639 3641
866 867
2491 2492
2129 2138
1241 2745
389 3705
1796 1969
981 982
1346 1347
106 3808
16 3988
45 3973
1320 2487
2515 2517
2979 2983
1073 2985
2882 2883
847 848
412 3667
2744 2746
416 417
704 705
2683 2684
2289 2290
2111 2113
667 668
1401 1402
137 3932
717 718
860 3168
510 3402
759 3154
3286 3287
2235 2239
1500 1511
2726 2727
87 3960
861 3167
3089 3090
397 3701
1766 1767
2776 2789
418 3534
641 643
281 3790
2361 2401
1093 2926
190 3881
288 289
300 3647
1535 2579
934 3025
2525 2526
3138 3139
1713 1714
1132 2857
2249 2250
1688 1692
2564 2566
315 3764
1968 1970
1924 1925
407 3675
237 3715
36 3902
38 3978
452 3488
1666 1668
3559 3563
2567 2568
821 822
661 3378
2609 2614
25 3914
869 871
969 976
3195 3197
2563 2565
1049 2949
1329 1340
1006 3039
1872 1874
921 922
707 3193
98 3954
2021 2022
59 3967
411 3547
104 3952
2283 2432
1216 1220
2302 2418
1551 2528
75 3962
2778 2782
1125 1128
1348 2474
2439 2440
1512 1577
2088 2091
531 3530
853 3175
2305 2417
364 3601
983 2998
1178 2844
525 526
2101 2115
328 3744
2090 2095
1123 1124
541 3383
2651 2653
360 3712
1515 1572
1850 1851
743 745
1580 1581
3262 3263
311 3767
573 3471
466 3610
669 3241
1030 1032
2561 2570
136 3935
3232 3233
492 3577
56 3885
384 3572
2081 2146
1443 2389
1876 1882
1096 2925
1378 1430
702 706
501 3556
377 3583
589 3457
512 513
312 3637
692 3213
1435 1436
284 3666
839 843
1629 1720
975 3004
2038 2202
1799 1920
3156 3159
701 3199
309 3768
3008 3009
825 3194
1296 1312
2410 2414
2001 2228
639 3387
1353 1354
3221 3224
2052 2054
509 3403
1382 2425
125 3940
1115 1116
2413 2415
1738 1739
886 887
599 3316
1700 2227
1323 2696
2222 2223
833 835
203 3860
1423 1424
1143 1146
1036 1039
2364 2376
1728 1995
1181 2840
677 3240
47 3895
1679 2506
3689 3690
712 3187
793 3284
240 3710
263 3683
3328 3330
157 3770
617 3296
2553 2577
1540 1552
464 467
3542 3543
1308 1309
950 956
2191 2199
1447 2661
326 3631
1261 2777
2229 2233
1537 1538
1811 1812
7 3928
600 603
431 3650
273 275
52 3969
2243 2246
12 3924
1991 1993
1642 1644
1345 2476
538 3511
230 3836
1469 1481
2276 2453
1567 1568
2516 2520
1063 2943
700 3346
1180 1185
1208 1209
268 3807
1237 1240
2542 2544
2190 2192
1524 1527
257 3816
2298 2301
1227 1228
264 3682
405 3680
2282 2438
2885 2887
2793 2795
379 3579
2384 2385
89 3833
1962 1963
3065 3066
3670 3671
49 3891
726 3334
448 455
2315 2321
346 3728
345 3609
660 3379
2194 2196
1878 1879
2586 2587
2067 2182
336 3618
208 212
1021 1025
2780 2784
3230 3260
414 3545
2792 2799
277 3796
1984 1985
1135 1138
749 756
93 3829
209 3731
1251 1252
1071 2938
1899 1928
3172 3173
1916 1918
1745 1746
1187 2837
3405 3406
2560 2571
2435 2436
1495 2271
3253 3254
1776 1801
1077 2927
852 3086
689 3350
337 3739
160 3907
516 3540
291 3656
2814 2818
791 3134
154 3773
507 3412
568 3361
649 3275
770 3310
3449 3451
944 945
161 3769
1268 2765
72 3868
370 371
155 3912
1605 1606
576 3351
906 3069
1530 1554
176 3749
2064 2065
3422 3424
2165 2166
804 3227
199 3735
138 3931
118 3803
269 3677
166 3763
1188 2821
1145 2893
598 3317
175 3894
1130 2880
122 3800
363 3602
2868 2873
1471 2625
420 3531
859 3170
51 3970
2678 2680
1790 1791
3468 3474
259 3687
605 3314
2150 2157
645 3278
403 3555
295 3783
1543 1544
1704 1930
293 3653
1611 1612
1377 1439
552 3489
46 3896
213 3730
2044 2080
1489 2615
30 3906
193 3878
3306 3308
597 3446
1112 2896
2357 2404
493 3574
1265 2664
1009 3037
3053 3055
1708 1710
3264 3265
3020 3021
226 228
622 3421
1271 2741
2428 2430
1653 1654
2296 2297
3252 3261
3301 3304
1637 1643
548 3504
3439 3440
1215 2806
1090 2939
1967 2214
64 3964
1827 1835
2024 2025
1519 1520
2898 2901
1463 2295
210 211
2310 2312
3231 3234
1951 1952
3202 3203
3228 3229
5 3933
549 3500
797 3125
314 3634
1119 2890
2207 2211
2512 2531
1223 2768
553 555
2610 2613
2631 2652
1273 1274
855 3171
1466 2628
3527 3528
563 3365
3537 3538
1411 2399
3257 3258
2074 2075
2092 2093
3 3993
611 612
919 3035
1278 2581
786 3298
469 3453
1194 1195
1385 2423
304 3777
550 554
248 3821
2083 2159
1283 2508
1147 1148
1371 1373
2292 2422
750 755
2187 2215
1636 1703
1834 1843
2149 2151
1976 1988
3366 3367
2737 2738
73 3866
1310 1311
775 3151
592 3454
123 3799
1067 2941
577 580
735 736
1657 1658
2920 2921
3290 3292
2928 2935
2488 2495
805 3118
1336 1337
1631 1632
2060 2070
339 3615
2646 2660
524 3535
1999 2000
929 930
294 3652
146 3776
1089 2942
2412 2416
1560 2527
828 3093
1706 1718
2354 2356
1176 2846
2950 2957
1150 2889
826 827
2168 2180
1845 1849
1780 1783
1516 1571
430 3651
1575 1594
2473 2478
2934 2936
3630 3636
2984 2987
578 579
2177 2179
2327 2353
1137 2902
1590 1591
1015 3033
630 3395
748 3162
1445 2387
2008 2009
1257 1258
2692 2698
1058 1059
198 3736
1081 2953
820 823
2956 2963
693 3212
738 741
884 3161
1900 1927
3477 3478
2458 2464
245 246
223 3839
1388 1409
10 3926
2459 2469
421 3658
1242 2742
2057 2058
2230 2231
1428 1440
1604 1608
1298 1303
24 3915
3824 3826
595 3331
2365 2370
2820 2832
270 3674
2904 2905
657 659
444 3497
78 3861
1871 1875
2014 2047
960 3010
837 845
1949 1950
1862 1864
621 3428
1749 1751
1398 1403
2761 2763
1722 1724
1646 1671
1133 2851
1830 1832
515 3544
1117 2891
43 3974
374 3587
1389 1407
3514 3515
986 3076
607 3313
1647 1670
401 3684
1948 1953
1707 1898
1680 2505
817 3107
145 3920
1793 1980
978 3001
902 904
2380 2388
200 3734
3467 3469
1018 1020
22 3916
1998 2002
2110 2118
1200 2804
2643 2644
632 3291
2841 2842
2073 2076
627 3409
349 3723
1379 2437
3122 3124
2611 2612
965 966
299 3648
1557 1559
685 686
1243 2791
472 3606
1270 2584
747 3163
794 3283
408 3551
1655 1656
1408 2400
690 3349
1111 2924
633 638
1501 1510
1203 2797
2607 2608
2234 2238
803 3119
1383 1410
844 3177
2852 2855
387 3569
557 3487
2442 2443
335 3742
710 3191
711 3188
1004 3058
920 3135
1837 1841
305 307
1509 2245
1558 1562
2752 2753
327 3626
1565 1569
1325 1326
1114 2894
1539 2555
1945 1955
1820 1903
396 3560
1474 1475
1464 2629
150 3918
1418 1419
1372 1375
120 3802
1997 2012
1105 2908
1630 1634
3858 3859
320 3750
222 224
254 3696
1341 2695
90 3958
1275 1291
1987 1992
2273 2277
1754 1983
1016 1023
463 3617
130 3792
1907 1910
2634 2639
3784 3785
559 3373
3028 3032
3499 3501
2509 2536
2961 2962
1344 2479
2089 2097
662 3377
1450 2377
2355 2405
863 864
1596 2524
1541 2551
1349 2693
2710 2711
236 3718
540 3510
1470 1478
2786 2788
3084 3085
132 3791
1961 1966
1831 1844
2595 2596
1142 2850
1817 1819
914 3141
189 3740
3095 3096
1828 1833
739 3326
683 3358
2572 2573
2015 2018
2965 2982
436 3503
1821 1824
626 3410
350 352
2728 2729
1384 1386
2635 2637
152 3913
608 3435
909 3063
476 3597
426 3524
139 3786
3236 3237
1100 2914
450 3491
792 3133
460 3465
2248 2470
734 3169
2268 2269
1689 1690
54 3886
761 769
491 499
383 3573
2225 2226
2598 2600
1068 1069
495 3567
365 3600
2559 2578
375 3586
2208 2210
1359 1361
2039 2045
1097 1099
586 3464
317 3760
2597 2599
1777 1778
951 3113
1626 1727
1374 2444
1457 2655
3755 3756
2343 2344
653 3266
1492 2285
3294 3295
529 3393
394 3564
1641 1649
183 3889
868 3082
207 3850
406 3676
613 3311
942 943
872 3081
523 3536
158 3910
1060 1061
2119 2144
2446 2452
995 1000
100 3813
656 665
1196 2812
1715 1716
1162 2849
343 3611
2128 2139
2645 2647
3844 3847
2062 2216
733 3178
915 3043
543 3508
511 514
1221 2803
1676 2510
2558 2574
787 3140
2602 2603
2133 2135
2475 2477
1161 1164
489 3580
723 3341
2359 2372
1366 1370
131 3936
799 3282
1555 1556
1615 1616
2815 2817
1614 1617
1248 1249
204 3855
27 3911
2839 2856
3110 3111
629 3396
1449 1456
1717 1761
2084 2117
560 3370
2094 2096
556 3375
456 3628
527 3397
399 3699
2104 2112
974 3005
1051 2948
2148 2154
1043 1044
935 3129
435 3516
2055 2056
2462 2467
819 3198
834 3179
1442 2666
562 3484
522 3399
3285 3289
2460 2461
545 3507
3067 3068
521 3400
1300 2493
1260 2779
602 3444
219 3726
644 3280
163 3905
1548 1549
60 3966
96 3956
2340 2342
2068 2069
481 3442
1136 2906
1546 1547
620 3430
1055 1057
1922 1959
1011 1012
544 3380
1448 2657
2307 2411
1794 1979
1191 1193
1342 2694
194 3738
1362 2449
587 3462
2347 2348
832 836
1019 3031
179 3892
1103 2911
65 3873
1488 2288
2163 2175
1236 2747
95 3823
468 3456
931 3132
3268 3269
2522 2530
1487 2291
1253 1254
2011 2224
2332 2338
351 3720
474 475
1829 1857
890 3153
2132 2136
1648 1650
3014 3017
2874 2878
2020 2023
1392 2403
292 3655
1462 2326
536 3520
1358 1360
585 3470
451 3490
41 3975
651 3271
635 3390
699 3201
1826 1866
722 3184
2853 2854
754 3315
140 3929
1295 1313
2827 2829
2381 2386
445 3496
1037 3029
751 752
2590 2663
256 3693
1627 1721
1154 2888
2838 2858
323 324
2575 2576
865 870
1365 2670
2382 2383
28 3908
2279 2280
1218 1219
2734 2735
2017 2019
234 3830
1001 3059
850 3176
356 3605
658 3381
3248 3250
2630 2633
2311 2407
231 3835
3482 3483
202 3863
508 3548
640 642
2952 2954
287 3661
1479 1480
3049 3056
1503 1504
1095 2918
2685 2699
2049 2051
2823 2830
716 3186
740 3325
1635 1705
2712 2722
816 3114
879 888
1498 2265
486 3582
3108 3109
1355 2450
3336 3340
1431 1433
247 3702
1810 1896
1031 3030
361 3709
2114 2116
280 3793
313 3635
1598 1603
1938 1941
3247 3251
308 3772
941 946
357 3604
2059 2079
20 3985
1742 1744
1814 1815
1865 1895
1376 2441
788 789
162 3766
1027 1028
1532 2585
1217 2774
2456 2457
1618 1620
488 3423
1517 1570
2649 2656
558 3374
413 3546
169 3759
37 3900
410 3669
11 3991
423 3657
2286 2287
980 3080
124 3798
971 972
99 3817
2352 2406
652 3267
1202 2798
84 3851
168 3761
1078 1079
900 3070
1782 1784
1664 1667
101 3811
2681 2700
437 440
1356 2690
1711 1768
970 973
217 3843
681 3222
1740 1743
674 3369
923 925
443 3498
2865 2866
2535 2537
378 3581
1491 2594
2335 2336
390 393
2704 2706
1367 1369
912 3054
249 3698
1877 1880
1453 1455
1158 2877
471 3608
1363 2682
117 3943
15 3989
2042 2167
433 3646
885 3160
1848 1856
2185 2188
2105 2107
1908 1909
532 3525
1121 1126
619 3293
86 3834
812 3117
2263 2267
1756 1774
1678 1686
3663 3664
2027 2028
191 3880
3097 3099
1122 2884
1338 1339
1299 1301
2426 2431
148 149
856 862
496 3558
3270 3272
232 3831
1506 1507
1287 2496
1064 1066
159 3909
1415 1416
2743 2751
957 3098
1026 1047
663 664
1244 1245
1954 1956
1129 2907
1599 2523
916 3137
2152 2153
1102 1107
2218 2219
253 3818
1732 1757
2125 2126
8 3927
1279 1280
449 453
725 3337
1013 2960
80 3961
753 3318
425 3526
1235 2750
296 3649
2 3939
3235 3259
2122 2143
483 3592
1444 2662
623 3420
2592 2623
1662 1673
528 3532
1860 1861
2669 2671
1277 1288
1733 1994
1869 1870
1432 1438
2262 2270
3216 3225
1935 1936
1330 1334
1322 1324
1264 2665
3050 3051
818 3105
3460 3461
1665 1669
1156 2881
2757 2758
841 842
891 898
1977 1978
116 3944
880 881
282 3668
1798 1921
1825 1902
838 840
624 3411
1226 2762
126 3938
2538 2540
267 3678
76 3864
1214 2811
678 3359
851 3088
2794 2796
2041 2193
918 3136
121 3941
874 3077
1723 1731
924 928
347 3725
682 3220
331 332
1499 1513
2016 2046
1232 2756
2781 2783
1197 2813
744 3165
655 3249
66 67
719 721
647 648
892 3149
303 3642
846 3092
1080 2919
3384 3385
737 3166
1694 1697
2026 2037
2247 2482
2909 2910
917 3042
1335 2485
290 3660
1736 1737
2123 2140
2363 2371
494 3571
255 3694
1351 1352
2676 2679
2724 2725
720 3342
1189 2833
113 3805
1465 1484
143 3778
205 3852
810 3200
1460 2375
2061 2220
3659 3662
566 3480
170 3758
1171 1172
372 3590
1472 1476
3297 3299
830 3190
306 3640
3126 3127
1186 2862
2373 2374
2447 2448
1092 1094
497 3557
380 3578
470 477
889 3155
382 3707
261 3814
1523 1528
1859 1863
671 673
2705 2708
2658 2659
675 3363
1269 2754
1207 1212
2317 2350
2755 2759
631 3394
3505 3513
192 3879
1285 1286
355 3607
2875 2876
415 3541
432 3518
409 3550
33 3981
1651 2511
959 3011
1800 1802
1179 2843
1250 2732
3205 3208
2580 2583
348 3724
730 732
272 276
938 939
1684 1693
3019 3022
984 985
3492 3493
831 3183
2004 2007
1901 1919
1182 2836
243 3703
1276 1289
341 3613
2013 2050
1149 2892
2160 2176
1687 1691
2031 2034
172 3754
144 3923
358 3716
2593 2601
800 3281
3238 3256
301 3779
3443 3448
3323 3324
286 3665
947 3116
3352 3353
2264 2266
1609 1621
1659 1661
2715 2736
1184 2822
505 3553
2240 2484
1246 2739
1645 1699
1046 1050
849 3091
990 2994
103 3810
1795 1797
465 3612
1048 2958
2863 2879
1787 1792
1734 1755
14 3922
2486 2500
400 3685
1452 1454
419 3533
1317 2697
1867 1868
186 3888
1937 1944
932 3131
993 2992
3207 3210
806 3215
994 2990
2807 2808
490 3418
82 3854
1493 1496
875 878
2899 2900
3691 3692
1404 1406
1062 2988
1933 1942
1934 1957
2082 2145
250 3820
404 3552
537 3512
533 3521
1368 2445
1394 1397
2106 2158
606 3437
220 3841
221 3722
1758 1773
184 185
142 3782
1160 1165
2970 2971
2257 2274
2967 2968
482 3594
135 3789
731 3180
2701 2702
1284 2499
3398 3404
156 3771
285 3787
2171 2173
1281 2549
3245 3255
2236 2237
151 3775
1381 2433
310 3638
1842 1858
1290 2494
1607 2244
1600 1602
1414 1417
991 3064
2503 2504
2334 2337
2552 2554
2454 2455
3416 3419
1719 1759
1846 1847
3157 3158
1622 2242
574 3354
688 3218
1701 1702
340 3614
1582 1593
1502 2256
2562 2569
1190 1192
79 3857
987 2996
2120 2121
1681 1682
1065 2986
2604 2605
2258 2261
457 3466
21 3917
564 3481
1053 1054
241 3828
434 3517
1939 1940
32 3903
1672 1696
1741 1747
2161 2162
233 235
1587 1588
502 3417
485 3584
2707 2709
1494 2281
1014 3036
39 3977
446 3495
3060 3062
2272 2278
1170 2867
1483 1486
2716 2719
760 3312
2333 2345
1175 2864
1205 1213
133 134
2772 2773
936 3023
926 927
108 3950
616 3434
3585 3591
17 3987
713 714
695 696
218 3842
3588 3589
3338 3339
2801 2802
2252 2253
772 3309
530 3391
1451 1459
354 3717
2624 2640
1989 2029
1343 2483
167 3762
1163 2848
1531 2588
1003 2977
373 3708
88 3959
2003 2010
1625 1640
1518 1529
857 858
2703 2730
684 3219
427 3523
2086 2087
1173 1174
3007 3027
1660 1674
762 763
2859 2861
3104 3106
2259 2260
1633 1638
2085 2099
977 3002
1585 1592
1231 2760
2480 2481
1904 1914
785 3142
2170 2174
1166 2871
2108 2109
948 949
1586 1589
13 3990
9 3992
3101 3102
596 3329
601 3445
3223 3226
1113 1118
107 3806
197 3867
1822 1823
829 3192
229 3837
329 3624
746 3321
1973 2033
1698 2502
1772 1897
882 883
3407 3408
2809 2810
239 3711
1762 1764
813 814
325 3746
429 3519
441 3645
551 3494
1041 2999
498 500
2232 2501
2951 2955
2005 2006
283 3788
196 3872
534 3389
187 3884
3018 3024
988 2995
2362 2397
110 3948
1199 1201
2200 2205
958 964
503 3554
487 3425
2035 2213
1852 1855
2098 2103
2787 2790
1247 2785
94 3827
458 3625
2922 2923
1652 1663
783 784
1152 1153
517 518
63 3965
1482 2616
1485 2294
894 3146
1838 1839
2339 2341
1210 1211
952 955
128 3797
2969 2981
1282 2539
398 3700
807 3214
1177 2845
2427 2429
177 3748
561 3486
115 3804
2251 2254
1331 1333
1017 1022
1947 1958
2299 2300
316 3633
1473 2620
42 3899
2632 2648
547 3506
2514 2518
687 3355
913 3052
2313 2351
2303 2314
1542 2550
542 3509
703 3196
1765 1770
724 3182
1623 2241
666 3242
1144 2895
265 3809
2972 2980
1104 1106
1307 1319
2826 2828
2721 2723
2325 2328
877 3073
1929 1946
3413 3415
129 3794
3239 3244
2395 2398
302 3643
119 3942
53 3887
1912 1917
2408 2421
1045 2993
2686 2687
581 3344
173 3753
2816 2819
1167 2847
1101 2913
694 3348
164 3765
2556 2557
2929 2933
2497 2498
442 3502
539 3386
1255 1256
2974 2976
260 3686
462 3619
729 3181
614 3307
634 3392
604 3438
1886 1888
708 3345
2293 2420
479 480
2392 2393
1477 2619
1233 1234
1259 2677
367 3596
575 584
34 3980
3458 3463
2378 2396
2748 2749
2626 2627
1005 3045
