1999
574 3394
2461 2462
456 3491
3342 3347
1934 1936
1342 2675
1243 2844
1360 1363
123 3931
3237 3238
2683 2684
703 3293
765 3209
675 681
1917 1927
815 3169
246 3688
1324 2754
2330 2335
1678 2419
3807 3808
1993 1999
879 890
472 477
510 3436
1724 1731
3079 3080
1393 1394
3269 3270
1293 1296
2484 2500
1333 1338
1888 2148
2294 2296
247 3686
1834 1835
257 3806
2260 2262
1896 1902
2694 2695
3355 3356
2136 2156
218 3701
1580 1581
2243 2245
19 3909
3194 3196
1116 2913
2367 2372
1552 2565
505 3441
2703 2713
32 3983
525 3510
2079 2080
1563 1565
1630 1646
1239 1240
1196 2855
994 3039
2185 2187
2004 2312
822 823
2020 2027
1579 1600
863 3183
351 3700
1295 1297
993 3041
809 812
1119 2911
1403 2670
3048 3049
261 3800
2025 2026
1587 1593
818 819
1549 2594
270 3653
807 808
798 3227
992 3042
1839 1841
1981 2000
1327 2747
1070 2945
3303 3305
2700 2702
1096 2923
1468 1492
602 3376
632 3341
1882 2150
87 3952
2002 2007
210 3848
2680 2690
3308 3317
868 869
1340 1341
2706 2707
1901 1918
360 3696
967 3060
126 128
2403 2411
1833 1836
36 3894
2324 2325
1050 2963
2425 2427
1087 1089
1910 1914
888 3122
1059 2994
1652 2341
841 866
701 3295
2395 2409
1718 1770
21 3989
1752 1885
285 3775
2306 2310
1069 2970
315 3738
2731 2732
274 3651
1959 1960
236 3822
2126 2137
2140 2141
99 3943
2503 2505
3538 3539
2451 2453
2953 2956
3540 3547
542 3482
2133 2134
275 279
1460 1464
1536 1537
672 3312
33 3898
1388 1391
1145 2888
2051 2054
105 3939
2793 2811
2632 2633
3613 3614
2084 2090
1687 1690
785 3244
369 3682
401 3528
1854 1855
290 3644
1427 1431
717 722
381 3670
2359 2362
92 3948
232 3826
2071 2074
2348 2350
1123 2907
2790 2797
1879 1880
635 3363
1049 1055
540 3495
653 655
53 3968
598 3418
1980 1982
2289 2295
1284 1287
1624 2593
3735 3736
3149 3151
899 903
749 750
971 3057
2327 2337
1470 2698
15 3916
600 3378
911 3112
513 3518
88 3852
1117 1122
1406 1409
1925 1926
2656 2657
1417 1432
1179 2868
250 3809
1165 1168
425 3640
1859 1860
1379 1397
579 3392
358 3699
788 3233
1513 2599
1941 1951
882 883
1684 1685
2139 2142
1873 1876
2388 2392
1572 2553
421 422
1183 2861
918 919
2654 2658
239 3692
378 3676
2344 2347
34 3897
498 3449
375 3553
799 3226
543 3480
1989 2043
1416 1433
676 3323
1686 1691
1298 1299
2627 2636
287 3774
2929 2930
2351 2353
2903 2904
2048 2055
1847 1863
1799 2216
1032 2991
307 3740
3618 3620
3667 3669
1994 1998
1734 1891
1218 2845
293 3763
2515 2516
1675 2422
1467 2701
746 3239
583 3390
170 3745
2814 2815
1396 1401
909 3114
982 3033
2931 2933
185 3723
1332 2724
2715 2717
610 3370
1456 2649
1086 2928
923 3108
1128 2908
564 3402
1676 1919
3241 3242
873 3133
1661 2547
1002 1012
180 3877
2996 2999
2769 2772
60 3884
1631 1632
1654 1655
2720 2721
3756 3765
800 805
2846 2848
1899 1900
17 3911
2323 2328
2305 2309
343 3580
1823 1824
1774 1775
1278 1283
1301 1302
2442 2443
607 3388
2254 2255
774 3204
1178 1181
1766 1773
2336 2338
3557 3558
1187 2860
419 3516
1845 1846
1503 1504
840 3197
1042 3005
3139 3144
1548 2598
2130 2159
298 3642
2737 2740
1616 2386
171 3885
3610 3611
933 3101
1141 2897
62 3963
1176 2869
113 3936
1521 1525
1712 1713
198 3717
1384 2705
1626 2383
724 3274
2279 2284
94 3947
3 3997
258 3804
385 386
2118 2128
998 3022
1577 1601
3221 3222
391 392
344 3579
825 3214
1971 2093
1702 2357
324 327
2261 2263
696 3287
165 3892
2244 2246
642 3359
1330 2745
1449 2661
692 3307
2047 2056
1135 2896
3259 3260
1767 1771
176 3732
2058 2061
1494 2644
221 223
1212 1214
1335 1343
1544 2600
1595 2520
2039 2041
420 423
3606 3607
1309 2786
1728 1729
2257 2281
2813 2830
581 3442
1233 1274
2031 2106
990 3028
2625 2651
3473 3474
2857 2858
2779 2781
1672 2426
1582 1583
164 3752
715 3283
1292 1307
1602 2510
73 3869
2452 2499
1279 1282
3574 3575
1234 1270
3322 3324
314 316
1809 1811
3333 3336
2619 2623
2638 2640
195 3863
855 856
663 3316
69 3876
801 803
114 3935
650 3337
865 3180
1458 2648
3073 3078
1677 1723
673 3310
661 3332
1105 2934
227 3698
2566 2580
2822 2828
563 3405
390 3663
529 3430
2021 2022
63 3962
1719 1769
1044 2997
278 3779
1373 1374
1725 1726
1052 2957
804 3218
111 3836
28 3985
1575 1610
1674 1922
2529 2530
1669 1924
2568 2571
3010 3011
1821 1830
2924 2927
1272 1273
259 3803
335 3591
1024 3016
330 3726
2870 2871
300 3638
1351 2735
446 3496
1704 1707
3105 3107
389 3535
555 3419
411 3648
2023 2300
1789 1790
1321 2767
2481 2485
84 3955
2653 2655
1791 2247
153 3902
1517 2596
611 3367
1177 2874
465 3592
985 987
1961 1963
1084 2935
2165 2168
622 623
511 3520
2852 2853
2464 2467
695 3290
1657 1658
859 3189
1352 1353
151 3907
1207 1208
2581 2584
44 3975
1003 1007
141 3799
3311 3313
2756 2764
228 3830
311 3603
328 332
240 3815
2405 2407
2029 2108
159 3772
667 3314
1016 3009
191 3868
2256 2287
216 3703
323 3728
362 3562
207 3708
895 3135
359 3697
2067 2068
1920 1921
1557 1559
458 459
2212 2217
644 3334
98 3944
1695 1706
2626 2629
1385 1387
366 3684
30 3901
980 3050
1020 3006
352 3573
2360 2361
519 3512
1808 1810
948 949
445 3612
1098 2922
2401 2402
1520 1522
1502 1538
3250 3256
2980 2982
959 961
1311 1312
585 587
388 3536
268 3788
1805 2203
551 557
539 3423
1609 1611
657 3328
608 3385
2454 2494
900 905
136 3924
826 827
2630 2634
3181 3184
441 3500
633 3368
461 3595
1853 2155
1928 2111
2146 2147
229 234
189 3871
1478 2687
671 3326
116 3832
1224 1236
1650 1651
346 3712
2121 2122
1072 1074
320 3597
687 688
405 3654
2641 2643
1952 1953
1322 2782
81 3854
548 3470
2166 2167
296 3643
1943 1945
2486 2497
3767 3769
190 3720
112 3833
829 3212
786 3243
775 3192
1762 1763
1132 2898
1710 1714
135 3812
2363 2373
1263 1265
2620 2621
1364 1365
2710 2711
1715 1717
2502 2532
852 3195
2551 2552
1138 1143
530 3428
1225 1226
2449 2450
238 3693
1995 1997
208 3849
886 887
353 3571
2447 2468
235 3695
1130 2900
1612 2390
719 3276
881 889
2678 2681
1261 1262
23 3905
451 453
1216 1217
2174 2175
1487 1488
339 3583
1490 2672
305 3627
1407 1408
1380 2709
1633 1635
2825 2826
988 3045
1599 2511
393 3659
178 3730
1514 2597
830 3165
2787 2805
757 3231
2977 2986
908 3116
3086 3087
770 771
380 3672
450 3492
999 3035
248 3685
188 3872
1843 1864
2005 2013
2311 2314
2282 2285
1986 1996
606 3389
231 3827
878 3127
242 3689
3344 3345
341 3582
1462 1493
9 3922
1376 1377
464 3593
2445 2446
521 3435
689 690
1446 2662
2478 2480
2397 2428
1271 2833
522 524
2821 2829
2989 2992
1828 1829
1511 1533
485 3581
1801 1804
1060 1061
4 3996
3461 3463
1603 1604
1163 1169
125 3819
885 3124
2890 2892
3403 3404
901 902
768 769
2534 2535
2202 2229
1083 2937
621 3371
2563 2564
1727 1730
2170 2230
243 3813
1932 1938
782 3247
1382 1383
1162 1164
1286 2816
2609 2611
1361 2718
5 3923
2439 2440
625 3361
1253 2838
2385 2412
2274 2275
1564 1623
2542 2543
739 3240
944 3082
3054 3055
3488 3494
412 3524
1741 1746
2676 2699
1076 2969
1109 2921
2250 2258
3746 3747
139 3801
1198 1199
1722 1757
1738 1742
813 816
1062 1068
325 326
1026 3003
2645 2650
2438 2441
313 3600
872 3167
494 3546
1825 1872
70 3875
35 3982
1004 3029
321 3594
2518 2521
2036 2045
573 3398
1252 2842
333 3721
2916 2917
93 3851
956 3074
1788 1802
1670 2433
877 3161
194 3718
1235 1256
1325 2753
682 683
3085 3094
615 3364
3623 3625
1358 2725
192 3866
222 3839
1247 1250
3352 3353
2370 2371
928 3097
1381 2708
537 3425
3203 3206
2456 2457
2208 2228
1202 1203
2053 2066
1756 1758
1969 2101
463 3485
396 398
1985 2070
520 3511
1415 2665
864 3182
89 3951
2909 2910
2380 2381
1370 1402
1251 1254
578 3445
404 3525
361 3694
1213 1215
1222 2847
1939 2107
643 3351
1175 2875
365 367
684 3306
929 930
1519 1528
2218 2223
1223 1227
962 3068
550 3420
471 3584
133 3816
2738 2739
1976 1979
96 3945
2726 2729
264 3793
797 3228
748 758
342 3714
614 3365
443 3499
254 3664
651 658
857 861
1434 1437
1780 1783
3549 3550
810 811
2759 2762
3407 3409
267 3792
177 3879
630 3369
680 3320
1285 2818
3200 3201
2369 2382
2209 2224
1275 1276
2617 2622
428 3636
913 3110
764 3210
2682 2685
1479 2686
1607 1608
2679 2693
1018 1019
2249 2267
1088 2926
103 3940
2092 2096
72 3961
1023 1025
230 3829
172 3881
1029 3000
1761 1764
395 3532
1618 1620
149 3787
960 3067
2375 2377
584 3440
1886 1887
1257 1258
1852 1856
16 3912
964 3065
162 3754
2418 2420
1659 2334
586 3439
897 3132
870 3172
1903 1915
2037 2044
283 3777
1629 2343
13 3920
2006 2012
2592 2595
3248 3249
1392 1452
3412 3417
760 762
1429 1430
2226 2227
617 618
2987 2993
1174 2876
1347 1349
1765 1768
2938 2941
783 3186
299 3753
2368 2415
220 3841
2008 2011
122 3821
668 669
907 3130
572 3455
1972 2091
2973 2984
226 3831
794 795
706 711
2691 2692
2349 2374
2774 2775
875 3166
752 753
20 3908
1733 1749
2186 2188
1366 1367
745 3251
541 3484
1454 1457
2817 2827
3372 3373
791 3178
742 3261
2613 2615
3475 3478
1518 1523
1443 1448
3117 3128
106 3840
662 3318
253 3674
1469 1472
3175 3176
2393 2410
570 3399
545 3421
130 3817
734 3263
2749 2750
1078 2965
2533 2541
377 3677
2812 2832
2253 2298
109 3937
1484 1485
1471 2697
1569 1622
832 3163
1560 1561
490 3561
1703 2346
173 3744
3468 3471
778 779
241 3814
2046 2052
3502 3503
1045 1058
2807 2808
1395 1450
273 3652
71 3870
59 3965
802 3225
2663 2664
308 3621
1735 1890
1241 1242
1046 2968
1259 1269
262 3798
931 3102
926 3099
1013 3020
3486 3487
784 3245
2034 2063
1584 1585
2207 2215
2479 2487
966 3062
1113 2919
1929 1930
387 3666
1389 1390
1553 2562
2792 2796
429 3508
660 3319
1940 1955
2235 2252
193 3865
1017 3007
3141 3160
306 3624
733 3266
629 3354
1139 1140
628 3357
1336 1337
1968 1970
674 3309
1992 2028
2877 2879
709 710
1532 2573
2396 2408
169 3749
1694 1701
245 3810
233 3823
1524 2591
1161 1170
1904 2125
203 205
2884 2887
588 3437
286 3646
1005 1006
1551 2569
2558 2559
201 3711
78 3864
1053 1054
25 3987
1094 1101
1294 1304
2193 2194
2628 2631
558 3467
2940 2942
1556 1558
76 3959
670 3327
3089 3092
3220 3223
2264 2265
704 3286
2459 2460
694 3298
1832 1837
2979 2983
1124 2905
986 3046
1605 2436
2952 2954
337 3716
922 3103
979 3038
2429 2430
1877 1883
3464 3465
2182 2192
1679 2416
1229 2840
1318 1320
894 3121
1428 1439
138 3805
2677 2696
492 3456
1857 1861
1231 1291
1459 2647
839 3152
1277 2831
497 3543
2272 2273
616 3377
1420 1426
792 3171
2099 2102
1435 1436
1154 1157
1134 1137
833 3199
2143 2145
1708 2340
1680 2366
444 3497
263 3797
2483 2501
1681 1693
2269 2271
1596 1597
3657 3658
2158 2164
1671 1923
677 678
2019 2304
265 266
1529 2575
1892 1895
52 3889
309 3619
2741 2743
2477 2493
575 3453
834 3158
1331 2727
66 67
68 3880
612 3366
1021 3018
460 3490
1315 1317
2489 2492
1786 2268
1645 1647
213 3705
1180 2867
1033 1041
1893 1894
1129 2901
3118 3123
3257 3258
272 3784
3422 3426
174 3737
427 3509
2473 2474
271 3786
938 3096
729 3273
1555 1562
1102 2918
2585 2586
3142 3159
2864 2866
90 3950
167 3751
970 3061
1906 2120
533 534
1107 2932
2113 2115
3173 3177
568 3460
1653 1656
115 3934
1721 1760
82 3957
42 3977
626 3358
2490 2491
426 3639
1826 1827
121 3824
2463 2475
736 3246
1535 1550
1473 1474
1230 2806
946 951
1507 1534
1878 2153
322 3729
1711 1716
294 3762
397 3655
1205 2856
6 3995
1348 1350
448 3604
1142 2895
1867 1868
725 3272
880 3126
394 3656
914 3109
1615 1619
2270 2278
86 3953
175 3734
2637 2642
1228 2841
637 638
1011 3025
379 3552
2219 2220
996 3037
1975 1983
592 3432
277 3782
1815 1884
256 3661
1082 2939
697 3301
609 3380
518 3513
74 3867
301 3634
835 3157
1461 2646
843 847
37 3981
364 3687
22 3906
1848 1862
414 415
486 3458
187 3722
1496 1497
898 3131
467 3483
500 3447
41 3978
3448 3450
1545 1547
547 3476
727 3275
544 3479
146 3791
664 3315
939 3088
1308 2791
2378 2379
11 3991
728 3268
1237 1238
507 3522
1542 2671
1666 2333
2761 2780
209 3707
57 3887
874 3129
1159 1171
100 3847
2794 2810
1232 1288
838 3154
2290 2293
1973 2089
906 3115
1115 2914
1008 1010
2321 2329
1842 1870
424 3515
331 3725
3414 3415
1000 3034
75 3960
1305 1306
1148 2882
2798 2799
3075 3076
1817 1840
1244 2843
1149 2881
120 3825
718 3279
1260 2835
249 3683
947 950
1368 2712
217 3845
80 3861
1668 2434
2607 2614
1905 1909
954 3077
400 3530
1280 1281
593 3383
3757 3758
685 3304
383 3537
51 3969
3153 3155
1570 2554
402 3527
319 3731
1104 1106
462 3489
576 3452
904 3119
329 3727
482 484
2437 2504
1204 2854
95 3946
1617 1621
595 3431
318 3733
363 3560
763 780
2946 2958
91 3949
2742 2744
403 3526
699 3296
1501 1539
1540 1546
577 3451
1964 2104
1063 2976
3690 3691
1131 2906
1405 2669
766 3205
893 3136
1931 2318
515 3517
997 3036
2570 2572
850 851
3408 3411
1750 1751
131 3928
3021 3023
1197 1200
1038 1039
1962 1967
2038 2040
2850 2851
2173 2196
965 3064
3211 3215
2354 2356
142 3917
565 3400
1660 2548
1628 2017
2085 2086
740 3264
166 3890
1613 2389
1339 2716
2733 2736
1696 1705
527 528
560 3413
862 3185
373 3680
2035 2042
3635 3637
1085 2943
2414 2417
1329 2728
1412 1413
237 3820
3193 3202
741 3262
712 713
2127 2131
546 3477
639 3362
1 3998
553 556
759 3230
104 3842
152 3904
837 3156
884 3125
304 3741
1682 1692
3743 3748
858 3191
1759 1803
755 756
892 3137
1248 1249
2618 2652
1160 1173
3174 3179
1206 1211
2949 2951
356 3568
1739 1740
2280 2283
2149 2151
431 3632
310 3608
348 3577
924 927
1110 2920
58 3886
640 3360
1743 1889
1865 2154
991 995
516 3514
514 517
292 3768
129 3818
1027 3002
645 3350
1747 1748
1404 1440
140 3918
3030 3032
1209 1210
368 3559
3219 3224
65 3882
679 3321
1965 1966
853 854
3534 3541
2601 2603
312 3739
552 554
730 3265
597 3429
202 3709
2009 2010
1589 1590
157 3899
455 3598
26 3986
442 3616
1155 1156
199 3713
941 943
1125 1126
10 3992
723 3281
2094 2095
3770 3771
631 3348
831 3164
1907 1908
2394 2431
2971 2972
496 3544
735 737
1800 2206
1144 2894
1414 1438
357 3563
2404 2406
604 3395
438 3626
2160 2161
1637 1638
55 3967
1354 2674
3794 3795
1807 1844
224 3835
495 3545
912 3111
145 3796
2241 2242
196 3858
1851 1858
350 3702
2364 2365
2886 2889
370 3556
1644 2549
48 3891
1444 1447
45 3974
945 3081
349 3576
434 436
1372 1399
454 3601
842 849
1627 2376
440 3617
481 483
2509 2525
1974 2083
155 3781
1942 1947
2667 2668
1664 2482
2211 2213
488 3567
1152 1153
1463 1465
2610 2639
619 3375
3043 3044
634 3339
470 3585
251 3678
942 3083
184 3874
973 3056
83 3956
1103 1108
1643 2555
2579 2587
2536 2537
1662 2544
538 3424
1289 1290
2606 2608
2171 2199
1043 2990
836 3198
691 3300
2785 2788
1001 3031
2776 2778
3340 3343
2471 2472
3098 3100
1787 2248
148 3914
1418 1445
399 3531
1866 1869
2722 2723
920 921
2 3926
160 161
8 3993
376 3679
1090 2936
824 3168
101 3942
12 3921
1636 1639
925 3106
47 3972
2862 2865
439 3622
1037 1040
280 3778
1093 2925
2444 2469
2978 2981
473 474
1574 2550
56 3966
466 3588
2766 2768
2809 2839
1323 2760
1127 2902
1508 1510
1526 1527
1267 1268
1806 1814
1818 1820
2413 2421
2183 2189
599 3401
355 3569
1480 1481
2770 2771
641 3335
1028 1031
3548 3551
596 3381
2757 2763
77 3958
1158 2880
1425 1441
503 3444
580 3443
487 3572
338 3589
1784 1785
501 3446
2773 2777
3207 3208
953 955
345 3578
406 409
1310 1319
726 3271
437 3501
54 3888
1512 1515
2233 2238
1792 1794
1191 1195
3641 3645
43 3976
31 3900
158 3896
3671 3673
2873 2878
1641 1642
2514 2522
2602 2605
2567 2578
49 3971
2057 2062
1147 2883
24 3988
119 3932
2114 2116
613 3379
3143 3145
255 3662
582 3391
1300 1303
374 3554
2210 2214
1193 1194
2032 2064
1957 1958
744 3252
1136 2885
1120 1121
433 3504
1455 2659
566 569
317 3599
1483 2673
276 3783
2082 2098
1576 2546
1064 1065
449 3493
1831 1871
1219 1220
2259 2266
743 3255
1036 3008
720 721
1398 1400
137 3919
3665 3668
969 3058
179 3878
561 3410
2087 2088
605 3393
1505 1506
2399 2400
336 3590
134 3925
940 3084
1571 1573
372 3681
1944 1946
430 3507
1079 2964
1047 1048
225 3834
1688 1689
132 3927
2075 2078
508 509
506 3438
2947 2950
2819 2820
452 3602
932 937
860 3187
1184 2872
168 3750
1073 1081
1984 2072
1781 1782
957 3069
2129 2234
2612 2616
117 3828
2109 2110
2998 3001
936 3090
1683 2358
1698 1699
2299 2301
2225 2231
382 384
1566 1568
846 848
1071 2944
1673 2423
1567 2556
2624 2635
435 3628
1797 2221
297 3759
1779 2322
3564 3566
1369 1371
3040 3047
2352 2355
3755 3766
1015 3017
1578 2539
493 3454
571 3459
975 3052
871 3134
1935 2315
143 3915
1424 1442
1614 2387
1586 2538
2391 2432
417 418
108 3938
269 3660
3859 3860
2291 2292
1933 2317
589 3387
647 648
502 3533
200 3856
413 3523
2076 2077
3277 3278
2752 2758
284 3776
2398 2424
2240 2251
144 147
790 3232
1146 1172
649 3346
50 3970
2576 2577
1422 1423
1663 1665
3291 3292
1111 1112
2834 2837
1186 1190
867 3138
814 3170
1594 1598
260 3802
1185 1201
666 3329
1816 1875
1355 1356
479 3462
754 3234
1477 1482
963 3066
2448 2466
27 3903
1591 2528
1034 3015
958 3071
1419 1421
2303 2316
7 3994
1362 2714
39 3893
1091 1092
156 3780
1732 1753
2198 2200
18 3910
2331 2332
1897 1898
751 3235
1051 2961
2191 2195
793 3229
2001 2018
983 989
2326 2339
1796 1798
656 3330
2163 2169
1911 1916
2181 2197
1949 2313
2307 2308
767 772
549 3469
686 3302
910 3113
2517 2519
1066 2975
844 845
282 3647
700 3285
469 3586
124 3930
2059 2060
2582 2583
2065 2105
252 3675
2540 2545
2342 2345
97 3850
1543 2666
2512 2513
85 3954
371 3555
416 3521
2557 2560
968 3063
512 3519
204 3855
468 3587
491 3457
2960 2962
620 3374
1648 1649
896 3120
79 3862
3146 3147
64 3883
1386 1453
181 3724
2783 2784
499 3542
603 3396
303 3633
624 627
504 3529
2117 2119
2024 2112
476 3472
1359 2719
1189 1192
1667 2470
2014 2590
716 3280
646 3349
219 3844
2204 2205
1188 2859
1345 1346
935 3091
2157 2172
665 3331
29 3984
215 3704
652 654
291 3773
2236 2237
1035 3014
594 3382
1849 1850
532 3505
1375 1378
163 3895
698 3297
3148 3150
977 3053
2795 2802
127 3929
707 708
1912 1913
2176 2180
2097 2100
1475 1476
1334 1344
731 738
1498 1500
1819 1838
2073 2081
2495 2498
2458 2476
197 3857
14 3990
2523 2524
2297 2320
212 3706
1114 2915
761 3217
591 3384
150 3913
1509 2604
1067 2974
354 3570
876 3162
1987 1988
288 289
601 3397
3024 3027
981 984
1495 1499
1182 2863
828 3213
3789 3790
1954 1956
46 3973
1754 1755
523 3434
1009 3026
796 806
489 3565
536 3427
1314 1316
1057 2948
244 3811
972 3059
1812 1813
714 3282
1466 2704
1328 2748
2488 2496
2506 2508
1264 1266
659 3325
2730 2746
3609 3615
2507 2526
1097 1099
1777 1778
2069 2103
3253 3254
447 3605
1937 1948
817 820
531 3506
952 3095
567 3466
3630 3631
1075 1077
1491 1541
102 3941
1554 2561
2891 2893
1990 2033
974 976
636 3338
781 3188
705 3284
1640 2588
1530 2574
3288 3289
1516 1531
2286 2288
1709 1720
978 3051
334 3719
118 3933
2823 2824
747 3236
535 3498
1410 1411
2985 2988
2184 2190
1221 2849
475 3481
732 3267
2688 2689
1588 2531
186 3873
1592 2527
432 3629
1313 2789
1451 2660
2800 2801
2276 2277
915 916
1736 1737
2302 2319
1133 2899
154 3785
1014 3019
2178 2179
1697 1700
1486 1489
2015 2016
211 214
478 480
891 3140
934 3093
1991 2030
2049 2050
917 3104
457 3596
1822 1874
2966 2967
107 3838
2132 2135
1056 2955
3761 3764
281 3650
777 3190
206 3853
559 3416
1772 1776
1744 1745
2455 2465
38 3980
693 3299
302 3742
110 3837
408 410
2803 2804
2123 2124
787 789
295 3760
3070 3072
1977 1978
2222 2239
1950 2003
1881 2152
2162 2232
3843 3846
40 3979
1793 1795
407 3649
1357 2734
1150 1151
1606 2435
1030 2995
1166 1167
2177 2201
1080 2959
702 3294
182 183
1245 1246
1326 2751
61 3964
1095 1100
347 3710
526 3433
1634 2589
3012 3013
1625 2384
2755 2765
1022 3004
562 3406
1118 2912
340 3715
2138 2144
773 776
1255 2836
590 3386
821 3216
