1998
2646 2647
1973 1978
534 3592
2684 2685
1400 1404
3139 3140
847 3256
220 3691
347 3569
3134 3138
688 3437
2118 2120
240 3817
134 3790
344 345
2588 2591
1570 2455
417 3700
1358 2788
218 3694
84 3841
34 3976
1175 1176
2525 2526
2777 2784
295 3625
657 3302
1139 2794
775 3191
1489 2327
946 3137
478 3443
14 3987
1505 1519
863 3242
338 3761
2555 2556
1724 1725
2247 2248
209 3852
324 3588
168 3744
1411 2687
257 3656
1722 1726
1808 1870
676 3265
1291 2675
2683 2691
1512 1525
2864 2869
2604 2626
2156 2159
1912 1916
547 3568
1647 1657
133 3792
561 3553
867 3241
1032 3053
2819 2824
2035 2049
820 823
116 3811
785 3309
1820 1865
623 3496
1671 1681
522 3603
513 3604
1807 1809
1550 2474
285 3795
1068 2853
618 3516
2717 2719
528 3598
1035 3032
2303 2304
3069 3073
420 423
334 3575
1251 1252
1845 1852
582 3358
2302 2305
2193 2194
2694 2695
1891 1920
2482 2486
175 3893
777 3329
268 3648
2532 2533
1514 1517
2024 2030
486 3640
2198 2331
3333 3335
364 3729
427 3692
1077 1078
1709 1712
31 3977
1488 1490
1375 1383
2638 2641
1718 1735
3182 3186
154 3909
1102 1112
850 3094
2536 2542
41 3901
767 3195
832 834
356 3561
1321 1322
2493 2494
2538 2539
865 866
1996 1998
810 3293
697 700
1216 2697
970 2964
2235 2245
323 3590
1692 1706
117 3809
585 3532
774 776
720 3235
2283 2294
1974 1976
21 3917
806 3294
106 3820
214 3698
1999 2008
3555 3557
1145 2972
1581 2450
1660 1665
94 98
740 3219
617 3520
2927 2929
2250 2252
1444 1455
1942 1944
845 3270
2069 2072
2099 2184
1602 1603
1446 1447
2177 2182
2657 2658
2351 2387
2112 2114
1711 1739
15 3919
1043 1045
672 3278
2590 2592
919 920
2212 2213
206 3703
958 960
510 3414
736 3226
642 644
1569 1571
754 3348
2215 2271
1413 2614
2873 2879
698 3246
646 647
900 3047
3158 3159
1981 1982
359 3738
200 3718
1589 1779
1672 1677
1690 1691
2145 2150
2209 2316
146 3766
2747 2748
2204 2205
2820 2828
90 3948
2516 2518
86 3950
969 3119
2945 2946
1429 2605
2108 2109
2547 2550
1141 1142
1607 1638
385 3545
262 3807
1018 3062
729 3378
2186 2189
472 3451
2214 2298
67 3955
1555 2090
131 3932
1157 1159
1786 1789
620 3515
2551 2553
689 3252
2428 2429
335 3764
1936 1940
543 3573
1619 1629
1445 1454
828 3285
1610 1632
2260 2272
490 3429
1089 1090
208 3854
625 3310
1220 2692
853 855
1894 1899
102 3828
1135 1136
135 3930
2389 2392
2095 2105
1310 2634
1574 2057
1468 2466
2560 2563
1459 2587
2664 2677
157 3907
1683 1685
132 3931
2653 2656
1616 1643
1452 2490
1536 2544
2767 2769
241 3678
673 3471
792 793
1076 2835
1879 2020
1522 1523
1222 1223
122 3805
398 3521
1218 1219
2728 2730
1970 1984
913 3168
1463 1464
2491 2495
822 824
2062 2063
174 3736
223 226
475 3446
1511 2552
1419 2566
2274 2296
2874 2875
264 3652
183 3735
2409 2410
1261 2679
1531 1532
1134 2975
1213 2701
1174 1184
380 3717
219 3693
690 3251
836 837
1067 3001
396 3525
1080 1081
509 3609
1030 2892
999 3106
3325 3328
1679 1680
973 974
1448 1449
1598 1600
1017 3082
1098 1104
328 3770
25 3980
1888 1919
1827 1828
95 3947
1301 2834
1242 1243
504 3418
1106 2987
3028 3030
924 3162
1866 2033
484 3433
1497 2301
1046 2885
1391 2764
75 3858
518 519
2256 2257
3723 3725
1945 1951
1867 1873
512 3606
231 3824
722 3232
3055 3057
1520 1521
2106 2107
1689 1693
2403 2407
539 3581
291 3629
1949 1950
2180 2339
1028 2894
1567 1572
3022 3023
1318 1323
3457 3459
52 3892
1427 2565
856 3243
915 3029
121 3806
569 3541
1221 1233
167 3747
579 581
2334 2336
624 3495
1341 2799
2631 2632
1551 2097
377 3719
35 3975
1883 2010
1623 1626
1493 2326
1109 2986
2900 2901
3356 3361
1684 1688
2578 2580
885 3212
1260 2680
612 3522
263 3653
337 3574
1921 1922
2123 2148
630 3308
1074 1075
315 3602
918 3021
1792 1794
556 558
2369 2376
2774 2775
3707 3709
1208 2912
111 3940
649 655
1210 1215
1884 1886
570 3538
2014 2015
616 619
125 3934
884 3068
2133 2134
997 2937
807 3147
119 3935
1353 2793
778 3189
1682 1707
1662 1663
955 2984
1431 2522
1084 2825
375 376
632 3307
1054 1055
468 3645
1612 1614
2856 2857
1594 2422
1026 2897
2231 2232
1349 2798
1345 1348
812 3292
2149 2153
576 3360
1465 2487
638 3488
523 3601
521 3400
1203 2736
2284 2287
3164 3174
574 3365
1801 1802
1434 2513
2393 2396
92 3832
2970 2971
64 3869
1101 1103
1148 2960
1902 1905
3017 3018
2492 2519
1206 2727
69 3865
567 3367
426 3695
859 860
536 3589
746 751
544 545
1508 1509
1199 2921
317 3774
2131 2132
1557 2089
2983 2985
1002 3104
708 3427
725 726
74 3953
2398 2401
59 3960
587 3337
389 390
348 3751
1576 2043
1805 2381
1146 2969
1618 1624
1059 1060
1791 2382
888 891
1412 2686
906 911
659 3300
1115 1117
843 3109
2498 2508
369 3554
3877 3882
126 3799
3279 3283
493 494
1674 1676
172 3740
2220 2227
3201 3202
1326 1327
508 3610
3038 3051
400 3514
931 936
280 3634
159 3752
281 3797
636 3305
307 3780
873 3077
3012 3014
1983 1991
2436 2437
2928 2931
1928 1929
862 3084
416 3506
456 3474
760 3208
2713 2714
950 2991
259 3655
1553 2091
353 3564
2124 2147
1507 2571
1040 1044
927 937
352 3746
3579 3582
605 3527
497 3422
2449 2451
1535 2243
1910 1913
1039 1041
2277 2290
952 2988
990 2952
696 701
2318 2320
1415 2575
1014 1015
2840 2843
795 797
3010 3013
1154 2954
808 3143
527 3392
461 3468
407 411
1966 2018
903 3046
1893 1911
96 3946
2068 2083
1255 1267
1914 1915
1224 1232
221 3842
594 3321
961 3126
3052 3054
592 596
1634 1635
542 3578
1851 1854
530 3594
685 3442
1249 2862
791 3298
2579 2652
2240 2241
1539 1540
2757 2759
1588 1782
608 3524
1599 1601
1335 2800
2361 2365
169 3743
2151 2152
309 3618
870 3229
1033 2891
3042 3043
3376 3379
213 3845
1129 2803
747 750
929 930
550 3563
901 3173
27 3914
1162 2781
458 3472
1669 1720
1630 1631
1568 2456
170 3742
2017 2019
87 3949
535 3591
914 3033
184 3885
841 3274
289 3632
2117 2119
2207 2217
2368 2370
443 3676
2185 2187
1839 1859
1124 1130
194 3878
1197 2926
1382 1395
1339 1340
2162 2164
42 3968
1111 1132
1360 1364
1931 1938
2199 2317
1256 2681
17 3986
1031 3056
1094 1096
650 3303
485 3430
560 3371
627 628
1234 1237
1063 2863
959 2966
354 3745
383 3546
1342 1344
1161 1163
2234 2254
939 3015
941 3141
1924 1972
944 3002
1498 2297
1069 2852
2930 2935
597 611
305 3621
1012 2920
1592 1596
105 3825
1655 1656
1575 2056
20 3983
1937 1939
1548 2475
3341 3346
277 279
1288 2842
1365 2771
2168 2178
520 3401
1476 2586
162 163
395 3712
2362 2363
1876 1877
2499 2500
1397 1399
716 3382
2078 2079
402 3512
686 3439
152 3912
1027 3059
1843 1853
1092 2992
2600 2601
1168 2948
1194 2743
459 3469
817 3121
1401 1402
302 3623
2573 2582
205 3704
199 3861
2100 2103
442 3479
1530 2545
1952 1953
1526 1528
1016 3090
1881 1882
1968 1987
2546 2559
600 3530
1357 2619
878 3214
254 3657
1585 2447
18 3985
2263 2264
2053 2367
1319 1320
1295 2838
210 3851
1093 1097
82 3849
1202 2738
674 3277
879 3213
399 3518
2136 2137
875 3222
1829 1832
439 3677
1471 2446
886 3206
1091 1121
3498 3499
2371 2374
761 3207
3238 3239
1070 2850
905 3041
250 3812
1420 2611
835 3275
2044 2045
1036 2890
3453 3454
846 3257
1823 1825
637 3489
3144 3145
30 3978
1857 1858
782 3317
288 3789
614 3318
2808 2809
397 3523
1752 1759
595 3320
10 3991
1694 1705
816 3288
123 3802
615 3315
2354 2360
1763 1766
145 3924
273 3644
3460 3461
2188 2196
2122 2154
2933 2934
1813 1814
1396 1398
3071 3075
1229 2896
1406 2699
1265 2678
118 3936
2286 2289
2070 2071
2721 2723
1804 1812
1019 1020
2073 2074
1010 3096
3267 3273
314 3776
196 3867
2778 2779
1072 2849
2418 2419
269 3647
2476 2477
312 3607
1506 2584
1861 1862
925 3155
1029 3058
714 3245
2967 2976
2705 2710
2313 2314
370 3552
1933 1934
266 3650
1967 2016
2872 2876
2211 2216
151 3916
2223 2224
431 3497
16 3918
1466 2467
481 3436
1875 2025
2127 2135
330 3768
1023 1024
120 3808
2046 2055
1021 2905
3122 3123
986 3110
765 3199
2822 2823
2373 2378
349 3749
1306 1308
1189 1190
293 3788
703 3428
514 3411
762 763
1563 1566
1279 1284
1266 1286
2846 2847
675 3266
140 3779
2603 2628
872 3079
1050 3031
693 3432
1178 2745
864 3080
3151 3153
1860 1864
441 3480
496 3620
386 3544
415 3701
2395 2402
2206 2218
1270 2860
1701 1702
1560 2086
1673 1675
128 3933
549 3566
63 3957
1633 1637
2910 2911
524 3397
331 3584
1761 1767
1025 2899
401 3513
552 3562
38 3970
393 3529
3 3996
405 3510
988 2956
1214 2700
217 3843
532 3593
177 178
3905 3906
207 3855
232 3823
233 3822
2548 2558
3203 3204
669 3284
3040 3045
1960 1962
1816 1817
1986 1990
2642 2644
3833 3835
176 3891
3539 3540
1577 1819
1641 1777
626 629
851 3093
1095 2990
158 3753
1821 1822
2262 2265
3268 3271
1083 2826
1849 1850
355 3739
2541 2543
548 3567
712 713
752 3351
319 3773
580 3534
3406 3407
818 3117
1114 1116
1704 1708
783 784
77 3856
2036 2039
1923 1930
2390 2413
246 3669
1696 1773
1838 1856
975 976
378 3549
551 3384
869 3230
1294 2645
779 786
575 3364
1352 2795
1437 1439
1925 1927
2597 2599
1480 1483
908 3039
108 3816
2431 2445
306 3783
668 3478
1534 2246
1165 2773
962 967
2655 2660
1897 1898
899 3050
709 3425
2452 2465
2157 2158
787 3188
1086 2812
2459 2460
435 3683
2463 2464
695 3247
1748 1762
2110 2111
2372 2379
1686 1687
3067 3076
1156 2951
1995 2006
326 3586
1185 2941
3500 3501
3171 3172
3332 3336
2648 2654
1795 1799
1830 1837
898 3176
2711 2749
1992 1993
3440 3441
648 3304
732 3231
3035 3036
1330 1331
923 3163
1538 2478
368 3728
80 3850
381 3716
109 3815
419 424
1504 2273
788 789
738 3225
895 3178
741 3368
495 3424
1007 3099
11 3990
3142 3150
3066 3078
160 3904
1460 1461
681 3462
1053 2866
849 3254
460 3651
3355 3357
2756 2758
2702 2724
1959 2052
2639 2640
161 3900
2391 2411
692 3250
62 3958
2375 2377
949 3136
329 3769
757 3345
773 3193
2128 2129
1346 1347
769 3194
343 3570
2293 2295
2880 2881
409 3508
137 3928
724 3380
3064 3081
3614 3615
1583 2448
1787 2385
702 704
653 654
1281 1283
318 3600
1273 1274
1361 1363
165 3898
1723 1733
4 3995
964 3120
1192 1193
1225 2908
634 3491
3177 3180
406 3705
1423 2610
852 857
1277 1280
728 730
48 3896
299 300
325 3587
1542 1547
2167 2170
45 3965
245 3814
3311 3312
2729 2733
1495 2315
1450 2510
3375 3381
1969 1985
81 3951
2275 2291
1932 1935
1728 1729
66 3956
3217 3220
635 3490
1810 1818
332 3577
3399 3415
1389 1390
1645 1646
211 3848
155 3754
848 3098
2524 2534
951 3135
446 3666
2737 2739
321 3596
1126 1127
2995 2996
1611 1615
1147 2961
499 3619
2356 2357
1695 1697
593 3322
89 3836
2230 2236
825 827
422 3502
1499 2280
3398 3417
2092 2139
470 3452
242 3674
274 3801
115 3937
602 603
755 3215
1554 1556
538 3583
1784 1796
2080 2081
546 3385
2221 2222
2181 2337
640 660
1605 1781
463 3467
1562 2469
202 3710
282 286
1573 1578
2898 2904
1806 2380
73 3954
2485 2488
1593 2425
1405 2760
1549 2203
1079 2832
215 3696
243 3671
2616 2617
197 3721
942 3004
1604 2415
2001 2002
149 3920
678 3258
1484 2330
487 3638
251 255
363 3560
811 815
1235 1236
1874 1887
476 3444
1278 2848
447 3664
1177 1183
989 2955
737 739
1642 1658
1621 1622
53 3887
1005 3102
201 3715
237 3819
173 3737
76 3857
1661 1664
33 3903
840 3111
57 3961
129 3796
1368 1370
645 656
3048 3049
500 3617
572 3536
721 3234
577 3359
148 3765
428 3688
613 3319
684 3445
1377 1378
1198 2923
36 3974
1006 3100
1501 2278
1613 1644
2458 2462
1755 1756
339 3760
1227 1228
1477 2399
1713 1716
1721 1760
1741 1750
1315 2831
1559 2087
256 258
953 3133
1941 1943
2979 2981
1582 1584
1379 1380
670 671
2716 2744
731 3377
2722 2740
1751 1753
799 3175
889 890
2708 2712
1880 2013
1441 1443
2343 2344
515 3408
1367 1372
403 3711
320 3772
394 3713
2321 2323
3731 3732
2750 2754
2801 2802
445 3668
371 3727
2688 2689
3125 3130
2503 2506
1541 1545
2163 2175
3237 3244
112 3939
1699 1710
3087 3089
3127 3128
2815 2816
1238 2893
2483 2484
1376 1381
2400 2426
753 3216
1414 2663
943 3003
2606 2609
633 3492
8 3992
2433 2440
12 3989
2902 2903
421 3505
1749 1758
601 607
1000 2925
91 3834
1186 2932
189 3726
1639 1778
1246 1248
270 3803
3450 3456
1149 1151
1565 2066
3759 3763
276 3637
341 3571
1649 1650
3086 3091
1433 2521
448 3477
2077 2082
517 3402
2341 2348
432 3494
2770 2772
2569 2570
1317 2627
365 366
1179 1182
578 3535
2104 2116
451 3475
679 3470
1668 1774
682 3458
2228 2229
2661 2662
770 771
639 3487
2058 2064
2037 2038
3209 3211
1403 2762
2093 2113
3791 3793
764 3343
54 3875
1001 2924
503 3613
563 564
1595 2420
876 3221
144 3927
1362 2618
336 3762
2489 2520
379 3547
1062 2865
1263 1264
32 3910
3757 3758
2322 2329
1826 1836
1788 1790
3971 3972
507 3611
3781 3782
1240 1241
1580 1586
65 3868
1296 1297
2947 2949
979 3114
1336 1337
2589 2594
1416 2574
1105 2989
3331 3339
1754 1757
1421 1422
1997 2000
2040 2041
1878 1885
2179 2350
2443 2444
1200 2914
2141 2142
516 3404
1871 1948
408 3509
2567 2572
28 3913
609 610
3394 3395
294 3626
2169 2172
104 3826
230 3687
3156 3157
488 3635
2306 2312
3261 3264
926 938
1211 1212
434 3483
147 3923
555 3373
444 3672
322 3595
1510 2554
985 2962
6 3922
2669 2673
2319 2324
51 3963
2507 2509
1386 1394
1994 2009
430 3685
2075 2076
1245 2871
1467 1469
2624 2625
2047 2048
2480 2537
871 3224
2454 2457
1502 2276
2577 2581
956 2982
588 589
29 3911
2 3925
469 3643
1956 1971
1138 2974
2138 2146
2115 2125
79 3853
1620 1628
227 3690
1564 2085
813 3291
1392 2763
745 3218
1409 2696
1037 2889
367 3556
809 3132
972 3118
2851 2855
1351 2796
2468 2470
2173 2174
706 707
143 3767
991 3108
947 948
1546 2237
568 3542
2417 2421
187 3730
723 727
904 3044
2325 2328
742 743
1160 2786
234 3681
933 934
465 467
842 3272
687 3255
244 3670
916 3167
185 3884
1408 2615
2242 2244
2061 2161
945 2993
296 297
3190 3197
909 3034
748 749
2259 2267
1123 2807
275 3639
781 3326
531 3389
1058 1061
877 3074
457 3473
1056 3019
804 3148
1057 3011
2752 2753
7 3993
1989 2011
3103 3105
1964 2021
2176 2183
2958 2959
271 272
2261 2266
2210 2310
3314 3316
192 3879
838 839
1087 2994
1217 2693
3083 3088
43 3967
436 3682
1946 1947
1844 1846
699 705
2668 2674
387 3543
60 3871
473 3448
3663 3665
9 3921
1137 2797
1824 1863
1606 1780
621 3503
138 3785
249 3658
2249 2251
2165 2171
559 3372
2088 2144
1110 2977
2607 2608
1426 1428
56 3962
166 3895
1895 1896
181 3888
2511 2512
1085 2818
2877 2878
978 3115
141 3778
882 883
388 392
2504 2505
996 3107
228 3689
1038 1042
661 3486
2219 2225
287 3633
2126 2130
70 3863
2666 2671
3187 3200
1324 1332
2612 2621
1350 1356
3464 3465
1957 1965
1247 2870
801 802
97 3945
1359 2785
2939 2940
127 3798
2782 2783
2430 2434
858 3092
733 3228
164 3750
1187 1188
2022 2023
2938 2942
1768 1770
2530 2531
1170 2755
2583 2630
2776 2780
1299 2836
1430 2602
683 3449
963 3124
3154 3160
1537 2540
1977 1979
55 3874
498 502
1407 2698
3260 3262
1727 1730
2338 2340
150 3756
1975 1980
954 3131
440 3481
182 3886
3403 3405
171 3741
2065 2160
631 3493
641 643
1268 1271
1524 2258
2806 2813
2998 3000
790 3306
2358 2359
2342 2397
301 3787
471 3642
2817 2829
304 3786
382 3714
2906 2913
1385 1387
1659 1678
1171 2751
2472 2479
2821 2827
1744 1745
425 3697
1118 1119
1417 1418
2915 2916
1259 1262
99 3944
1153 2790
1196 1201
1955 1958
892 3065
1648 1652
1900 1907
283 284
212 3846
1666 1667
1254 2682
462 3646
71 3862
1700 1703
766 3198
965 966
598 599
68 3866
1841 1848
198 3864
3362 3363
340 3572
3184 3185
917 3025
651 652
1491 1492
1543 1544
1552 2094
1743 1746
1293 2667
2355 2386
622 3313
896 3063
566 3548
13 3988
2593 2595
265 3804
1785 1793
981 3113
971 2963
313 3605
1287 2845
1456 2598
2308 2309
40 3902
1051 3027
360 361
222 3840
3349 3354
22 3982
2238 2239
2665 2676
1011 3095
1125 2805
665 3295
1302 1303
506 3612
384 391
2731 2732
2670 2672
2166 2352
680 3466
188 3883
308 310
3006 3009
1152 2792
1172 2746
3870 3873
2031 2032
1314 2833
1608 1776
3409 3410
2887 2888
800 3161
1892 1917
940 3005
252 253
1052 3020
533 537
2004 2007
2332 2333
2854 2858
780 3327
1529 1533
2345 2346
505 3416
591 3330
2140 2143
373 3550
819 3116
829 3280
1617 1640
1561 2471
1890 1918
2561 2562
880 881
114 3938
1066 2861
831 833
772 3340
477 479
1479 1485
1013 2919
1717 1738
1558 2473
191 3880
3165 3166
2096 2098
303 3622
1226 1230
854 3253
1272 2859
982 983
826 3286
1022 3060
1742 1771
604 3528
46 3899
1333 2623
583 3338
316 3775
83 3847
350 3565
44 3966
3323 3324
3070 3072
1334 2622
984 3112
124 3800
2496 2517
735 3227
216 3844
1486 1503
1300 2637
1472 1475
311 3777
3248 3249
1180 1181
1487 1494
2438 2439
993 2944
248 3659
1292 2841
2576 2659
1048 2868
101 3943
2432 2441
868 3233
156 3908
1903 1904
844 3101
2067 2084
2307 2311
3146 3149
93 3831
136 3929
987 2957
1328 2814
267 3649
235 3821
2190 2191
1312 1313
768 3342
562 3369
1609 1636
2121 2155
2383 2384
756 3347
260 3810
1651 1775
2054 2353
565 3551
2907 2909
921 3016
85 3839
2192 2195
874 3223
977 980
907 910
715 719
261 3654
658 3301
1988 2012
1071 2999
3517 3519
3281 3282
1901 1906
957 3129
912 3169
2453 2461
1435 1440
2299 2300
455 3660
50 3894
2613 2620
932 935
1366 1369
2364 2366
1355 2789
1099 1100
2347 2349
1158 2787
662 3485
58 3872
667 3290
2003 2005
1842 1847
2549 2557
677 3259
1811 1815
203 3708
2200 2208
2741 2742
663 3299
1167 2766
418 3699
113 3813
2059 2060
526 3599
2026 2027
1338 1343
49 3964
1209 2725
1872 1889
2388 2414
557 3558
2405 2406
1064 1065
466 3455
1458 2596
2718 2720
2633 2649
139 3784
525 3396
691 3434
861 3085
711 3383
2810 2811
482 3641
2281 2282
1034 3037
1107 1108
994 995
1128 2804
1731 1732
584 3533
342 346
2034 2042
1140 1143
1736 1737
2028 2029
333 3576
1908 1909
47 3897
893 3181
1625 1627
3263 3269
72 3860
1282 1285
2268 2269
529 3597
153 3755
1113 1120
590 3334
902 3170
1305 2635
2968 2973
186 3734
2726 2734
39 3969
1410 2690
2703 2704
1173 2943
88 3838
23 3915
429 3686
492 3426
491 3628
450 3476
573 3366
2501 2515
24 3981
1275 1276
1797 1798
464 3463
798 3183
193 3722
238 239
100 3829
1009 2922
3390 3391
1481 1482
1734 1740
1764 1765
130 3794
1496 1500
374 3720
1963 2050
2427 2435
1868 1869
734 3370
606 3526
694 3431
803 3152
1316 2830
2279 2285
2394 2408
744 3353
1579 1803
1155 2953
224 3837
501 3616
2523 2527
1451 2497
204 3859
1047 2882
449 3662
1698 1772
2978 2980
290 3630
2288 2292
1239 1253
717 718
1304 2636
236 3680
1205 2735
483 3435
992 2950
229 3827
180 3889
553 3559
511 3608
586 3531
1670 1714
225 3830
103 3942
758 3210
1008 3097
2707 2715
2481 2535
351 3748
3236 3240
1231 2895
372 3724
1311 2629
1587 2442
195 3876
5 3994
78 3952
26 3979
1169 2761
968 2965
357 358
3393 3421
414 3702
412 413
404 3706
410 3507
1244 2883
362 3733
1082 2997
1831 1835
438 3679
1289 1290
1747 1769
2564 2568
1961 2051
2706 2709
821 3287
1371 1384
2201 2202
37 3973
922 928
2404 2412
3024 3026
759 3344
433 3684
437 3482
452 3661
1298 2643
1003 1004
1250 1269
453 454
1432 1442
830 3276
1049 2867
571 3537
107 3818
1144 1150
794 796
474 3447
3192 3196
805 3297
2502 2514
998 2936
1164 1166
1257 1258
61 3959
2837 2839
2226 2233
1191 1195
1462 1470
3504 3511
1926 1954
1513 1518
1204 1207
3388 3423
1354 2791
2528 2529
1473 1474
3007 3008
3412 3413
894 3179
1590 1591
1478 2585
298 3624
887 3205
1833 1834
327 3585
1325 1329
480 3438
2197 2335
1073 2844
19 3984
897 3061
1388 1393
1515 1516
110 3941
247 3667
1597 2416
1 3926
292 3627
1783 1800
2423 2424
1307 1309
1088 1122
1527 2253
540 3387
1653 1654
664 3296
142 3771
179 3890
2650 2651
1436 1438
1424 1425
541 3580
1715 1719
666 3484
278 3636
554 3374
190 3881
3419 3420
1373 1374
2255 2270
1840 1855
1453 1457
1131 1133
2765 2768
2101 2102
2884 2886
2917 2918
3350 3352
710 3386
3673 3675
814 3289
489 3631
