1998
1835 2030
1787 2434
325 3817
23 3982
2470 2476
598 3228
2801 2805
2977 2980
2600 2613
2547 2548
439 3690
2997 3003
2763 2771
3058 3059
174 3684
123 3751
1095 1098
1390 1391
1041 3028
461 3676
2741 2742
658 3473
950 3126
1733 1736
1082 1087
976 2830
137 3742
1365 1368
2994 2995
1711 1712
1205 1209
1079 1088
272 3873
2982 2983
591 3241
2094 2100
914 3161
1623 1628
176 3909
7 3863
358 3780
1325 1331
421 3703
87 3945
2149 2156
398 3736
122 3752
1155 1156
3903 3908
2046 2053
1112 1114
633 3497
2099 2104
1758 2486
3302 3306
2266 2267
1181 2939
190 3651
195 3645
1425 1440
2399 2400
2671 2683
376 3755
28 3844
1985 2116
1484 1486
1444 2503
563 3564
680 684
941 944
722 3393
1283 1289
167 3696
399 3435
1268 2835
319 3819
126 3748
1905 1910
1202 2745
1770 2391
434 3691
248 3881
1958 1974
405 3427
389 3461
10 3993
1546 1549
806 807
2766 2767
125 3927
993 996
581 3246
644 3204
365 3771
704 706
1055 1056
1850 1868
312 3826
781 3349
84 3788
919 2910
101 3940
964 3111
1159 1162
25 3981
1224 2684
666 3469
673 3169
1270 1273
1199 1200
252 3584
370 3761
3341 3347
2631 2633
3565 3566
119 3757
1606 1610
261 3876
3542 3546
97 3942
117 3760
548 3281
910 3166
1966 1970
265 3573
2162 2163
2776 2777
1245 1246
395 3445
83 3946
743 3369
1172 1176
269 270
757 3101
861 3027
199 3900
2946 2947
1766 2441
1570 1571
2204 2222
481 482
979 2823
2927 2934
168 3912
1778 2436
2014 2015
3453 3454
1661 1662
546 3587
917 918
2185 2191
1927 1928
310 3828
78 3794
2103 2106
821 3253
562 3272
2281 2289
430 3406
99 3770
3410 3412
1271 1272
3845 3849
1319 2705
2333 2340
166 3913
484 485
1276 2643
1201 2896
2902 2905
2526 2527
576 3541
287 3860
1015 1016
308 3833
16 3988
1518 1521
401 3431
1255 2656
320 3547
3492 3493
1698 1700
574 3553
1096 1097
1827 2297
614 3514
3005 3006
280 3867
3212 3213
1946 1950
1869 1908
1293 1305
2244 2260
1366 2579
450 3389
2928 2929
2944 2945
2561 2638
2214 2239
1532 1536
139 3737
353 3795
351 3797
596 3529
1709 1710
493 3650
232 3884
584 3537
148 3720
834 835
2020 2021
1309 1310
162 3702
1376 2690
354 3793
1147 1148
2619 2623
701 3429
650 659
3225 3240
793 798
1111 1116
1333 2592
2603 2609
1493 1499
641 3483
51 3967
1858 1867
1302 1303
571 3259
1409 2569
2729 2739
1170 2962
107 3937
1011 3078
1068 2791
410 3424
402 3430
897 3179
1759 2456
531 3291
1012 3077
2597 2599
3506 3507
1275 2645
813 3258
1961 1962
206 3897
908 3168
82 3789
945 3138
1487 1488
764 3361
2108 2113
932 3150
745 751
241 3591
2200 2201
3172 3173
802 3296
55 3963
2582 2584
2573 2594
1535 1538
1126 1127
1761 2484
453 3384
2695 2696
1836 1876
952 3120
1805 1808
339 3518
889 892
486 3340
907 909
307 3549
333 3526
752 753
3436 3442
298 3850
750 3364
1213 2694
1638 1641
32 3843
616 3511
504 3624
1945 1956
610 3216
3309 3310
1053 1063
696 3433
2598 2622
1844 1847
187 3654
189 3904
397 3741
1924 2273
31 3977
297 3851
1744 1745
1191 1193
452 3386
1207 2731
3042 3044
1203 2744
1408 1410
1561 1563
65 3957
533 3288
131 133
161 3705
894 3183
1883 2353
90 3782
2060 2194
1894 1897
828 3248
1520 1523
1024 1029
989 990
1603 1604
527 3292
1458 2565
545 3590
499 3641
1537 1539
3726 3727
2757 2758
1125 1130
1317 2707
235 3606
1762 2445
953 955
2374 2375
2121 2122
1094 1109
1979 1981
299 3555
326 3815
1413 1417
2943 2981
89 3783
2207 2208
1357 1361
668 3177
273 3872
1565 1567
2913 2921
2463 2471
1238 1247
1763 2483
1616 1617
1734 1735
120 3929
2700 2702
1820 1822
201 3642
275 3870
3286 3290
68 3804
714 3407
1005 1006
75 3950
2130 2170
2093 2095
1231 2877
2955 2960
1123 1132
874 875
3665 3668
2505 2507
1793 2359
2848 2849
335 3525
1190 2751
1027 2811
2102 2109
3151 3152
2917 2920
43 3835
734 3112
1629 1630
2495 2496
1774 2390
634 3495
2640 2644
1324 1327
1398 2530
537 3600
2588 2591
2025 2033
196 197
247 3882
1625 1627
1062 1064
423 3699
1044 3022
903 2937
2963 2966
2900 2906
2890 2891
2221 2223
371 372
1187 2753
1009 1013
111 3935
872 3004
1254 2658
359 3779
958 959
1240 1243
1757 2457
349 3806
428 3414
432 3405
505 3334
2537 2540
2556 2563
2397 2455
1526 1541
1665 1672
1472 2555
1800 2325
226 3620
465 3673
466 3346
2661 2664
540 3284
1424 2504
1607 1685
2061 2066
2931 2933
754 3102
1813 2304
1914 1917
1122 1137
492 3652
172 3911
617 618
2460 2461
2510 2511
1437 1438
274 3871
2799 2800
1058 1061
227 3616
53 3965
238 3602
3656 3660
1664 1668
213 3893
1001 1003
1387 2532
464 3352
163 3698
431 3692
1379 1380
628 3214
3106 3108
1386 1388
2285 2286
1315 2708
1232 2875
1920 1921
1042 3024
42 3972
1559 1562
602 3224
474 3344
2736 2737
1619 1622
93 3944
2950 2953
1977 1978
2164 2166
1886 1887
1645 1649
724 3135
1993 2037
1014 2819
296 3854
2210 2216
234 3609
649 3188
304 3551
790 3313
1750 1751
871 3026
1692 1706
491 3653
3376 3378
1215 2882
2473 2477
1222 1223
1901 1902
451 3387
264 3576
156 3712
2480 2481
1777 2438
2097 2107
973 3099
457 3679
1508 1512
346 3503
925 926
198 3644
768 772
1849 1853
1265 1266
2602 2608
1998 2018
1697 2514
2855 2857
1083 3000
262 3875
643 3205
1464 1467
427 429
192 3902
3800 3802
524 3293
444 3687
1052 3020
978 2825
2880 2883
855 3194
2752 2761
1663 1669
2321 2323
2337 2338
965 3109
1904 2295
459 3381
3086 3087
827 3072
1371 2693
2405 2409
1640 1642
2688 2689
6 3864
1037 1038
404 3730
1938 2230
408 3729
1611 1675
1204 1210
2318 2319
85 3786
1092 2769
1590 2521
18 3986
862 3190
350 3805
218 3629
400 3734
1471 2564
1890 1891
1608 1609
1814 1819
1459 1468
3446 3457
791 3312
526 3613
1542 1569
929 2888
64 3958
1861 1866
509 3621
2299 2300
1066 2792
347 3502
1359 1360
1794 2356
1078 3011
600 3227
309 3830
2838 2843
473 3666
1073 3015
3700 3701
1995 2016
142 3735
2138 2140
2168 2176
173 3910
386 3464
2807 2808
824 3251
48 3823
342 3509
877 2990
1713 1715
707 711
689 3439
1492 1525
285 3862
334 337
313 3548
1834 2271
613 3516
1077 3013
1704 1705
447 3398
1855 1865
1312 2812
15 3989
483 3658
2368 2380
2070 2080
1771 2439
555 556
538 3595
2153 2154
1134 1135
716 3402
2651 2654
1653 1671
853 3037
150 3920
416 3714
796 3300
436 437
786 788
3608 3612
361 3774
2903 2904
177 3677
1451 1456
2626 2632
2954 2968
1556 1560
2701 2721
1141 1149
1804 2320
2674 2676
3001 3002
1491 1527
1824 2301
4 3994
295 3855
3010 3012
803 3294
986 992
1519 1524
449 3682
1197 2909
2098 2105
3413 3415
1236 2871
1355 1358
2195 2198
231 3611
2000 2001
1356 1362
425 3695
1182 2936
260 3579
2218 2219
2629 2635
489 3657
769 770
1988 1991
1842 1994
870 873
2639 2657
2918 2919
1034 2803
379 3754
2824 2826
1880 2358
2048 2049
2326 2339
9 3859
375 3475
896 3180
116 3931
577 3252
795 3308
1831 2275
2413 2416
700 3142
193 3648
1490 1503
1340 1341
205 3637
593 3230
2515 2516
1726 1742
1404 1411
20 3853
1374 2692
729 3383
2431 2433
1107 1108
1729 1731
3220 3245
799 3299
1 3996
164 3697
355 3791
240 3592
1591 1594
186 3662
514 3324
1582 1595
1086 2996
2589 2590
229 3886
592 595
152 3919
606 3219
3360 3365
1067 3018
1225 1226
2135 2136
1241 1242
779 3085
442 3400
2371 2372
2647 2649
2081 2084
1433 1435
911 912
833 3218
2302 2312
2616 2624
3031 3034
843 3206
987 998
1262 2840
635 3494
2114 2117
480 3342
1150 1152
1259 2842
954 957
77 3949
2027 2031
1605 1688
2065 2078
787 3084
3354 3358
1613 1624
2653 2655
2646 2650
419 3710
2718 2725
357 3787
2197 2243
182 3669
920 2908
2487 2488
2331 2332
2248 2258
104 3768
1811 1812
1136 1139
2604 2607
1951 1952
463 3367
321 3818
688 3440
2127 2181
316 3822
1618 1654
938 2879
2054 2055
623 3505
949 3127
81 3947
2035 2036
561 3568
1702 1703
5 8
158 3708
2575 2580
151 3717
2762 2764
774 3094
2895 2901
994 2821
3162 3163
1394 2531
243 3589
115 3932
2363 2367
1117 1177
541 544
102 3939
1084 2999
1051 2794
2238 2261
3197 3198
256 3580
819 3255
516 3619
951 3121
1347 1349
2829 2831
808 3080
3055 3056
3066 3070
2717 2773
202 3899
2058 2086
2381 2394
1120 1168
3091 3092
127 3926
2284 2288
558 3571
2677 2678
2703 2709
890 891
1856 1862
1481 2534
1583 1584
341 3510
1741 1755
981 3096
159 3915
3051 3053
135 3744
674 3159
3447 3452
2681 2686
215 3630
1760 2446
1211 2892
547 3283
279 3567
1154 1157
390 392
103 3769
878 882
974 2853
1631 2498
2373 2376
495 3647
2345 2346
108 3764
2196 2247
811 3267
503 3627
1212 2886
1206 2734
79 3948
597 3528
1158 2964
1795 2341
210 3894
1237 1248
1186 1188
88 3784
631 3499
462 3374
1502 1506
1930 1937
267 3874
1416 1420
2314 2316
3264 3266
1872 1873
705 3139
690 3438
2227 2231
3116 3117
91 3781
1022 3029
39 3839
438 3401
149 3921
2863 2864
1028 1030
936 3145
1722 1723
3242 3243
608 3523
2276 2296
2958 2959
759 3100
1470 1478
776 3088
2414 2415
831 3065
2329 2334
59 3961
74 3798
1644 1650
22 3848
1369 1372
3422 3425
980 982
1192 2912
1474 2536
612 3519
1102 2993
1054 1057
1942 2203
2419 2449
216 3892
369 3477
2091 2096
1743 1752
517 3618
1816 1817
11 3992
1843 1845
1683 1684
1577 1578
1696 1701
603 3527
815 820
934 3147
2308 2309
403 3428
2370 2377
467 3672
1423 2509
54 3964
183 3664
1826 2430
1428 1429
1418 1419
420 3709
720 3397
588 3532
1677 1678
1383 2543
26 3980
749 3366
1367 2576
138 3738
348 3496
2344 2350
1161 1167
3598 3599
36 3840
2533 2541
3249 3250
1008 3083
96 3775
2063 2126
782 3333
281 3562
27 3846
257 258
1568 1572
2465 2467
661 3185
384 3753
225 3887
383 3465
394 3746
3 3868
73 3951
2155 2157
1198 2899
160 3706
1497 1498
1033 1036
939 3140
1895 1896
1267 2836
2045 2050
607 3217
2546 2559
731 3382
1345 1348
566 3268
3035 3049
814 825
1277 1279
2257 2259
1406 2571
1252 2659
1765 2443
2184 2190
2006 2007
1719 2506
1809 1821
1228 2878
3304 3305
1311 1313
1959 1963
1264 2839
1045 1047
327 3814
34 3976
553 3574
1553 1554
1612 1614
2834 2837
1185 1189
2856 2861
2614 2615
630 3500
219 3890
3060 3067
539 3285
129 3924
1023 2813
3411 3417
406 407
2177 2178
3490 3491
1635 1647
3515 3517
2144 2159
2364 2384
1825 2298
739 742
3625 3626
1089 2780
44 3971
639 640
784 3330
433 3404
1017 3076
454 3681
3298 3307
169 3694
3260 3261
848 3043
1261 2652
1074 3014
1720 2502
2544 2545
1021 3074
302 3838
286 3861
1580 1581
165 3914
629 3210
113 3933
804 3275
3716 3718
1764 1767
1600 1626
2023 2029
3123 3124
931 3153
2798 2809
2252 2254
687 3441
1838 1854
2134 2137
2180 2182
1171 2957
46 3969
1634 2490
12 3991
2970 2971
683 685
2914 2922
1292 2641
94 3943
2714 2715
1874 1875
2699 2722
487 488
2148 2152
282 3560
2679 2680
17 3987
3132 3133
756 762
780 3355
2748 2750
1328 1370
155 3713
41 3973
3596 3597
460 3375
693 3437
746 747
66 3956
1113 1115
1596 2520
519 3318
1049 3021
1934 1957
157 3916
373 3759
175 3680
387 3749
239 3883
1306 1307
2930 2932
632 3498
645 3202
1768 1769
956 2870
288 3857
2865 2867
1954 2119
1314 2710
2662 2663
2069 2073
19 3985
518 3321
1025 1026
1010 3082
1195 2749
1059 1060
2425 2428
2004 2010
3226 3239
2026 2028
844 3203
470 3667
291 3557
3038 3039
2713 2810
2110 2111
2067 2076
901 3171
2019 2024
565 3563
2082 2083
121 3756
715 719
962 3113
2365 2366
86 3785
1987 2043
1621 1632
2211 2212
3688 3689
331 3535
763 3362
1833 2274
972 3107
1377 2687
1680 1682
1528 1540
3325 3326
888 3186
1585 1586
1810 2317
3295 3314
506 507
360 3778
1234 2874
2972 2974
2723 2724
3370 3371
58 3811
146 3722
1510 1511
2263 2264
1090 2775
2186 2187
1216 1219
2450 2451
2735 2738
1080 3009
1587 1588
1679 2472
2057 2059
2726 2772
3485 3488
2417 2418
311 3827
49 3968
1796 1799
841 3046
654 3479
995 997
2396 2420
572 3256
1285 1286
2669 2670
1918 1919
1221 2685
3301 3303
1922 1923
864 865
983 3095
2131 2141
589 3530
800 3081
924 3155
1574 1575
391 3459
266 3572
194 3901
858 859
1462 1463
969 2868
2897 2898
1091 2774
1184 2755
856 3032
2610 2611
2925 2935
810 3269
611 3215
1432 1434
328 3540
840 3062
57 3962
2558 2562
2160 2161
2150 2151
1839 2022
549 3280
1879 1903
72 3952
2948 2949
2577 2578
1597 1694
1173 1174
1791 1792
2479 2482
315 3824
424 3418
1947 2175
381 382
3233 3236
417 3711
2969 2976
2815 2816
2011 2017
1740 2489
523 3316
110 3936
755 3363
475 476
1217 1218
2062 2193
647 3199
230 3885
98 3772
2525 2528
1690 1691
211 3635
735 3110
60 3960
2560 2672
136 3743
2034 2255
1837 1871
1482 1483
1948 1949
1065 2793
740 741
2 3995
744 3103
1801 1803
368 3766
946 3131
1732 1737
1085 2998
679 3463
667 3182
2401 2452
1496 1500
528 529
712 3137
1717 1725
775 3093
554 3279
1615 1674
887 900
14 3990
237 3603
3232 3238
1779 1780
37 3975
818 3257
2581 2593
479 3659
2146 2147
3739 3740
2407 2408
1453 1454
236 3604
637 3208
1412 1422
1105 1106
47 3829
1048 1050
1133 1165
253 3878
830 3071
1081 3007
1446 1448
3040 3041
1601 1602
838 839
559 560
56 3813
242 246
842 3207
777 778
662 664
3050 3052
536 3601
1075 2784
1452 1455
1772 1776
1789 1790
1633 2492
1888 1893
789 3315
1072 2785
1427 1442
2601 2612
445 3685
500 3335
2213 2241
1912 1990
263 3578
1753 1754
1400 1415
208 3896
1031 2806
2233 2236
209 3895
794 797
1915 1971
1543 1566
1881 1899
3008 3017
809 3270
567 568
2386 2387
975 977
171 3686
691 698
642 651
3054 3069
1460 1461
942 2873
1447 2568
2047 2052
217 3891
3320 3323
1320 2704
2716 2778
736 737
2348 2349
1648 1651
1976 1983
1658 1670
3394 3396
837 3063
2249 2251
1443 1445
1925 1933
905 3170
895 3181
134 3745
329 3538
374 3758
178 3675
214 3632
2383 2388
2398 2403
2315 2322
3019 3025
569 3262
1655 1659
259 3877
3276 3278
21 3852
3420 3421
2039 2051
3263 3265
1260 2841
886 2984
1589 2523
1900 2313
1019 3075
1598 1693
181 3670
2303 2310
2786 2796
564 3271
2585 2587
771 3356
2850 2851
314 3825
356 3790
580 3539
2139 2145
2978 2979
515 3322
1721 1724
3164 3167
224 3622
244 3588
409 3426
345 3504
1291 2642
1256 2852
2395 2429
2079 2118
857 3030
140 3922
2217 2224
758 760
1473 1477
881 883
413 3715
1354 2583
1666 1667
947 3130
1344 2586
525 3614
1708 2508
24 3847
915 921
30 3978
1882 1885
426 3416
1233 1250
268 3570
2268 2269
1620 1652
2402 2412
1138 1151
999 1004
1982 1989
586 3534
293 294
477 3343
1403 1414
1555 1576
455 456
694 3434
3373 3380
1968 1969
284 3865
418 3423
2854 2858
154 3917
301 3552
92 3777
1449 1450
67 3955
2392 2462
943 2872
587 3533
2941 2942
2961 2967
2179 2183
396 3444
2517 2519
2112 2115
1290 2814
1043 3023
863 3189
615 3512
916 2923
380 3468
970 971
899 3176
29 3979
2347 2355
352 3487
2965 2973
948 3128
1592 1593
3158 3160
95 3776
1716 1746
38 3974
1382 1384
2754 2756
1656 1657
497 498
677 3146
1142 1163
710 713
440 441
249 3880
805 3274
625 3501
609 3520
245 3586
1295 2627
502 3631
1032 2804
255 3581
203 3898
2787 2788
2712 2719
3377 3379
636 3209
1160 1169
1939 2229
1395 1397
594 3229
114 3762
2915 2916
344 3807
254 3582
733 3119
535 3605
2132 2133
703 708
1681 2458
1378 1396
937 3144
604 3221
1278 1287
1183 2759
2327 2328
2447 2448
277 3569
1517 2529
251 3585
271 276
1178 2956
170 3693
1964 1972
1431 1441
521 3617
2422 2442
1180 2940
653 3481
761 3098
792 3311
2124 2125
2128 2165
2728 2740
50 3816
1926 2234
785 3317
2032 2265
1489 1529
3704 3707
530 3607
1326 1330
2426 2427
1485 1552
1773 1775
1916 1960
2989 2991
1636 2485
2711 2720
2290 2291
557 3273
1941 1943
1544 1551
2199 2202
1913 2287
940 2876
496 3646
812 3079
675 3467
1230 2660
1892 1898
676 3156
692 695
1929 1932
2975 2986
2550 2552
671 672
412 3719
1208 2730
3521 3522
732 3129
490 3655
1788 2385
551 3577
3450 3451
2072 2075
366 3478
845 846
2423 2440
377 3472
3638 3640
2005 2008
2324 2330
340 3513
1494 1495
1430 1436
1093 1099
682 3443
534 3287
1179 2760
250 3879
849 850
1196 2746
3724 3728
378 3470
620 624
1909 1992
2188 2189
1936 1940
322 323
2002 2003
1329 1335
2464 2469
1730 1738
1103 2988
1509 1513
2827 2828
1465 1466
1749 1756
1128 1129
478 3661
69 3954
1996 2009
511 513
1637 1639
1385 1389
2335 2336
1318 2706
852 3196
3336 3348
765 767
1194 2911
1699 2512
1533 1534
3192 3193
2538 2539
2279 2280
1889 2351
2250 2256
278 3869
1931 1935
670 3174
1781 1786
1251 2866
2012 2013
200 3643
1830 1832
3338 3339
1100 1101
2354 2357
184 3906
984 3090
2277 2283
363 3486
180 3674
847 3045
660 3471
3350 3351
575 3254
221 3889
2305 2311
2064 2123
854 3033
292 3856
3455 3456
1363 1364
2817 2818
3983 3984
832 3064
1911 2294
3141 3143
876 2992
935 2884
132 3923
2887 2889
585 3536
960 2869
2068 2074
652 657
646 3200
1235 1239
656 3474
1071 3016
446 3683
930 2885
2382 2389
2630 2634
1070 2789
961 3114
885 3187
717 718
542 3594
1321 1322
3104 3105
458 3678
1783 1784
1728 1739
1475 1476
2765 2770
124 3928
1392 1393
1973 1980
1143 1146
233 3610
2215 2225
367 3767
3448 3449
773 3097
2779 2797
2567 2572
2120 2129
619 3508
3388 3390
300 3554
2435 2437
2453 2454
1040 1046
1955 1975
3122 3125
330 3812
1131 1166
898 3178
2306 2307
1504 1505
3036 3048
879 880
1480 2501
1906 1907
816 817
550 3583
1274 1288
204 3639
1253 2862
605 3524
1557 1558
2226 2228
686 699
829 3247
2085 2089
2491 2493
1244 1249
552 3575
783 3332
2832 2833
1336 1339
1323 2698
147 3721
306 3550
1121 1124
2209 2220
141 143
212 3634
1782 1785
1337 1338
2360 2362
2090 2092
2172 2173
626 627
1301 1304
1984 1986
1346 1353
1564 1573
118 3930
1220 2881
1548 1550
2169 2174
2566 2637
1828 2379
2158 2167
2240 2242
884 2985
179 3907
1840 1841
1426 1439
508 3331
1401 2574
343 3810
220 3628
669 3175
2205 2206
40 3836
866 869
501 3633
109 3763
988 991
2278 2282
543 3593
928 2893
2038 2042
963 968
1281 1282
2743 2747
1373 1375
469 3671
2071 2077
2262 2270
2697 2727
1018 1020
3799 3801
1140 1164
1859 1860
985 1000
1686 1687
2421 2444
2795 2802
1076 2781
411 3725
3319 3327
3558 3559
1846 1848
678 3466
1806 1807
913 3165
512 3328
826 3073
906 2924
1035 1039
2404 2406
1381 2673
191 3649
1334 1343
725 726
2782 2783
520 522
185 3663
71 3803
471 472
283 3866
1002 3089
3482 3484
923 3157
2845 2846
2605 2606
1300 2625
289 290
3057 3068
927 2894
188 3905
222 3888
2040 2041
966 967
1402 1405
3234 3235
2859 2860
144 3731
697 3432
2551 2553
860 3191
3353 3359
1280 1284
1258 2844
128 3925
1507 1514
2474 2475
3115 3118
822 823
393 3458
336 338
933 3148
1660 1673
1257 2847
385 3750
621 622
1877 1878
324 3543
570 3561
1007 2820
648 3195
1269 2822
443 3399
1457 1469
2292 2293
45 3970
1069 2790
730 3134
1857 1870
3231 3237
590 3244
1997 1999
303 3837
223 3623
1399 2522
738 3372
1884 2352
1676 2478
2732 2733
2424 2432
1104 1118
721 3136
1227 2668
3831 3832
1944 2192
1714 1718
1851 1852
3149 3154
2675 2682
61 3809
727 3391
145 3723
702 3409
532 3289
1579 2524
1308 1316
1727 2499
1479 2535
1119 1175
35 3841
2595 2636
2617 2618
62 3808
922 2907
1332 2596
867 868
3544 3545
2665 2666
106 3938
1599 2500
1747 1748
3222 3223
305 3834
1110 2768
1263 2648
2342 2343
663 665
2245 2246
801 3297
599 601
468 3345
573 3556
1815 1818
318 3820
228 3615
63 3959
2554 2557
1531 1545
130 3747
681 3460
836 3211
902 2938
1144 1145
448 3395
13 3858
112 3934
1421 2513
1294 2628
207 3636
414 415
2466 2468
904 2926
893 3184
1153 2987
582 583
2494 2497
2369 2378
655 3476
3047 3061
494 3337
748 3368
1501 1515
1797 1798
2393 2459
2232 2237
638 3489
1530 1547
2620 2621
2142 2143
2087 2088
422 3419
728 3385
578 579
510 3329
1351 1352
362 3773
1643 1646
435 3403
1689 1707
2410 2411
3732 3733
76 3796
2056 2253
1296 1299
1297 1298
766 3357
1516 1522
1695 2518
3277 3282
33 3842
388 3462
70 3953
1342 1350
723 3392
317 3821
1229 2667
52 3966
1965 1967
1829 2361
1407 2570
105 3765
100 3941
332 3531
2542 2549
709 3408
851 3201
153 3918
1953 2171
1214 2691
80 3792
1802 1823
2951 2952
364 3480
2044 2101
2235 2272
1863 1864
