1999
1348 1353
490 491
864 872
1680 1685
1072 2878
322 3755
200 3708
371 3720
1910 1922
885 3206
2256 2263
1159 2882
1894 1896
484 3563
385 387
254 3815
614 3291
1187 2798
786 3275
3172 3173
1873 1874
1413 2648
1555 1560
1349 1350
1540 1541
132 3794
156 3763
940 2972
3582 3583
2682 2683
54 3964
964 2957
214 3700
360 3516
2452 2453
1177 2766
1289 1292
544 3359
764 3118
2 3997
739 3138
963 2958
1683 1686
1079 2842
1861 1875
288 3777
648 3264
796 3096
480 3565
1650 1668
3519 3520
3168 3169
252 3655
353 3530
708 3220
403 3496
2390 2391
259 3805
938 3144
289 3776
1933 1934
514 3385
1966 1969
2577 2579
747 3131
3319 3320
297 3617
37 3904
119 3806
2909 2928
1900 1906
3627 3631
2260 2262
2014 2027
1175 2815
848 854
3166 3170
1265 1293
1472 2589
2273 2274
1369 1373
1399 2669
569 3509
1058 1059
312 3593
608 3300
2513 2528
1800 1801
1503 1504
630 3276
1706 1713
1549 1750
1301 2723
189 3864
1008 3068
1766 1816
58 3962
830 3085
1264 1267
994 998
125 3797
434 3622
1168 2843
456 3600
660 664
2663 2664
858 3059
1359 2656
2437 2439
2411 2412
1462 2542
1533 1834
2911 2915
1254 2780
1690 2401
1366 1388
1298 2729
1526 1530
268 3799
2266 2268
346 3543
369 3721
1410 2655
1311 2708
502 3400
33 3979
3607 3608
1192 1200
144 3774
174 3886
2558 2563
442 3611
847 3064
3736 3737
290 3625
1656 1657
415 3663
1091 2837
1080 1082
1343 2704
2607 2624
3580 3584
1011 3065
756 3306
2544 2548
1758 1760
795 3265
448 3453
218 3697
41 3973
2828 2830
2265 2267
2319 2393
2792 2794
1135 2776
112 3939
2106 2109
1131 2783
299 3768
1041 1047
87 3950
888 3034
141 3785
3386 3387
2276 2292
225 3832
1018 1024
533 3533
411 3669
1465 1466
863 868
1823 2186
1319 2684
2145 2146
2012 2025
563 3348
1687 1692
1878 1879
2396 2410
907 3178
89 3850
1390 2692
2135 2136
567 3512
855 3063
162 3895
2898 2899
859 3232
2049 2051
1901 1902
821 823
1559 1673
802 805
454 3444
343 3545
90 3949
1266 1274
1286 1287
405 3677
3664 3665
262 3653
1771 1775
82 3952
1864 1865
678 3236
196 3859
1726 1737
970 976
2814 2829
1732 1735
3732 3733
2405 2433
1336 2705
2015 2017
2734 2735
1798 1808
1162 2849
735 3142
1776 1777
3123 3126
207 3701
838 3080
705 3226
2531 2533
576 3337
426 3636
1104 2947
912 3163
368 3722
1755 2193
752 3316
311 3595
508 3389
1358 2657
3117 3129
1844 1846
2243 2244
238 3825
1345 2702
1183 1189
681 3231
1106 2833
352 3531
684 3393
1160 2858
2340 2352
906 3014
606 3485
445 3604
3217 3218
953 965
2180 2184
1435 1436
1395 2686
2850 2867
483 3564
1529 1835
3478 3488
1828 1830
2380 2417
633 3455
806 810
3242 3245
914 2993
468 3585
696 3365
1226 1234
624 3470
2091 2103
1102 2950
1648 1649
406 3676
2205 2220
155 3764
2543 2550
985 3076
2127 2138
917 2989
2331 2337
2761 2771
2008 2371
820 3089
1848 2128
407 3673
695 3367
145 3773
384 388
4 3928
553 3514
15 3990
105 3942
731 3335
237 3679
168 3746
2489 2490
2627 2629
1884 2567
118 3937
1437 1438
65 3878
46 3970
637 3447
2670 2674
758 3305
1620 1623
636 3269
1367 2644
1943 1953
1145 1149
1516 2500
250 3657
824 3240
1470 1471
143 3916
186 3866
740 3136
6 3995
142 3784
825 826
44 3971
1678 1679
616 3283
2030 2031
75 3871
903 3199
329 3569
532 3534
1232 1235
918 3156
928 2982
2153 2154
2921 2923
2727 2728
215 3841
390 3500
743 3133
1964 2430
665 3253
1677 1681
3521 3522
1246 1248
477 485
2013 2024
1572 1574
894 895
1027 1032
2732 2774
3250 3256
2317 2318
107 3827
2862 2874
844 3066
1629 2457
589 3495
198 3712
1642 1644
195 3715
2028 2029
801 3257
962 2959
2048 2050
2321 2358
440 3614
192 3716
43 3900
1635 1636
344 3741
260 3804
223 3834
666 3409
741 3323
1151 2768
68 3957
1661 1665
2004 2005
1360 2653
693 3370
1330 1340
2444 2445
2799 2806
126 3933
216 3699
231 3684
1577 1670
597 3309
3184 3194
180 3726
779 3290
523 3379
1095 2954
139 3789
3429 3431
713 3349
1077 2994
1176 2767
1467 2523
1444 1445
570 3346
707 3225
2270 2303
843 3069
516 3384
34 3978
519 3381
1694 1697
1999 2373
2564 2571
2132 2163
2338 2339
3176 3188
1925 1926
1882 2568
958 959
1429 1441
1570 1581
535 3527
722 3345
1655 1658
323 3574
980 3084
2910 2916
2370 2375
1156 2893
354 3734
3758 3760
2169 2174
3208 3216
1332 1337
2328 2329
306 3765
3556 3558
2209 2210
2525 2526
2126 2140
1460 2590
446 3603
1137 2773
3652 3658
2346 2348
3781 3782
2473 2486
657 3425
134 3792
2508 2512
188 3865
2818 2822
32 3980
619 620
761 763
2425 2426
1344 1346
1604 2482
560 3350
1963 2441
489 3415
3330 3331
24 3913
1211 2790
1191 2793
2246 2293
109 3940
163 3762
600 601
2219 2221
1400 1404
471 3435
1020 1021
3648 3661
1702 1704
2631 2632
1421 2600
2238 2300
1984 1986
816 817
210 3845
3053 3055
497 3411
1568 2497
977 3097
738 3326
921 3152
3045 3051
699 700
282 3780
1270 2725
1567 1672
902 905
3405 3406
158 160
462 3438
30 3908
671 673
862 874
687 688
2322 2323
1745 1747
733 3334
2251 2252
275 3793
504 3398
1998 2000
1937 2449
916 3158
1490 1509
1600 2491
261 3654
3222 3223
771 3292
1768 1809
2514 2518
571 3340
981 3083
127 3932
2306 2307
721 3167
2635 2638
2796 2797
1376 2625
2397 2400
1461 1464
2845 2847
781 3286
433 3467
2572 2576
2517 2521
543 3360
3007 3009
1247 1263
561 562
1818 1819
111 3822
744 3132
495 3560
320 3577
295 3620
506 3392
414 3489
2800 2803
1085 2991
427 3469
1122 1126
1979 1981
327 3570
908 3013
710 3354
362 3515
2530 2532
396 3687
435 3466
3109 3134
2413 2414
2614 2616
244 3817
3456 3459
3190 3193
401 402
2309 2364
1936 2537
2264 2269
417 3477
201 3707
78 3868
1123 1124
294 3621
1674 1675
1930 1931
714 3215
2861 2875
1455 2591
1829 2185
799 3260
920 3153
2332 2336
1645 1646
1434 1447
950 3135
51 3891
2696 2703
865 866
992 2945
971 972
909 3177
1129 1130
1958 1960
1764 1817
1988 2043
1601 2487
191 3717
2113 2116
2404 2406
2467 2469
1860 1862
96 3840
2249 2253
974 3105
541 3525
296 3618
536 3526
2749 2752
1222 1249
53 3889
1028 3041
755 3121
3343 3344
467 3436
736 3332
131 3929
1780 1795
2311 2314
1418 1420
945 2970
1651 1662
2333 2334
2665 2671
1550 1749
317 3586
304 3609
1492 1506
834 851
470 3575
1836 1839
444 447
1306 1310
281 3787
140 3786
1442 1443
205 3849
933 937
3252 3254
383 3696
1578 1664
1010 3067
591 3492
1019 3044
1406 1411
767 3116
1545 1547
2966 2967
248 3816
1238 1239
578 3329
2230 2234
428 3635
26 3983
3185 3186
2009 2034
292 3771
2999 3004
2176 2179
588 592
1632 2454
2018 2019
765 3295
1273 1275
539 3362
265 3801
1975 1976
342 3742
2428 2429
56 3887
2609 2610
653 3428
2379 2382
1590 2496
584 586
925 2984
1693 2316
889 3031
1063 2996
718 3192
1216 1218
861 876
936 3145
814 815
2279 2284
1320 2681
2983 2990
76 3870
2383 2384
996 1000
2287 2290
1138 1141
3645 3647
686 689
3091 3095
1856 2076
505 3395
1217 2788
910 3010
1515 2574
324 3754
956 960
1329 1341
1294 1303
81 3862
21 3987
450 451
2418 2419
640 642
923 2987
2079 2090
1186 2807
113 3821
2951 2952
298 3616
1565 2499
413 3666
1459 2578
1154 2894
291 3624
645 647
62 3879
1392 1393
3449 3450
2694 2695
2377 2378
727 3341
701 3229
1479 2511
11 3992
1517 1561
2198 2223
1724 1731
84 3951
1682 1684
2181 2254
2084 2088
319 3578
321 3576
1618 1619
3020 3023
1627 2466
602 604
886 887
1786 1791
1832 1843
1228 1229
943 944
762 3299
1924 2555
2751 2754
794 3099
2639 2640
726 3157
167 3747
151 3766
503 3541
2117 2118
1543 1544
663 3413
2083 2165
61 3883
1230 1233
3110 3114
379 3705
2177 2178
91 3848
1991 2422
457 3599
193 3863
50 3968
1909 1911
257 3808
1908 2557
55 3888
1787 1788
720 3171
2006 2372
1947 2054
153 3906
1825 1827
1370 1384
2760 2772
635 3448
135 3922
1890 1891
381 3502
879 3039
69 3956
170 3744
1044 1045
176 3882
930 2977
2320 2351
1062 1065
1161 2853
2204 2308
418 3644
837 3082
2975 2978
3549 3554
857 3234
2691 2709
2258 2259
136 3921
2545 2552
337 3743
829 3086
2245 2248
1821 2189
463 3592
1615 1630
1703 2310
822 3241
1666 1669
1851 1859
263 3651
1417 2602
331 3750
1093 2964
325 3753
1144 2920
382 3702
3442 3443
2385 2387
1855 2078
80 3867
1013 3061
159 3899
1950 1965
1221 2782
1883 1887
1257 1258
679 3235
27 3982
1305 2688
3012 3016
1485 1486
172 3740
1087 2840
2241 2297
469 3579
2010 2033
2124 2147
2608 2611
2215 2228
1026 2902
2617 2618
1037 2897
1108 2944
1587 1588
2120 2121
2873 2876
2948 2949
115 3938
3204 3207
1261 2779
742 3322
969 2955
1213 2741
1146 2919
1224 2740
1003 2932
555 559
2628 2642
1793 1794
2547 2549
809 3093
1569 1589
501 3407
725 3342
622 3279
3259 3261
605 3486
1691 2394
2200 2222
1915 1923
1387 1389
955 2965
1164 1166
2060 2062
114 3820
1972 1973
1302 1307
1195 1209
1505 1507
1452 1453
1688 1689
2386 2388
2003 2037
1363 2697
1919 1921
2058 2065
22 3986
1057 3006
1912 1913
1978 2427
1779 1796
1700 1701
3772 3775
785 3101
2399 2402
2565 2569
1756 1765
1524 1841
1536 1757
973 3106
1231 1241
1281 2711
2929 2930
397 3497
667 668
1631 2456
675 3239
798 3094
36 3976
2007 2036
1163 1165
1905 1914
1067 2883
2170 2172
2871 2872
2067 2072
1903 1904
1752 1754
3002 3003
1205 2753
890 891
1054 1056
1006 2908
2168 2175
2097 2100
2141 2143
285 3778
1845 2130
1893 1895
1514 2575
1487 1512
2080 2082
479 3566
412 3494
455 3440
1015 3048
1951 1952
389 3501
19 3918
2855 2856
2152 2162
458 3598
572 3339
1450 2596
375 3709
2020 2026
856 3060
835 845
2816 2819
1944 2070
2603 2604
3638 3642
2471 2472
206 3704
1531 1532
846 849
1751 1753
1484 1488
2619 2620
1759 1761
1423 2636
880 881
2863 2864
1361 2698
1250 1252
334 3552
904 3195
148 3911
1088 1089
3476 3480
728 3338
1812 1813
2206 2207
2443 2447
1727 1728
2420 2421
954 2968
2736 2757
1105 2946
1571 1573
367 3511
185 3876
264 3650
280 3629
157 3901
2762 2765
1362 2651
1945 2068
1996 2374
2559 2560
486 3424
57 3963
1219 2786
420 3473
16 3919
1712 1734
1184 2811
1482 1513
1885 1899
370 3506
378 3503
1714 1716
476 478
2488 2492
318 3581
12 3923
2212 2214
2281 2282
931 2976
1206 2745
2817 2826
2059 2063
1277 2721
3057 3058
245 3668
1877 1938
251 3656
1402 1407
750 3317
2812 2813
386 3695
247 3659
212 213
391 3694
1034 3029
2540 2541
1033 2901
2211 2229
1142 2922
1525 1840
1799 1803
2285 2286
674 3248
1022 1023
2854 2857
422 3471
840 841
1652 1653
1055 3017
711 3353
566 3347
2190 2250
1500 1508
2182 2183
1096 1098
3213 3214
2676 2677
1633 2403
3383 3388
1769 1783
2960 2961
17 3989
481 482
3410 3412
989 3073
961 2962
2139 2142
1086 2981
204 3852
1499 1501
3035 3036
2733 2759
1004 1005
330 3751
2217 2227
577 3333
3197 3198
1202 2755
2844 2848
1014 3049
893 3026
628 3277
512 513
518 3382
3 3996
110 3824
1880 2570
1038 2896
1134 2777
1584 1585
2479 2484
2155 2156
1251 1253
1193 1197
366 3723
836 839
208 3847
3077 3079
919 3155
582 3328
1781 1792
1448 2633
1770 1811
101 3943
2464 2465
792 3271
1147 2917
1946 2055
791 3272
531 3366
654 3427
1279 2720
1556 1557
545 550
2367 2368
1857 1858
380 3703
2325 2347
2504 2535
898 3203
1321 1324
398 3683
409 3670
573 574
338 339
1478 2587
1255 1256
95 3842
669 3404
1814 1815
634 3452
1386 2606
1051 1052
355 3731
1112 2940
1591 1593
1115 1116
466 3587
3445 3446
1173 2827
443 3610
1715 1733
1295 1296
66 3875
2546 2551
421 3640
610 3297
2646 2647
1476 1477
356 3529
326 3571
1110 1114
2069 2071
1150 2769
3281 3284
2131 2164
670 3403
1117 1120
1377 1380
2931 2936
1179 1181
496 3557
1215 2789
754 3127
650 651
38 3975
929 2980
2498 2501
100 3944
948 3137
1916 1920
73 3954
2900 2904
1075 2846
677 3399
3401 3402
1699 1705
86 3854
209 3846
932 3150
2852 2865
147 3912
2094 2098
1398 1405
1342 1354
2240 2242
202 3857
3219 3221
14 3991
2039 2040
473 3432
7 3926
2889 2890
1475 2522
638 3268
1331 1333
827 3238
3196 3200
184 3877
724 3160
242 3818
2509 2510
2895 2913
751 3128
646 3430
1113 2938
595 3491
1804 1805
9 3924
71 3874
219 3692
999 2937
1316 1317
1042 1043
1262 2731
871 873
1647 1663
2092 2096
226 3686
1592 1594
768 769
1422 2637
2650 2652
978 3087
123 3935
1917 1918
2593 2594
603 3307
2295 2296
1717 1719
568 3510
1720 1725
2713 2717
652 655
2431 2440
2324 2357
169 3745
1539 1542
587 3315
1440 1446
2912 2914
392 3499
2395 2416
1744 2197
1039 3024
878 884
3422 3423
1868 1869
2868 2870
438 3463
1284 1290
2344 2350
2085 2160
1496 1502
2233 2236
429 3634
498 3555
1133 2781
590 3493
1357 2699
2660 2679
1338 1339
993 3071
293 3769
685 3391
2494 2495
128 3931
1599 1602
2289 2291
2933 2934
2046 2047
1081 2841
1424 1428
302 3767
609 3298
2408 2415
1048 1049
2519 2520
70 3955
1237 1243
1992 2042
13 3920
133 3925
2804 2805
842 3078
161 3896
2041 2167
2880 2881
875 3040
3054 3056
1280 2712
2582 2584
1610 1613
1312 2687
2820 2821
975 3098
987 3074
780 3103
166 3894
2455 2459
2114 2115
430 3632
1941 1959
1456 1457
3872 3873
1518 1519
1425 2598
308 3605
3368 3374
47 3897
2187 2188
1198 1199
1172 2835
361 3725
757 3119
1378 1379
1608 1609
524 3378
737 3140
1614 2474
3479 3484
3033 3037
1064 1070
1847 2129
1415 1416
1580 1637
2672 2673
10 3993
788 3274
3660 3662
941 3143
284 3626
1797 1806
1347 2701
927 3151
393 3498
2326 2341
1729 1730
1596 1598
272 274
1029 1030
1 3998
2061 2064
2224 2225
3371 3373
1696 1698
1954 1961
3690 3691
416 3646
239 3823
39 3902
749 3318
692 698
150 3910
2423 2424
2231 2232
877 3224
1985 1987
3710 3714
1153 1167
715 3211
341 3546
2052 2053
286 287
217 3698
2363 2376
3183 3187
374 377
197 3713
1520 1537
1473 1474
1220 1223
1820 1822
2667 2668
2134 2137
211 3844
641 3434
1083 1084
1695 2315
1621 1622
464 3591
811 3249
897 3022
1178 2764
772 773
2032 2255
234 3826
423 424
437 3465
3966 3967
915 3159
691 3372
3812 3814
611 3475
2502 2536
2157 2158
97 3946
1625 2468
1140 2924
1993 1997
60 3885
333 3748
273 3795
935 3147
363 3513
258 3807
1040 2885
946 3139
1046 3019
3046 3047
1494 1495
2481 2483
2342 2343
2107 2108
187 190
359 3729
690 3375
2971 2974
164 3759
867 869
1611 1612
3589 3590
45 3898
465 3437
122 3802
672 3251
1853 2123
575 3508
800 3258
3853 3855
1053 3018
1867 1871
564 565
2718 2719
1381 1382
3674 3675
2583 2586
549 3352
2434 2448
1939 1940
617 3474
939 2973
982 3081
1001 2935
2398 2409
3050 3052
1100 1103
181 3880
2304 2305
1139 2926
2515 2516
171 3893
813 3092
1225 2726
1313 2685
995 997
154 3903
1521 1535
1090 2838
2918 2925
2460 2461
425 3639
277 3630
615 3289
487 3561
228 3828
1849 1850
934 3148
3122 3124
1454 2595
1143 2770
3356 3358
1866 2073
137 3917
2661 2675
116 3810
1227 1269
1210 2742
436 3619
1784 1785
1746 2196
276 3633
1837 1838
547 548
1335 2706
452 3602
1094 1099
3120 3125
432 3468
3165 3175
1060 1066
1558 1707
283 3628
712 3351
85 3858
1308 2716
246 3667
77 3869
2159 2161
130 3930
2737 2738
220 3838
662 3416
1586 1595
760 3303
1831 2166
25 3984
1907 2566
3030 3032
224 3688
717 3201
3551 3553
639 3441
1552 1742
1207 2744
1097 1101
404 410
593 3312
243 3672
627 3460
2353 2354
2021 2023
2626 2630
812 3244
529 530
1639 1676
676 3237
52 3965
2239 2299
1408 2666
2171 2173
1852 2125
459 3439
1762 1763
583 3505
182 3724
2089 2149
35 3977
625 626
394 3693
778 3108
951 3107
2272 2277
2986 2988
1888 1897
759 3304
1394 2689
527 3535
629 3458
538 3363
1538 1551
2506 2534
1174 2823
2462 2493
2298 2302
1012 3062
1523 2573
1582 1583
2093 2095
2450 2451
613 3293
1491 1493
461 3594
1738 1739
3481 3482
1212 1214
683 3394
1597 1603
618 3282
1299 1300
72 74
121 3936
594 3311
2831 2832
230 3685
2939 2941
1371 1375
1497 1498
28 3909
831 832
256 3811
1314 2707
1480 2585
336 3548
2056 2057
850 852
1244 1268
1074 2869
1035 3027
534 3532
1259 1260
233 3682
3008 3011
1833 1842
585 3327
1127 1132
350 3537
2119 2122
716 3210
278 3790
661 3417
269 3643
3100 3104
1736 1741
236 3680
1076 2995
957 2963
623 3472
439 3461
1071 2879
2438 2442
2278 2288
307 3761
1983 1989
900 3015
3324 3325
521 3540
1364 2645
2739 2750
270 3637
1511 2503
1318 1322
1489 1510
2553 2556
267 3649
108 3941
745 746
526 3377
255 3813
431 3623
221 3836
1002 3070
515 517
1325 1326
1955 1956
266 3800
2099 2101
1778 1810
1949 1974
1073 2877
1323 1327
3111 3112
1824 1826
2478 2480
706 709
235 3681
1641 1643
2327 2330
892 3028
556 557
966 968
1271 2724
1007 2907
419 3641
2237 2301
49 3892
3287 3288
3000 3001
870 3042
173 3890
525 3536
2105 2148
784 3102
748 3321
612 3296
2621 2623
1272 2722
1562 1563
1743 2199
1169 1170
2201 2202
552 3518
2066 2077
358 3517
2035 2038
766 3294
175 3884
1190 2756
1365 2693
492 494
2208 2235
643 3267
1236 1245
3209 3212
2784 2785
2218 2226
2001 2002
680 3233
2808 2809
179 3881
1050 2884
149 3770
138 3791
183 3719
3174 3189
309 3757
1980 1990
2312 2313
395 3689
2905 2906
2361 2392
1546 1548
303 3612
952 2969
42 3972
1483 2505
3246 3247
1061 3005
93 3947
1606 1634
177 3739
2634 2641
1575 1579
2851 2866
31 3905
2280 2283
656 3426
1605 1607
3418 3420
979 2953
882 883
2613 2622
901 3202
499 3408
348 3539
474 3572
1157 2886
2011 2366
3462 3464
528 3376
106 3829
2507 2529
2775 2778
241 3819
2407 2432
730 3154
1240 1242
357 3528
1121 2795
310 3596
199 3711
1009 1016
3301 3302
1659 1660
2997 2998
896 3205
1948 2044
1889 1892
2581 2588
5 3927
2104 2110
1107 2810
1356 2700
20 3915
399 400
723 3162
2435 2436
1118 2927
313 3588
59 3961
522 3380
1718 1722
1282 1304
1409 2658
697 3355
833 853
899 3021
789 3273
488 3421
770 774
860 3227
3180 3182
1638 1640
1283 1291
3779 3783
1624 1626
300 3615
178 3730
472 3573
1962 2446
1185 1188
621 3280
120 3803
2086 2087
2355 2362
2335 2356
1309 2710
2271 2294
554 558
103 3833
1203 1204
2359 2360
924 2985
1468 1469
787 790
1740 2203
2074 2075
510 520
783 3278
1412 1414
1419 2601
124 3934
782 3285
682 3230
99 3945
1315 1334
1927 1929
1368 2643
1092 2979
1431 1433
818 3090
1426 2597
1721 1723
828 3088
644 3433
453 3601
734 3146
1789 1790
94 3843
104 3830
240 3678
332 3559
2824 2825
1430 1439
2887 2888
1391 2690
1182 2758
803 804
92 3948
152 3907
1774 1782
408 3671
1328 1355
986 3075
631 3457
1767 2192
117 3809
2365 2369
2659 2662
203 3856
347 3542
793 3266
1994 1995
2476 2477
1710 1711
1180 2763
1863 1872
1276 1288
732 3149
1881 1935
719 3191
349 3538
1886 1898
500 3544
1977 1982
8 3994
441 3454
1481 2580
3487 3490
2599 2615
3179 3181
1025 3043
102 3837
2859 2860
942 3141
83 3861
67 3958
694 3369
729 3336
98 3839
2801 2802
2150 2151
364 365
1654 1667
1527 1528
3562 3568
913 3161
79 3953
991 3072
1564 1566
129 3796
1068 1069
335 3550
1397 2678
29 3981
1128 2787
797 3263
249 253
1748 2195
1942 1957
2538 2554
222 3835
819 3243
967 2956
546 3357
551 3523
2649 2654
659 3255
579 3507
775 776
2475 2485
1351 1352
301 3613
1017 2903
1553 1554
1078 2992
1522 1534
2834 2836
1458 2592
2213 2216
807 808
911 3164
315 316
1297 2730
2247 2275
64 3959
2746 2748
2111 2112
2345 2349
1109 2943
2016 2022
376 3706
271 3798
922 926
2381 2389
48 3969
1772 1773
1383 1385
540 3361
1802 1807
509 511
3727 3728
1576 1671
229 232
1708 1709
658 3419
2561 2562
1928 1932
194 3860
777 3115
345 3738
1171 2839
460 3597
2743 2747
227 3831
947 949
18 3988
1036 3025
3396 3397
2045 2081
63 3960
351 3735
1194 1196
1372 1374
703 704
2257 2261
1278 1285
2714 2715
632 3270
449 3451
1432 1449
493 3414
314 3756
1463 2539
340 3547
40 3974
23 3985
1970 1971
373 3718
3113 3130
1396 2680
1201 1208
753 3308
146 3914
1125 2791
1401 1403
2191 2194
1148 1152
2605 2612
328 3752
596 3310
279 3788
2891 2892
2463 2470
598 599
580 581
2133 2144
537 3364
1119 1136
702 3228
1111 2942
542 3524
88 3851
1031 3038
1854 2102
1155 1158
1967 1968
1616 1617
372 3504
1870 1876
1427 1451
305 3606
507 3390
649 3262
607 3483
1628 2458
983 990
2524 2527
3313 3314
165 3749
984 988
475 3567
