1997
567 569
1731 1732
1220 2463
1750 1752
1872 1876
1898 1899
51 3944
899 900
1436 1444
32 3961
226 3747
1916 1917
1601 2238
1162 2899
1417 1418
866 3199
116 3895
548 3513
1762 1763
786 3303
2001 2004
3074 3094
639 3433
862 3206
2201 2245
2547 2568
1525 1529
340 3727
251 3717
427 3510
141 3866
434 3500
1910 1911
1549 1550
2385 2386
403 3666
3064 3066
3871 3875
723 3087
288 3651
313 3635
2610 2611
2358 2360
699 3383
468 3457
2940 2941
1560 1561
356 3714
2086 2091
1769 1802
1109 2958
1334 2642
1579 2504
163 3821
294 3649
1191 1192
66 3926
180 3794
3486 3487
1338 1363
221 3754
1669 1845
2673 2674
1110 2949
203 3773
520 521
295 296
1100 2538
437 3493
441 3488
1981 1982
1362 1369
53 3942
29 3975
2759 2764
1219 2469
2313 2335
258 3765
493 3411
1107 2959
1558 1559
2658 2660
1586 2274
443 3485
2517 2518
2666 2667
3261 3262
1032 3012
2188 2192
1811 1815
455 3476
2943 2953
2315 2317
2596 2604
751 3346
2560 2561
1521 1562
2417 2420
2349 2354
307 3750
169 170
2783 2786
2304 2305
867 3197
525 3531
1193 2829
2875 2880
2040 2041
118 3850
3318 3320
459 3469
926 2803
2302 2307
1407 1408
1411 2575
2343 2345
26 3978
795 3286
1167 2885
503 3558
2025 2029
390 3572
123 3846
128 3876
2337 2339
768 3327
650 3245
1599 2246
2811 2814
463 464
1465 1481
2323 2332
1699 1701
396 3682
1095 2548
1337 1339
2412 2414
969 2741
702 3381
243 3732
1 3984
300 3644
948 3142
3103 3104
1602 1603
3450 3451
894 3190
131 3840
1469 1480
270 3674
132 3839
2231 2232
1734 2081
43 3954
1840 1841
1077 2986
780 2961
769 3319
1069 1070
2151 2153
2804 2808
1018 2699
1626 1661
2124 2126
2020 2021
819 3271
248 3771
1136 1140
1597 2249
1198 2810
48 3948
2267 2270
174 3825
87 3916
2170 2172
1091 2971
471 3576
1326 2654
764 3331
240 242
371 3706
412 3529
2645 2650
372 3703
836 837
3213 3216
652 3244
907 908
279 3665
1483 1484
1964 1965
210 212
253 3698
1461 1585
1902 2135
530 3527
1528 2509
1061 2629
618 3279
1419 1421
274 3669
800 804
872 2825
1950 1951
1996 2073
6 3990
19 3970
989 2707
3396 3399
2995 3001
2529 2539
635 636
823 824
438 3624
825 826
873 874
1230 2761
1823 1915
25 3964
1395 2593
1456 1458
1544 1545
1883 1885
1478 1482
818 3272
344 3720
121 3892
1302 2713
2017 2019
1647 2361
119 3848
2327 2329
280 3664
161 3823
2026 2037
832 3265
267 3761
74 3921
882 896
3697 3699
359 361
422 423
1772 1773
905 3167
293 297
529 3364
323 3628
1708 1711
2735 2738
789 3289
102 3879
565 3345
2657 2659
348 3599
1331 1332
336 3616
1846 1847
638 640
2939 2948
914 916
2119 2120
2299 2309
1106 2962
34 3958
3645 3648
1366 2625
1282 2724
782 785
1472 1473
1962 1978
637 3254
91 3912
1808 1809
1112 2937
201 3774
1304 2712
1806 1822
642 3432
505 506
451 452
2155 2156
447 3606
1728 1729
3538 3539
3171 3172
4 3992
299 3646
2134 2197
485 3564
335 3617
2092 2122
1719 1787
526 3530
767 3024
1060 2630
1364 2632
3597 3602
527 3528
2494 2495
97 3909
120 3893
1401 1404
103 3870
347 3600
956 958
2458 2460
1733 1749
659 3240
653 654
2284 2286
436 3494
657 3424
1273 2732
1235 1238
1143 2512
2005 2007
535 3526
3337 3344
762 3051
1781 1786
2595 2612
2056 2058
2990 2993
1240 1241
679 3404
472 3446
1693 1702
473 3445
738 3365
853 2894
467 3462
1500 1502
1118 2922
114 3861
1137 1141
129 3874
660 3422
1870 1891
2769 2772
96 3910
1520 1566
1782 1783
576 3325
2326 2328
1221 2763
2767 2768
532 534
940 2787
2210 2212
2225 2228
1431 1435
1000 3043
3393 3402
2055 2060
1341 1361
1163 2889
3164 3165
3143 3146
386 3686
362 3586
886 892
331 3733
2754 2755
1721 1724
2705 2706
2204 2217
1391 2357
2336 2338
37 3965
1180 1207
579 580
1370 1371
1099 2970
476 3440
2186 2187
1011 2702
1999 2000
273 3759
456 3592
2616 2618
1177 1184
155 3845
890 893
236 3787
2011 2012
83 3901
287 3652
1171 2878
2064 2066
2903 2905
1492 1511
617 3295
2489 2496
104 3908
1182 1183
1122 2915
3489 3490
1327 1328
86 3891
577 3324
688 3391
219 3762
1720 1725
1078 1079
1794 1798
28 3963
231 3790
2726 2727
600 607
1186 1188
633 3436
1355 1358
1333 2643
716 3367
144 3860
2830 2870
1165 1166
563 3350
3596 3603
380 3579
2478 2479
40 3956
1356 1357
971 2729
341 3726
964 966
1084 2587
1635 2396
1681 1843
1087 2581
254 3766
2549 2559
2450 2451
2334 2346
1980 1984
1795 1797
595 3467
1055 1064
2093 2100
2406 2423
64 3929
261 3685
1654 2348
3059 3060
1489 1577
1429 1430
1268 2736
1382 2378
393 3683
1859 1860
3115 3117
697 3385
906 3166
165 167
615 3448
2648 2651
142 3833
148 3853
960 3137
3534 3535
1945 1946
3178 3179
694 3153
710 3108
3316 3321
1540 1551
2562 2566
741 3349
1142 2516
72 3925
2430 2438
797 799
1836 1906
7 3983
1678 1679
1405 1409
1255 2410
968 3127
740 3352
478 3435
79 3907
1133 2910
1427 2320
449 3484
696 3151
1922 1983
2105 2116
709 3113
923 924
647 3431
3053 3057
1190 2873
634 3434
1816 1818
912 3163
1164 1170
2208 2216
223 3748
2015 2016
598 3466
2220 2244
3082 3085
2098 2099
1147 2908
22 3980
2464 2468
1884 1887
1487 1494
2582 2585
1394 1400
3010 3015
601 3312
2261 2273
3551 3552
1103 2966
1396 1397
1181 1206
680 686
1470 1471
536 3522
1035 2664
1383 1384
2553 2554
265 3763
1222 1225
1253 2742
1929 1936
1519 2569
2368 2374
2248 2251
575 3329
594 3313
92 3887
2162 2181
2161 2164
941 3144
1028 1029
2689 2691
1102 1104
2492 2499
55 3938
3332 3334
1194 2828
868 2860
3612 3615
1292 1295
2942 2954
2758 2771
3203 3204
1108 1113
1154 1159
2717 2722
732 733
3045 3046
58 3940
3336 3340
1888 2150
978 983
2688 2692
363 3707
2265 2266
171 3836
2294 2295
666 3421
1172 1176
1308 2700
3089 3093
1365 2628
1953 1954
549 3357
1717 1718
474 3442
1868 2154
1116 2923
573 578
718 719
671 673
188 3813
229 3791
1451 1452
2861 2864
962 963
1009 3026
988 990
801 802
209 3770
3250 3251
938 2790
158 3841
3238 3255
771 3023
878 3194
1475 1476
514 3553
1827 1829
1101 1117
1656 2341
970 3126
397 3681
1971 1974
1582 1583
3280 3293
431 432
153 3847
2607 2609
859 3207
78 3914
430 3502
1939 1941
757 3343
883 884
1422 1424
1812 1813
533 538
846 2901
583 3499
545 546
861 2866
2312 2340
1643 1644
551 3355
2952 2955
1248 2437
2022 2034
929 931
2402 2405
1126 2530
2143 2193
2668 2669
85 3894
442 3614
124 3882
1150 2906
3036 3037
1672 1673
2214 2223
1002 2703
1306 2708
257 3689
2979 2980
70 3927
2487 2488
76 3917
1878 1880
967 2743
1398 1399
3147 3148
1935 1985
1318 2675
381 3578
942 943
1005 1006
1931 1932
1042 1043
1044 1046
731 3069
2635 2636
816 817
1865 1866
2002 2003
2431 2434
89 3913
1432 2280
2845 2856
1737 2074
1438 1439
137 3835
1425 2321
384 3690
919 920
1600 1618
1864 1867
748 749
524 3545
3656 3658
724 726
1252 2411
2 3994
2614 2623
1607 1614
2389 2390
2753 2756
778 3310
994 3097
725 3079
720 3096
979 980
1604 2237
1926 1967
408 3654
65 3928
2250 2252
1047 3003
3668 3671
2477 2483
388 3574
2563 2567
1127 1130
730 3076
766 3050
2342 2344
1807 1814
193 3811
761 3341
99 3883
844 2907
177 3824
325 3622
319 3740
1774 1775
2424 2426
3219 3221
1447 1515
528 3378
215 3798
2180 2189
333 3619
149 3852
311 3636
457 3475
670 3412
1639 1646
848 2898
281 3753
31 3962
927 2802
1232 1237
470 3452
1628 2427
2282 2300
542 3360
691 3389
2832 2842
2890 2892
1021 3022
516 518
2140 2144
1621 1665
3175 3180
1051 1052
1012 1013
833 3264
366 3582
3157 3158
3090 3092
713 3106
2090 2123
662 665
1685 1687
667 3417
663 3233
739 3065
410 411
377 3695
1209 1213
499 3395
1234 1236
1753 1754
3470 3472
881 885
1826 1831
1239 2440
9 3989
1512 1570
682 685
160 3838
1924 1925
1428 2310
624 3266
1085 2976
1249 1251
1881 1886
172 3829
1024 3018
350 3594
94 3885
1873 1890
3 3993
1869 1897
2848 2853
729 3366
1350 1359
2564 2565
2351 2352
1324 2383
655 3426
44 3953
1463 1464
428 3634
772 3008
3241 3247
2462 2466
2694 2695
2241 2243
2452 2456
2075 2078
2988 2989
2731 2734
974 3121
1059 1062
2857 2858
2395 2397
774 2981
1820 1821
1504 1505
216 3767
937 3155
2350 2353
1623 2429
173 3827
1506 1508
2924 2926
2520 2526
706 3379
2983 3000
1789 1793
197 3807
515 3547
1710 2306
1201 1203
1943 1944
2513 2515
2472 2473
426 3515
60 3934
2836 2837
1590 2457
1124 2536
897 3188
370 3581
282 3662
2720 2721
1972 1973
458 3471
1323 2393
1655 2347
951 3141
1958 1959
3028 3029
1265 1266
1114 1115
2316 2319
571 3503
88 3890
2160 2166
677 3408
272 3670
3453 3454
182 3818
2285 2292
838 840
777 3315
3027 3044
3132 3133
540 3516
513 522
309 3638
2369 2375
630 3443
1160 2510
2362 2364
2425 2436
450 3482
2158 2175
999 3063
1526 2514
2552 2556
23 3968
1757 1760
1360 1372
1067 2619
707 3374
14 3974
3782 3784
1743 1756
1652 2355
3397 3398
2288 2289
2419 2421
2359 2365
1406 1414
2190 2191
1707 1716
392 3559
1523 2519
1090 2578
378 3691
166 3817
220 3758
75 3920
2027 2036
492 3413
286 3752
790 3288
2796 2798
675 3185
2869 2871
2849 2852
2678 2680
3229 3230
1790 1791
62 3933
1199 2793
693 3154
997 3068
337 3608
2418 2422
1649 2356
127 3877
1755 1777
1937 1963
613 3299
1824 1913
93 3886
186 3783
2973 2974
138 3834
24 3967
1650 1651
715 3099
2207 2229
3025 3047
401 3673
338 3728
910 2807
1779 1788
2132 2199
3806 3808
1027 1033
1683 1837
498 500
1210 2506
1256 1257
2409 2413
587 3479
1851 1862
2065 2089
18 3982
1610 1612
1918 1927
107 3905
156 3844
934 2791
3111 3112
147 3855
2209 2215
3225 3227
237 3734
2931 2932
860 2887
1244 2751
3474 3477
512 3554
2221 2222
189 3781
101 3880
1780 1784
1676 1844
134 3869
504 3392
2039 2044
3496 3497
2068 2069
939 3145
1054 2647
1499 1510
1940 1949
69 3930
1216 2788
413 3643
3259 3260
623 3267
510 3556
3326 3328
448 3605
1092 2577
2471 2474
850 2895
122 3888
1746 1747
2847 2855
869 2859
574 3330
1258 1263
1466 1467
1524 1555
2043 2047
1080 2590
190 3780
1057 2640
230 3741
2893 2896
1010 1015
1351 1353
1833 1909
2491 2493
178 3795
3187 3195
807 2933
2200 2258
3078 3080
1040 1041
745 3054
1343 1346
77 3915
2521 2522
1340 2382
566 568
1817 1834
1031 3014
1174 1175
932 933
1912 1993
1089 2972
1877 1882
845 2902
3865 3868
1630 1631
2167 2179
339 345
1260 2740
2987 2991
2963 2965
1056 2644
1415 1416
3109 3110
704 3118
269 3760
1625 1663
2441 2447
2157 2176
27 3976
2018 2035
1290 1300
2377 2392
486 3418
1386 2605
946 2757
2049 2128
2715 2718
164 3819
1712 1713
1153 1155
1223 1224
3376 3377
1690 1692
1228 2762
2083 2087
1568 1569
1019 2693
669 3198
98 3884
649 3248
2130 2262
1037 1039
1989 1991
2532 2535
674 3410
1933 1934
1856 2183
734 737
703 3123
3900 3903
1474 1495
1218 2485
770 3317
196 3809
222 3751
1048 2662
2367 2376
645 3252
1004 3031
154 3828
405 3548
1799 1800
176 3801
1229 2444
813 3275
2775 2778
207 211
1758 1759
1420 1423
605 3308
977 3119
2822 2823
1736 2080
1053 3002
1050 2653
3394 3400
2543 2544
284 3659
1168 2884
444 3613
2324 2325
3030 3039
315 3632
2205 2206
2031 2033
1413 1517
394 3555
849 2897
2084 2269
1766 1776
683 3170
125 3843
2998 2999
2863 2865
2168 2169
113 3896
1589 2461
3058 3062
976 3120
935 936
2009 2010
367 368
876 877
2944 2947
1803 1804
945 2781
1022 3019
2446 2448
46 3950
1715 1726
2318 2322
2096 2115
581 3323
301 3642
1025 2671
559 3505
1606 1616
135 3837
959 3138
3458 3461
560 3504
255 3696
3549 3550
1727 1785
2470 2476
915 917
1535 1537
1287 1289
3234 3235
2173 2174
2930 2934
961 965
1227 2445
572 3333
3281 3291
45 3951
1385 2366
1097 2545
310 3746
3304 3307
3211 3212
828 2918
1178 2508
2676 2681
796 2935
1928 1930
1433 2276
3609 3610
1584 2475
552 553
1076 2992
1632 2403
1992 1994
1280 1281
106 3864
700 3382
781 2960
3693 3694
298 3647
1648 1653
2833 2841
2608 2613
928 2795
2576 2580
130 3873
1968 1969
1086 2975
234 235
1105 2964
3854 3856
445 3611
2996 2997
2023 2032
507 3388
622 3268
1975 1977
708 3373
2777 2785
80 3902
1617 1855
746 3052
2271 2272
2063 2070
2045 2046
3135 3140
3032 3038
1591 2454
1088 2579
1532 1541
2950 2951
2945 2946
2384 2391
249 3768
2330 2331
1662 1664
465 3585
1151 1152
8 3979
1446 1516
1552 1553
419 3520
429 3507
2502 2503
2146 2147
54 3941
631 3441
783 784
717 3098
1572 1573
722 727
852 3215
312 3745
414 3525
1449 1507
1744 1745
3570 3571
1316 1317
481 3567
998 3067
404 3663
944 2782
175 3802
264 3680
949 2745
3655 3657
1392 2600
1575 2505
1593 1619
2008 2048
1987 1995
263 3684
752 756
1269 1270
1796 1801
2408 2415
460 461
398 3678
889 3191
1344 1375
839 2916
453 3604
991 3116
2685 2686
185 3815
1498 1503
466 3468
1393 2594
1285 1321
1533 1539
1293 1294
2076 2077
1148 1149
3705 3708
2159 2171
1226 2459
1450 1453
469 3583
3200 3201
47 3949
1637 2363
855 3210
681 3173
308 3749
1196 2816
1605 1609
1966 1970
3176 3177
1871 1879
814 2925
1703 1706
841 2912
2387 2388
385 3577
2867 2886
2697 2698
2551 2557
2746 2750
63 3932
2163 2165
684 3168
159 3826
2137 2141
162 3822
2082 2303
1640 1645
1279 2399
260 3687
1081 2978
195 3775
2177 2178
477 3568
614 3449
491 3414
501 3562
922 925
245 3730
1857 2182
1200 1205
555 3511
835 3256
1938 1957
1997 1998
554 3512
238 3786
880 2818
904 2809
1542 1563
2101 2129
357 3587
1587 1588
10 3988
2428 2435
870 3196
21 3981
2687 2690
2264 2268
117 3851
616 3296
3623 3626
955 2744
2868 2872
126 3878
692 3386
2665 2670
1034 3006
2095 2121
543 3359
1571 1574
38 3955
758 759
625 626
1501 1509
1666 1667
2370 2372
233 3789
2583 2589
1026 3017
712 3370
547 3514
1319 2672
1329 2652
1608 1611
1131 2911
306 3639
2247 2256
1674 1675
808 2929
1214 2500
1245 1246
1243 2752
562 3351
2185 2234
317 3631
537 3521
711 3372
3455 3456
2104 2112
561 3353
2834 2840
1921 1923
1123 2537
898 901
262 3764
3368 3369
1132 2528
3481 3483
2094 2097
1402 2592
3338 3339
608 3305
1403 1410
1111 2938
1567 2507
1543 1547
541 3361
676 3409
1007 1008
2057 2059
627 3444
2572 2574
278 3755
2106 2109
224 3793
1202 1204
1694 1695
3544 3546
1065 2621
1352 1354
391 3560
1810 1819
1068 2615
557 3508
651 3428
1874 1875
3224 3226
291 304
2639 2641
100 3881
775 2968
418 420
947 2748
111 3862
462 3588
809 812
365 369
192 3776
3589 3591
829 2917
187 3814
3160 3161
1083 2977
256 3692
1613 1615
247 3772
482 3566
68 3931
564 3347
3700 3704
2555 2573
1765 1805
1705 1835
2136 2138
1714 1730
584 3498
1074 2591
59 3939
1211 1212
417 424
612 3459
2888 2891
1197 2815
266 3679
1071 1072
888 3192
604 3311
108 3863
1907 1908
648 3430
854 3214
61 3937
641 643
2453 2455
793 2936
1320 2663
1278 2725
50 3945
805 3278
1838 1842
1125 2534
183 3816
73 3924
3354 3362
375 376
151 3831
779 3309
1296 1297
1850 1853
3541 3542
599 3463
672 3186
115 3858
1367 2624
621 3274
2540 2542
364 3584
973 2723
194 3810
3125 3129
152 3830
1633 1634
2149 2152
433 3633
1094 2550
1852 1854
582 3501
1682 1709
3709 3710
1522 2541
1904 2133
407 3660
41 3952
1825 1832
82 3918
199 3804
2597 2599
2291 2293
1905 2131
1740 1741
1381 2381
439 3492
556 3509
487 3563
109 3904
329 330
3174 3184
2301 2308
1636 1642
133 3872
358 3712
1277 2728
822 2921
81 3919
847 3228
1976 1979
3427 3429
52 3943
157 3842
218 3796
198 3805
903 3169
440 3491
400 3675
30 3971
2558 2570
1592 1620
15 3973
314 3743
353 3716
2184 2236
2799 2800
1477 1479
3071 3072
84 3899
3055 3056
887 891
2497 2498
1014 1017
658 3242
984 985
875 2820
517 519
1195 2817
1157 1158
56 3936
202 3800
2631 2637
1948 1961
324 3627
497 3405
806 810
539 3519
1688 1689
863 2862
2877 2879
1313 2682
3007 3009
17 3972
3401 3403
701 3149
289 3650
798 3284
11 3987
550 3356
1770 1771
502 3561
811 3277
3124 3131
2982 3005
3537 3543
395 402
3222 3223
179 3820
815 3273
1828 1830
1283 1299
1738 1739
2297 2298
326 3737
735 736
2598 2603
2737 2739
1322 2394
1491 1493
1345 1374
2278 2279
1697 1698
2774 2780
879 3193
379 3580
1848 1849
2646 2649
698 3150
705 3114
1658 1659
382 383
1556 1557
2617 2620
1594 1595
1691 1704
596 597
36 3966
321 3630
3282 3285
320 3739
2233 2235
1896 1900
1261 1262
952 953
3073 3075
2028 2030
3371 3375
425 3517
250 3721
656 3425
1342 1347
271 3672
864 3205
1272 2400
302 303
3523 3524
2054 2061
1156 2904
1893 1894
484 3419
488 3416
570 3335
1138 1139
1901 1903
225 3792
2103 2113
856 3209
831 3269
1534 1554
12 3977
2480 2481
3473 3478
150 3849
1955 1956
285 3653
1488 1490
480 3420
204 205
632 3437
1301 2719
349 3719
389 3573
2226 2227
3181 3182
2789 2792
721 3088
918 921
1761 1764
1185 2874
1858 1861
2013 2042
184 3785
2812 2813
409 3532
1580 2501
843 3236
2626 2627
2117 2118
909 911
687 3162
2835 2838
2050 2053
276 3756
930 2794
328 3736
244 3731
610 3302
1527 2511
2051 2072
1066 2994
110 3898
1546 1548
993 3100
2984 2985
475 3569
1058 2638
1254 1259
3011 3013
996 2704
981 982
743 3061
950 954
1657 1660
1412 2571
415 3640
181 3788
42 3947
57 3935
435 3495
136 3867
168 3812
2465 2467
1335 1336
1437 1441
3724 3729
416 3637
629 3257
352 3593
2882 2883
2218 2219
3438 3439
1390 2601
3102 3105
146 3857
511 3384
827 2919
3208 3217
1134 1135
609 3460
342 3725
1839 1863
1275 2730
1454 1455
1629 2404
496 3406
406 3540
2846 2854
200 3803
360 3711
591 592
531 3363
2677 2679
1016 1020
590 593
747 3348
2524 2525
143 3832
2523 2527
1348 1349
2254 2255
354 3590
374 3701
2371 2373
1003 3035
2239 2240
2085 2263
2379 2380
1914 1990
1169 2881
558 3506
1073 1075
588 3322
16 3985
690 3390
2277 2281
1307 2701
1696 1700
2779 2784
2839 2843
3625 3629
523 3380
689 3156
664 3232
290 292
139 140
2052 2062
1722 1723
2747 2749
1291 1298
644 3253
830 3270
3081 3086
1624 1627
1576 1578
2655 2656
483 3565
1440 1457
373 3702
35 3957
239 3779
39 3959
1596 1598
1144 1145
277 3667
95 3911
1638 1641
241 3778
327 3621
2401 2407
2195 2230
1119 2920
1668 1677
3020 3021
2913 2914
3292 3298
191 3777
3294 3297
544 3358
1082 2588
1215 2486
283 3661
90 3889
322 3738
857 858
1378 2606
3083 3084
1146 2909
589 3314
1284 2398
791 2957
355 3715
794 3287
1889 2139
2024 2038
2850 2851
1217 2766
1286 1288
479 3423
227 3744
305 3641
2287 2290
1442 1443
1426 1445
1670 1671
252 3713
3040 3041
1187 1189
678 3407
728 3077
602 603
1303 1305
1368 1373
661 3239
508 3557
1581 2482
3595 3598
454 3480
1388 1389
2442 2443
1128 1129
2633 2634
206 208
2079 2088
2125 2127
2067 2071
2145 2148
399 3677
145 3859
753 755
972 3122
995 3070
902 3183
1459 1460
3218 3231
2765 2770
2584 2586
2484 2490
2773 2776
20 3969
3130 3134
1314 1315
105 3906
228 3742
1485 1486
695 3152
913 3159
1271 2733
1376 1377
585 586
2314 2333
987 2710
421 3518
71 3922
820 821
1250 2416
1434 2275
343 3722
1173 2876
1530 1531
986 2714
619 3276
1093 1098
2531 2533
1778 1792
787 3301
334 3618
1264 1267
1120 1121
1379 1380
2821 2824
1247 2439
1952 1960
446 3607
1309 2696
351 3718
2709 2711
1622 2449
2202 2203
387 3575
1387 2602
851 3220
1748 1751
1448 1514
1179 1208
1312 2684
13 3986
2196 2198
1684 1686
1036 3004
834 3263
1310 1311
259 3688
1735 1742
316 318
3533 3536
1767 1768
1231 1233
2211 2213
1063 2622
957 3139
1242 2760
1001 3042
620 3447
1919 1988
3048 3049
842 3237
2819 2826
788 3290
275 3757
214 3769
714 3101
3033 3034
232 3735
3464 3465
2006 2014
742 744
646 3249
1942 1947
1496 1497
2797 2801
2927 2928
1920 1986
1564 1565
67 3923
2967 2969
489 490
217 3797
803 3283
2224 2242
1680 2311
2283 2296
628 3258
865 3202
3243 3246
213 3799
112 3897
611 3300
606 3306
1030 3016
773 776
1274 1276
1049 2661
1513 1518
49 3946
5 3991
975 2716
1038 1045
33 3960
2831 2844
992 3107
750 754
2259 2260
1892 1895
3128 3136
2253 2257
346 3601
895 3189
1536 1538
2102 2114
494 495
509 3387
3091 3095
871 2827
2432 2433
1096 2546
332 3620
1462 1468
2142 2194
246 3723
2805 2806
792 2956
2107 2108
1023 2683
2110 2111
1325 1330
763 765
1161 2900
760 3342
668 3415
268 3676
