2000
827 2954
2307 2310
1467 1480
1583 2761
192 3878
2985 2988
422 3682
248 3829
1283 1284
1128 3022
131 3773
2704 2706
211 3674
1418 1962
82 3851
256 3822
2989 3000
1520 1521
2250 2272
2746 2748
2226 2230
3351 3352
2263 2287
1224 2969
946 2741
80 3852
765 3385
1616 1809
1679 2715
766 767
252 3632
2196 2197
3186 3199
1185 2987
1108 1134
1287 2932
2945 2951
102 3955
337 3562
3650 3651
377 3501
1342 1344
81 3964
54 3882
618 3538
1755 1756
616 3540
1066 1069
127 3944
1559 2769
1288 1289
550 3354
1056 1067
2275 2277
820 826
974 3117
1136 1142
2845 2849
2956 2957
2324 2325
1088 1091
531 3371
164 3922
1387 2892
1770 1771
966 967
2186 2187
1157 2585
2270 2283
676 3225
2837 2843
833 834
1732 1734
1531 1538
4 3931
886 2895
1171 2582
1083 1084
514 3609
385 3726
606 608
100 3819
2152 2155
2861 2863
190 3881
2880 2881
2901 2903
2621 2623
1110 3036
653 654
813 814
3404 3407
651 655
786 3358
1381 2240
298 3588
1450 1451
488 3621
2214 2219
1982 1995
1033 1034
1068 3051
281 3799
671 3233
323 3568
1259 1267
2188 2213
1832 1833
1654 1671
1506 1508
2127 2133
144 145
1424 1432
1016 3073
2289 2290
273 3805
2522 2534
1163 3006
329 3565
32 3904
2516 2520
1030 1031
527 528
3223 3229
1634 1641
495 3616
1905 1936
672 3484
783 3364
2619 2672
2607 2695
875 3275
2338 2347
2517 2518
815 3332
748 3114
1135 1143
3040 3041
2490 2494
2409 2420
370 3510
496 500
1256 2432
3260 3261
163 3923
1546 1564
1300 2359
1540 1542
1713 1714
270 3810
306 3583
3595 3596
579 3294
1120 1122
2679 2682
2144 2146
2037 2038
956 2738
1907 1928
1130 3013
1111 3034
832 2949
2104 2105
1789 1791
1253 1255
1413 1977
2919 2921
2551 2552
1179 2571
381 3733
95 3837
709 3457
84 3847
362 3742
2191 2207
321 3770
1425 2833
877 878
1189 2510
854 3291
239 3647
823 3326
3064 3068
2464 2483
1155 2586
44 3981
86 3963
1488 1504
1225 2442
487 3419
466 3635
534 3370
2265 2285
3139 3142
375 3504
895 3248
2605 2697
431 3675
1720 1721
15 3995
1275 2953
111 3952
697 3193
1242 1245
289 3791
567 3313
2053 2170
1878 1883
1870 1871
1307 2915
205 3688
328 3765
2004 2005
1089 1096
1167 1174
1887 1889
2793 2795
1025 2652
78 3965
331 3761
555 558
635 3526
2081 2099
1496 1498
125 3786
1043 1045
862 864
734 3425
1557 1558
1145 2598
13 3916
2456 2496
1673 1674
703 3184
1385 1394
66 3971
952 2739
1552 1560
2850 2856
1022 1027
812 3333
411 3482
658 3499
339 3560
1162 1170
1696 1701
1708 1709
2757 2758
262 3628
1974 2189
2570 2573
595 598
866 3279
571 3305
291 3789
2834 2835
789 3020
713 3449
2425 2430
919 2813
394 3709
1211 2975
2085 2086
1330 1333
1715 1718
1339 1367
816 3004
477 480
33 3903
1758 1760
1146 1148
2631 2632
923 2805
37 3897
186 3888
65 3972
463 3639
1355 1363
345 3557
1663 2729
2331 2332
785 3363
2634 2635
1940 1941
2830 2831
2260 2264
521 3598
42 3982
2523 2529
584 586
1525 2800
83 3849
2749 2750
1087 1104
1076 1080
2907 2909
3043 3047
1751 2581
1230 1231
964 968
2001 2097
1778 2402
1237 1247
3720 3722
241 3644
303 3584
361 3744
1221 2487
203 3689
46 3980
1464 1465
461 3444
1166 1177
154 3927
1611 1614
780 3027
399 3702
3137 3138
118 3947
1282 2360
3097 3098
613 614
1345 1348
2519 2521
1885 1891
1954 1957
162 3925
2473 2475
161 3741
450 3451
76 3854
1127 3026
718 720
184 3891
1524 1526
228 3843
3833 3834
223 3857
689 3214
3379 3383
2354 2358
2604 2610
1892 1939
2680 2681
1816 1817
1336 1343
562 3325
1101 1102
178 3905
1973 2190
1915 1916
2062 2162
2643 2644
332 3759
2450 2452
2731 2734
168 3918
1228 1233
2375 2378
498 3400
1369 2280
841 3301
1828 1834
908 3232
1605 1856
469 3432
3392 3395
749 3113
3856 3862
899 900
1869 1872
2678 2684
978 3107
2021 2026
837 3311
1509 1948
159 160
2350 2352
473 474
217 3861
1383 1384
981 983
35 3898
247 3830
2645 2648
3826 3828
1382 1399
755 3108
857 3284
890 2859
1863 1955
1417 2866
1461 1462
901 2853
1010 2660
879 3272
1107 1137
2194 2204
2397 2404
1784 2362
2296 2299
1147 2595
1918 1923
2234 2306
998 1001
859 870
372 373
92 3958
2612 2694
2117 2118
287 3605
2122 2124
1825 1827
230 3842
884 3264
1491 1492
933 2798
1589 1592
2258 2261
747 3135
1158 1159
113 3950
1214 1215
2862 2864
31 3985
1173 2578
842 3300
1507 1949
1340 1347
3838 3839
775 779
1512 1522
1894 1895
592 3271
254 3824
199 3694
1406 1983
2239 2300
784 3025
384 3730
1457 1459
1129 3021
3767 3769
2271 2282
2372 2385
1745 1754
3846 3848
2312 2314
707 3458
2782 2796
2020 2022
12 3919
1072 1073
3151 3164
165 3738
839 3308
1164 2997
1618 1777
357 358
3529 3532
1790 1793
693 3206
817 819
597 3267
795 3355
272 3612
440 442
2236 2302
387 3723
1483 1484
79 3853
573 574
893 894
315 3781
2469 2471
180 3896
366 3516
2978 2979
1198 1200
1625 1627
2484 2485
3618 3619
1582 1588
1370 1372
225 3850
799 800
620 3258
151 3750
1266 2424
863 868
1204 2977
938 2779
2123 2126
1124 3029
438 3670
11 3920
805 3348
1240 1246
1725 1747
1012 3089
1304 1310
2760 2763
772 3086
38 3894
2701 2703
773 3062
3045 3046
503 3615
913 3218
48 3979
2145 2147
350 3545
173 3728
2958 2960
123 3794
2415 2417
189 3884
393 3491
87 3962
1176 1178
363 3740
1672 1678
1017 1018
2248 2273
2606 2609
1249 2438
1392 1395
634 3251
2546 2549
1285 2938
1929 1931
936 3161
2639 2651
999 2718
962 3124
319 3576
1106 2625
1805 1808
917 918
1014 3085
1092 1094
1213 2972
396 3705
1077 1081
1420 2860
611 615
1633 1775
2626 2627
314 317
449 3453
1900 1901
354 3745
1917 1920
850 3296
727 3436
302 3784
777 778
3641 3648
177 3909
669 3487
1373 2279
1305 1306
2195 2200
690 3213
2503 2504
2343 2344
2243 2294
3011 3012
72 3967
1497 1502
234 3656
2055 2059
224 3658
1866 1888
2002 2048
533 3581
2192 2205
1291 1293
838 845
1749 2583
1301 1324
259 3817
3103 3104
1195 1196
382 3732
2103 2106
1294 1295
646 650
1115 1117
3077 3081
148 3934
316 3779
1626 1628
3901 3902
40 3983
459 3445
1037 1046
1337 1338
1114 1118
1119 3030
2565 2568
341 3559
599 604
266 3814
715 3448
2506 2539
950 951
1853 1855
516 3377
769 3367
2069 2077
746 3417
409 3485
3048 3053
2642 2662
2376 2377
1203 2499
1879 1882
591 3273
74 3864
3177 3211
685 3466
2898 2899
2388 2390
195 197
2501 2541
860 3283
492 3411
2369 2387
803 806
1380 2244
91 3959
67 3869
1607 1854
2040 2041
1175 2575
2692 2705
742 3148
1643 1773
1812 1826
2934 2935
811 3335
2079 2080
209 3867
1568 1572
21 3992
1466 1487
2459 2468
1477 1481
277 283
415 3690
1165 2992
107 3808
1726 1746
2247 2249
730 3431
759 760
2291 2293
436 3471
2206 2208
452 3450
3191 3195
215 3668
390 3712
719 721
77 3966
1186 2511
2068 2071
1404 1405
16 3915
1248 1251
852 2937
1144 2599
1965 1967
836 3316
2054 2060
135 3762
2807 2808
2320 2322
412 3479
1112 3033
1530 1544
1244 2440
68 3868
484 3622
924 931
761 3087
3110 3116
904 2824
916 3176
2965 2981
1630 1648
552 3334
120 3798
276 3803
417 3685
1206 1209
202 3691
240 3646
2318 2327
3035 3037
905 3235
3203 3204
2295 2301
1971 2233
386 3724
1898 1899
2400 2401
1786 1787
1813 1843
2063 2094
1585 1586
245 3835
29 3987
336 3756
539 3577
472 3429
2913 2914
1876 1877
1172 2580
1612 1619
2505 2507
296 3592
2100 2139
872 874
526 3372
45 3886
392 3496
1315 2908
2554 2564
1020 1021
150 3751
2531 2533
494 3617
97 3823
504 3389
388 3719
1003 3106
1635 1646
380 3734
297 3591
1423 2836
121 3795
264 3623
1078 1079
318 3578
1039 3065
637 3249
3155 3158
1356 1358
3028 3031
249 3636
244 3638
662 3497
470 471
1926 1945
2712 2714
1 4000
1430 1431
1473 1511
696 3460
333 3564
448 3455
271 3806
117 3948
2460 2467
397 3490
2114 2115
179 3900
439 3470
774 3365
2262 2288
1984 1988
2636 2640
69 3970
688 3464
619 3534
418 3477
1182 1183
2550 2569
1013 2658
2241 2242
1109 1113
1105 3039
738 3150
1608 1850
973 975
2615 2673
128 3943
1269 1270
106 3809
524 3374
2075 2076
2871 2874
212 3865
455 3446
2667 2669
3441 3442
1070 3050
990 992
2676 2677
861 3281
641 3240
1765 2542
1379 2274
2999 3001
1263 2428
274 3610
544 546
705 3183
2532 2538
2130 2132
1865 1943
1680 1682
2446 2451
922 3171
2253 2268
684 3468
1414 1963
2333 2334
1029 1032
206 3686
700 3459
2183 2184
1008 2663
2143 2153
714 3181
657 3500
1190 2509
3679 3680
1071 1074
2641 2650
989 991
2614 2618
1422 1959
2435 2439
1350 2319
953 3153
2198 2199
2142 2161
18 3912
167 3731
2868 2893
2137 2185
1694 1699
238 3652
2675 2689
593 3549
3599 3600
1297 2929
912 2820
996 2722
356 3522
3309 3310
395 3706
1264 2427
628 3530
3698 3707
821 822
1562 1565
578 3298
1026 2630
987 994
269 3614
1798 1801
1513 1517
2525 2526
1776 2413
1561 1563
849 2943
1545 1548
549 3570
939 2766
540 3575
1478 1479
681 3481
478 3629
2008 2014
1007 2686
85 3845
2865 2867
351 3537
2557 2558
371 3735
39 3893
1556 2771
307 313
367 3515
723 3439
1407 1408
2088 2089
344 3753
47 3885
2708 2709
1960 2316
1038 3066
24 3908
1707 1731
1439 1952
3224 3228
2011 2012
1584 1587
1742 1757
236 3836
1685 2713
263 3626
2251 2252
988 993
525 3373
1208 1210
2110 2112
2559 2566
110 3953
250 3827
1469 2817
512 3380
2303 2304
790 3357
536 3369
1874 1880
3227 3230
51 3883
1489 1493
1154 2594
505 3388
122 3945
1601 1604
2443 2448
979 2727
227 3844
171 3913
2717 2723
1411 2872
2608 2611
237 3653
3154 3156
286 3793
1019 2657
53 3977
2897 2900
903 3238
27 3988
481 3625
1374 1375
3426 3427
2683 2685
457 3662
446 3665
140 3939
103 3815
2090 2091
2254 2255
1160 3007
1690 1691
434 435
2009 2010
1400 2887
407 408
638 643
2149 2157
3014 3016
130 3942
2177 2237
1661 1662
1139 2620
226 229
3239 3242
1644 1772
1830 1831
679 3217
2148 2167
349 3547
631 3252
830 2950
261 265
1780 2398
2107 2121
3074 3076
587 3554
3099 3100
1331 1332
158 3743
1987 1994
751 3413
518 3602
1396 2888
2292 2311
2078 2140
1051 1055
712 3452
1141 2601
330 3764
2453 2482
661 665
213 3673
1820 1821
1053 1054
451 3664
187 3887
541 3361
702 704
2455 2470
590 3274
282 3797
285 3606
1822 1823
3721 3725
1515 1516
1933 1934
89 3841
2201 2202
2508 2515
1075 3049
753 3410
2414 2434
1062 1063
523 3375
757 3092
1815 1841
301 3785
897 2857
207 3683
437 3671
1736 1741
1555 2772
55 3880
14 3996
2806 2812
1997 1998
1818 1840
880 2931
1434 1442
2666 2668
947 948
2225 2229
3241 3243
378 379
1427 1428
2216 2220
796 801
1623 2737
629 3528
2028 2031
1785 1788
2007 2013
153 3928
1207 1220
2745 2747
610 612
2084 2096
1622 1629
1258 2955
1514 2802
1811 1844
2472 2478
570 3306
1327 1328
569 3567
2476 2479
725 3437
1050 3052
1229 1232
1023 2654
2392 2393
1566 2768
2925 2926
2597 2600
818 3328
493 3409
1590 1591
2326 2353
453 454
666 3488
1762 1763
1712 1719
1636 1638
2947 2948
848 3297
1296 1299
1804 1806
75 3855
1325 1326
2629 2633
3524 3525
1472 2811
1273 1274
2777 2778
3207 3208
1460 1951
1321 2905
750 3112
52 3978
1875 1896
1260 1261
3746 3748
299 3787
543 3571
781 782
2035 2044
926 2804
3059 3061
194 3877
3503 3505
575 3304
2073 2074
210 3677
1298 1302
3078 3079
3197 3198
909 3220
1881 1884
2637 2638
1354 1368
1410 2873
155 3926
943 2743
1710 1722
2556 2562
1571 2764
433 3672
945 2742
1357 1366
3190 3192
1212 2973
519 3376
1577 1580
98 3821
2066 2067
219 3859
1547 1549
2403 2412
175 3911
802 3008
1151 1153
1610 1620
1257 2967
577 3302
30 3986
2032 2033
1095 1099
1359 1365
1693 1702
2444 2447
152 3930
1752 2579
1047 1049
1598 2759
602 3544
2109 2116
1897 1903
2702 2707
882 2930
242 3643
1914 1925
568 3569
1990 1993
183 3713
935 3165
2166 2168
576 3303
1090 1093
1735 1743
2029 2030
2108 2119
2870 2877
246 3832
954 3152
292 3597
342 343
2646 2647
101 3956
791 3019
1527 2797
1603 2752
3659 3661
444 3465
911 3219
1698 1700
941 2765
2047 2095
2961 2963
2693 2699
479 3627
59 3974
398 3704
284 3796
530 3590
2329 2330
1861 1956
1781 2364
831 3317
56 3876
673 677
915 2815
28 3906
808 3337
3330 3331
1317 2906
957 3126
403 404
955 3143
2786 2790
290 3603
553 3329
2927 2928
551 3347
322 3572
1201 2982
733 3428
447 3463
2560 2561
1216 1217
659 660
1024 2653
1631 1632
2056 2057
2381 2383
1138 2622
166 3736
907 910
741 3420
2373 2374
1453 2832
147 3935
1044 3058
3 3932
2321 2323
1569 1570
1606 1609
1040 1041
1683 1684
840 3307
1035 3067
200 3874
491 3414
1205 2976
1468 2818
462 3443
1184 2513
2245 2246
1991 1992
1156 3009
2959 2966
2070 2072
1647 1737
1567 1579
554 559
465 3435
475 3424
3200 3201
1794 1802
735 3168
1857 1858
2555 2563
1125 1126
126 3780
1409 1981
458 3654
2819 2822
482 3624
1849 1851
977 2728
885 2896
169 3917
520 3601
636 644
1064 1065
564 3319
222 3660
3359 3362
2266 2269
768 770
359 3521
231 232
191 3879
1576 2762
1814 1842
3056 3057
334 3563
2064 2065
2405 2407
1308 1309
1621 2740
798 3018
1311 2912
2572 2574
365 3519
1360 1361
1653 1658
1637 1642
1474 1476
257 3630
588 3552
804 3350
888 2894
2665 2670
1222 2486
3141 3145
105 3811
986 2726
22 3991
572 3561
1376 2904
3390 3393
1485 1486
1864 1944
876 2933
3323 3324
1664 1666
2995 2998
368 3737
2990 2994
508 3384
476 3423
325 3768
2297 2298
26 3989
19 3993
825 3321
898 2854
468 3633
2211 2212
847 3299
959 960
1543 1600
2182 2215
2649 2655
1272 2408
2019 2045
881 3268
1688 1706
537 3368
1279 2939
695 3194
41 3892
649 3512
896 3246
3070 3071
1403 1999
2049 2051
70 3969
1335 1371
23 3990
9 3924
141 3755
565 3314
3244 3245
3038 3054
1241 1243
88 3961
401 3701
545 547
134 3763
2411 2418
355 3535
1086 3042
275 3804
1972 2232
2366 2395
667 3236
376 3502
139 3758
295 3788
3642 3645
1015 3080
3774 3776
335 3757
410 3695
674 3231
1867 1868
656 3237
538 3579
2687 2688
728 3178
1436 1437
940 3159
930 2799
3263 3266
2528 2530
560 3327
2869 2883
1419 1961
1966 1975
1377 1378
1362 1364
1286 2936
2545 2547
1978 2135
2164 2165
2257 2259
1397 1398
1581 1595
2744 2755
729 3433
34 3899
8 3997
258 3818
1902 1904
2154 2156
1191 2502
1454 2829
3699 3703
2885 2886
235 3655
754 3403
3474 3475
2193 2203
1028 3072
1505 1950
2844 2846
621 3257
585 3286
2553 2567
2780 2781
1058 1098
708 3182
1729 1744
3492 3493
2902 2924
1845 2336
3405 3406
1551 2775
2809 2810
300 3587
1639 1640
965 3122
1168 1169
3349 3353
497 3408
2341 2342
670 3486
338 340
2839 2840
2083 2098
1912 1913
3312 3315
871 3276
2 3933
664 3494
1860 1862
405 3697
2111 2113
1989 1996
1313 1314
143 3937
1218 1219
3096 3101
928 2803
632 633
600 3548
2082 2087
172 3729
2474 2477
1470 2816
914 3212
3288 3289
3586 3589
137 3760
764 3386
2416 2431
771 3366
293 294
581 3293
428 3472
1553 2774
2209 2210
1181 2548
1740 1761
2788 2794
1421 2858
2436 2437
2489 2498
731 3430
6 3998
124 3790
548 3356
1669 1677
867 869
2058 2061
71 3968
1227 1235
2776 2783
1268 2423
858 873
2462 2463
443 3467
1651 1681
374 3509
902 2851
400 3489
1443 1445
906 2821
214 3863
1426 1452
1759 2577
1415 1416
3539 3542
1852 2317
419 3476
2339 2340
732 3170
3440 3447
1197 2983
3083 3084
460 3649
2348 2349
132 3772
969 2736
1723 1728
1252 1254
108 3954
627 3531
1599 2756
1349 2357
624 3256
1799 1800
603 3543
423 424
1150 1152
682 686
829 3318
3341 3342
2847 2848
1847 2335
445 3669
2789 2791
1319 1320
756 3394
1711 1730
369 3511
3187 3188
383 3498
149 3754
1303 2922
1188 2984
522 3594
626 3533
3339 3340
1082 1097
1668 2716
1602 2753
353 3752
2875 2876
421 425
1532 1536
1412 1979
2256 2267
119 3946
2884 2890
1226 1236
2328 2337
995 1002
1446 1447
3093 3095
64 3870
529 3593
204 3872
429 432
346 3556
146 3936
3604 3607
1429 1448
787 3024
1239 2441
788 3023
1390 1391
647 3514
853 856
2006 2027
1402 2882
2176 2178
1985 1986
1838 1839
324 3566
352 3536
3111 3115
2878 2879
1042 3060
2174 2179
2465 2466
1909 1924
942 944
114 3802
698 3189
360 3520
3715 3717
3162 3163
3775 3778
3517 3518
3196 3202
1539 1541
73 3866
2624 2628
2457 2488
921 3173
63 3871
1695 1697
937 3160
1908 1910
1932 1935
1006 3094
1704 1748
1645 1738
1440 1455
1703 1705
348 3553
762 763
1829 1835
776 3032
1004 1005
1180 2991
1265 2426
971 3120
2785 2787
364 3739
583 3287
683 3480
1657 1670
116 3801
1036 1052
925 927
2370 2386
1573 1574
2181 2231
515 3378
2355 2356
1278 2363
2000 2120
1750 1753
2276 2278
1980 2128
1764 2576
420 3684
3398 3399
2367 2371
17 3994
1353 2281
668 3234
1689 2700
260 3816
678 3483
2023 2034
3069 3075
3254 3262
2593 2596
456 3663
1964 1970
1617 1807
601 3546
170 3914
589 3282
253 3825
1161 2584
129 3777
809 3336
1401 2050
1886 1890
1250 2433
3102 3105
3550 3551
3277 3278
157 3747
309 310
891 3253
744 3418
2493 2495
2015 2016
1194 1199
3131 3134
181 3895
90 3960
1490 1503
824 3322
156 3749
1575 1578
2017 2018
2827 2838
1976 2136
1456 2828
1341 1346
1523 1528
1123 1132
1836 1837
489 490
20 3910
2767 2770
208 3678
3146 3147
2458 2461
2690 2691
3573 3574
312 3582
1271 2422
188 3711
2052 2238
1351 2315
561 566
2159 2163
464 3637
1060 1061
1187 2986
1692 2588
305 3782
1593 1594
1624 2735
691 3462
2129 2131
3132 3133
846 2944
976 3109
3506 3508
1133 1149
2535 2536
2825 2826
1716 1717
1223 2449
580 3558
2719 2720
1386 1393
855 3285
174 3727
542 3360
2158 2160
36 3984
758 3387
513 3611
1534 1537
2138 2141
594 3270
710 3456
609 3541
1329 1334
267 3813
3172 3174
320 3771
1946 1947
57 3976
2024 2025
506 3613
843 844
1687 2711
1819 1824
2491 2492
737 739
625 3255
2036 2043
1471 2814
1438 1441
326 327
711 3454
288 3792
2993 2996
109 3807
1919 1921
1495 1499
509 3382
970 972
2970 2971
920 3175
3128 3130
7 3929
61 3973
3415 3416
2480 2481
1911 1922
1048 3055
3063 3082
1280 1281
1192 1193
1649 1733
1100 1103
2917 2918
2284 2286
736 3167
892 3250
402 3700
3002 3003
2380 2384
535 3580
605 607
1739 1766
932 3169
740 3421
1796 1797
391 3710
502 3391
1782 1803
556 557
2172 2173
426 3681
2724 2725
1554 2773
3292 3295
1011 2659
1650 1686
3144 3149
1131 3010
3127 3129
218 3860
220 3858
221 3666
699 3185
2696 2698
1202 2980
517 3608
185 3889
1518 1519
2379 2382
2589 2590
617 3259
851 2941
2345 2346
2512 2514
255 3631
510 3381
680 3216
3088 3091
807 3346
2852 2855
483 3422
596 3269
2454 2497
724 3438
622 623
427 3473
2217 2218
1388 2891
563 3320
441 3469
3401 3402
1463 1494
389 3714
1276 2942
982 984
1767 1768
104 3812
430 3676
630 3527
1277 2940
2222 2223
2171 2175
1085 3044
99 3820
414 3693
1550 2784
308 311
10 3921
2042 2046
304 3783
726 3179
1009 3090
279 3800
3121 3125
3015 3017
835 2946
1613 1615
182 3716
745 3136
3205 3210
216 3667
1234 1238
136 3941
532 3585
2169 2180
112 3951
2003 2039
2732 2733
687 3215
1846 1848
929 2801
25 3907
1290 1292
934 3166
1659 1660
1783 1795
2221 2224
2920 2923
416 3687
58 3975
2102 2125
62 3873
467 3434
507 511
193 3708
1312 2911
694 3461
1792 2361
1435 1953
1433 1958
2587 2591
2751 2754
645 3523
1893 1937
1510 1859
1389 2889
233 3657
1057 1059
2227 2228
883 3265
1322 1323
663 3495
406 3696
3118 3119
94 3957
949 3157
1533 1535
716 717
196 198
1116 1121
752 3412
997 2721
133 3766
692 3209
1968 1969
138 3940
1873 1906
142 3938
1724 1727
1000 2710
675 3226
1475 1482
2101 2134
1262 2429
980 985
251 3634
2968 2974
1316 1318
96 3831
2616 2617
176 3718
1458 2823
243 3640
2664 2671
3338 3345
1655 1656
2365 2396
1529 2792
810 3005
3221 3222
963 3123
792 797
2419 2421
1927 1942
347 3555
2092 2093
793 794
2308 2309
5 3999
743 3140
2524 2527
1930 1938
499 3397
1352 2313
268 3620
865 3280
1444 1449
701 706
501 3396
2389 2391
1675 1676
1652 2730
2910 2916
828 2952
201 3692
43 3890
2613 2674
49 50
2540 2543
1500 1501
3343 3344
2537 2544
1769 2500
2406 2410
1140 2603
278 280
652 3507
1810 2351
887 889
1774 2445
2592 2602
1596 1597
648 3513
2841 2842
2962 2964
640 642
2368 2394
60 3875
1665 1667
722 3180
2150 2151
93 3840
485 486
582 3290
958 961
2235 2305
2656 2661
1779 2399
115 3949
413 3478
639 3247
