1999
1994 2003
962 3014
2411 2415
2656 2661
895 896
234 3813
570 3395
2478 2481
2521 2522
1540 1553
3473 3478
462 3472
1468 1470
670 3368
771 773
1723 1724
463 3575
1644 2400
78 79
84 3870
553 554
647 3300
548 3431
513 3445
274 276
528 529
1138 2786
2143 2292
295 3694
2023 2051
585 586
850 852
1431 2687
2354 2361
1213 2677
1017 3047
375 3665
330 3704
3015 3016
2258 2259
392 394
2033 2034
2473 2474
176 3792
332 3634
759 3201
168 3882
1949 2306
1782 1783
1480 1481
1891 1894
778 3189
171 3800
1054 2885
1123 2795
344 3615
232 3814
2130 2133
46 3897
966 967
2112 2131
2601 2607
2423 2424
1544 1552
1328 1344
2288 2289
1992 2010
377 3664
618 3333
2539 2576
2646 2649
512 3534
783 3258
2564 2575
47 3896
990 997
135 3937
13 3925
1473 1475
2735 2737
1119 2797
998 3072
856 3061
294 3695
610 3359
932 3174
775 3190
1006 3063
2327 2330
1501 1502
637 3392
780 3183
1656 1668
666 3372
91 3959
968 3115
2275 2277
1446 1453
1528 1529
2812 2813
1349 2767
1111 3004
2310 2314
1555 1558
1549 1550
130 3830
1832 2180
334 338
3541 3542
532 3515
3286 3289
2560 2562
230 3816
2686 2688
575 3477
1587 1595
1513 1521
64 65
592 3377
2195 2287
768 769
3337 3341
1162 1163
1122 1125
652 3297
900 3056
1681 1742
1204 2888
2219 2232
1175 2755
1456 2641
251 3735
3 3997
753 3206
765 767
2391 2395
2729 2730
1296 1298
2957 2958
2109 2111
1355 2609
1881 2317
345 347
2342 2345
2217 2225
1220 1221
37 3982
2077 2108
1769 1772
703 3256
738 739
1761 1763
488 489
1856 2050
1047 2891
129 3833
827 3237
1786 2353
1441 1445
928 3049
366 3678
695 3266
1819 1831
1566 1567
2148 2150
2696 2697
1142 1143
1068 1069
1183 2951
737 744
802 3248
868 869
1002 3070
157 3811
475 3463
3369 3371
2876 2877
21 3921
2794 2809
612 3427
2829 2830
2104 2105
518 525
639 645
969 3011
145 3929
797 3139
215 223
305 3728
1822 1824
1319 2660
241 3802
2731 2740
101 3856
719 3299
883 884
1768 2355
2653 2655
906 3053
688 3282
1674 1675
1098 2807
933 3173
464 3470
227 3822
825 3105
1971 2084
1058 3018
1329 2790
1661 1663
3384 3386
2164 2166
589 3468
2250 2252
55 3974
424 3510
3144 3150
3493 3495
164 3889
1285 1286
183 3864
2722 2728
979 2976
372 3674
376 3582
1346 2638
75 3876
112 3843
614 617
1877 1879
2098 2099
1591 1592
2706 2710
1011 2924
843 3230
340 3700
242 3801
92 3958
165 3888
2505 2515
406 3641
1612 1615
420 3518
1866 1867
812 814
493 3459
119 3947
1457 1483
3123 3124
200 3840
1736 1740
1632 1635
121 3945
459 3483
1279 2843
15 3992
1149 2989
466 3466
1514 1519
1005 2935
1356 2608
858 859
925 3050
1035 2896
1161 2962
1794 1814
2475 2477
1312 1314
343 3619
847 3064
1126 3002
1478 1482
1177 2955
3551 3555
937 3162
116 3948
161 3808
1404 2698
284 3701
1174 1176
2194 2196
2621 2629
173 3795
680 3356
2493 2494
1212 2678
547 549
2627 2628
2156 2161
93 3957
1317 2817
1136 2993
1218 1223
1946 1980
1627 2461
1628 2460
1033 3038
1347 2626
3209 3210
201 3839
278 3763
2163 2168
2441 2442
297 3692
8 3931
194 3855
1897 1900
1966 2095
1303 1304
3102 3108
755 3271
1667 1671
977 2983
1277 2845
2335 2336
2553 2554
942 949
1862 2339
1419 1421
179 3869
428 3630
806 3245
467 3570
641 3308
1423 1430
2422 2425
1665 1748
2279 2291
3772 3774
373 3583
2090 2091
2588 2589
95 3955
627 3404
1785 2367
851 3227
2371 2375
457 3485
803 3247
593 3456
1484 2639
2055 2127
3120 3121
2624 2625
1400 1401
862 3059
698 3262
3565 3566
231 3815
1230 1235
1411 1418
1781 1789
1041 1046
89 3862
805 3246
1885 1887
2440 2448
800 3138
1989 1991
1869 2035
661 3295
440 3501
153 3906
569 3481
458 3484
1960 2100
422 3511
950 951
1957 1958
2001 2007
2780 2782
2520 2528
2203 2267
1333 2773
1547 1548
2594 2595
770 3268
1281 2669
365 3594
1261 1272
113 3949
3073 3075
105 3951
149 3918
1608 1619
918 919
96 3954
2733 2736
2379 2382
185 3863
2541 2543
1532 1533
18 3989
1246 1251
2866 2870
1876 1878
405 3548
983 2972
655 3385
30 3911
833 836
1956 1959
452 3494
1839 1840
601 3365
1010 2931
1762 1764
2381 2387
2011 2014
3087 3090
1289 1292
401 3649
546 3432
395 3655
1435 2665
1256 1257
1249 1250
975 2987
2419 2449
1489 1490
432 3509
584 3475
2902 2905
1244 1280
1106 3007
2074 2076
643 3302
2433 2436
989 3074
213 3831
624 625
289 3752
137 3824
1205 1209
2253 2254
730 3281
350 3612
976 3100
407 3545
1666 1711
697 3263
2025 2048
1012 2911
1922 1925
3143 3145
536 3442
1219 1222
3707 3708
1361 2606
2083 2106
1559 2504
88 3961
693 3273
663 3378
1410 2534
143 3818
1607 1610
2457 2462
71 3883
1157 2775
555 3428
2110 2132
3650 3651
943 3135
2566 2571
479 3460
214 3769
368 3593
1309 2662
1151 2778
978 2982
293 3738
746 3275
923 3197
2912 2917
1927 1928
3719 3720
2714 2715
838 3098
3875 3877
2005 2006
10 3928
1829 2316
1684 1714
955 3028
2058 2121
1705 1706
1283 2836
126 3837
292 3742
2272 2281
1352 2615
1937 1938
1787 2352
110 3950
1841 2174
3260 3261
644 646
1865 2036
253 3790
2463 2467
417 3637
259 3732
2586 2587
1520 1531
341 3626
669 3294
331 3635
67 3970
390 3571
2063 2064
2029 2030
692 3351
86 3962
1570 2500
1621 1622
82 3964
1036 3037
456 3584
2483 2484
1646 2397
3685 3686
1597 1605
690 3274
1366 1371
1042 1044
1014 2910
2046 2047
2357 2358
2364 2365
3096 3097
427 3631
1868 1870
506 3450
220 3753
1766 2356
591 3461
398 3652
3621 3622
971 3101
2835 2838
1882 1920
12 3926
271 3721
1026 1028
2 3936
1844 2054
3355 3358
630 3399
581 587
2167 2171
552 3429
1268 1271
107 108
1067 2872
3330 3331
691 3352
820 824
3412 3414
1128 1130
444 3609
2757 2758
3178 3179
1472 1474
595 3374
2226 2231
3141 3169
3419 3426
1415 1429
408 3640
1240 1241
2759 2761
3052 3055
316 3718
233 3748
922 3199
2142 2304
602 604
1750 2360
985 2970
1172 2756
2264 2268
1888 1892
99 3858
54 3975
965 3122
1233 1234
1883 1884
1412 2691
837 840
795 3172
83 3963
1228 1239
1325 2658
3447 3448
240 3803
3147 3148
1217 1224
170 3880
1996 1998
1659 1660
326 3642
1847 1852
279 3705
205 3778
1477 1487
573 3382
2116 2128
598 3373
594 3453
1321 2792
180 3788
915 916
1603 2464
2496 2497
817 3128
216 3761
1117 2798
2709 2711
557 3420
1083 2849
1388 1397
195 3853
1523 1527
74 3879
722 3292
473 3464
156 3812
1693 1694
2015 2016
2565 2574
206 3776
2822 2824
687 3353
169 3804
1846 1848
1618 1620
449 3596
1911 1912
87 3867
141 3821
1362 2726
1905 1931
1053 3024
2700 2701
1774 1776
418 3524
917 3205
1588 2488
1908 1919
2019 2020
1245 1255
235 3810
1360 2727
1701 1704
1916 1917
27 3915
781 3180
1127 2996
2570 2572
132 3829
2205 2207
1192 2683
2144 2152
1639 2417
1926 1929
1915 1918
2285 2286
3158 3161
2159 2160
3360 3363
1070 1071
1323 1327
290 3750
721 3296
1135 2994
1393 2551
453 3492
1448 1449
3154 3155
313 3722
498 499
1027 2899
3153 3165
1112 1113
2878 2883
1402 2705
192 3783
539 3438
1834 2176
2013 2075
1200 2895
2981 2984
175 3878
2363 2366
1227 1242
1504 2637
1791 1802
826 3104
73 3881
335 337
1530 2630
1168 2764
2741 2743
511 3544
1596 1606
3423 3424
1586 1611
2556 2585
3112 3117
2186 2193
1 3998
1273 1274
1072 1073
1662 1664
2635 2636
2882 2886
196 3852
2825 2826
1837 2175
1863 1864
550 3430
809 3241
1788 2337
3440 3441
1939 1944
2293 2294
1775 1777
1003 3069
1807 1813
3342 3347
2929 2930
762 3270
342 3620
136 3825
1335 2770
709 3234
1747 2416
45 3898
2548 2549
1889 1890
841 3231
1380 1381
3537 3538
1313 1316
3422 3425
2921 2923
1267 2851
485 3557
1637 2418
1488 1495
2199 2271
2501 2503
2518 2519
560 3407
940 3140
1334 1338
24 3917
1055 3022
247 3739
353 3611
2390 2392
542 545
2061 2117
261 3724
558 3418
947 3130
882 885
779 3186
17 3990
517 3443
2153 2173
160 3899
254 3789
629 3326
370 3676
1571 2498
1015 2909
760 3198
500 3553
147 3923
229 3820
1155 2777
1079 2857
2685 2689
50 3894
2162 2165
3315 3320
1206 1231
578 579
323 325
616 3334
1434 2674
3084 3095
2580 2591
1021 3046
510 3446
2614 2617
2276 2278
2597 2599
1062 1086
945 948
2525 2527
2246 2257
2060 2066
1677 1708
2536 2578
361 3601
371 3589
912 3208
1377 1378
846 3077
1568 2516
927 3187
81 3965
1420 2514
1407 2695
3743 3746
1440 1442
1372 1373
1293 1300
1197 2922
3107 3111
1505 1510
2145 2151
725 3216
2971 2979
1560 2502
1690 1692
1030 1031
756 757
430 3627
1981 1987
860 861
159 3809
2251 2256
2087 2088
2158 2172
1726 1745
1340 1341
1673 1676
662 667
2486 2490
1179 1181
2368 2376
1029 2898
1990 2009
1972 1978
656 657
2666 2667
1185 2949
1152 2985
960 964
2118 2124
1210 2679
880 886
1838 1842
3667 3669
2223 2224
2616 2619
60 3891
1203 2890
831 3232
3176 3177
3067 3068
1114 2799
540 3436
2325 2334
2602 2603
139 3823
465 3467
2593 2610
1578 1579
543 3504
3109 3110
788 791
39 3981
676 3293
1640 2410
1060 1064
349 3690
1974 1977
2451 2469
1364 2725
277 3711
124 3942
2245 2260
3344 3345
304 3687
706 3242
1322 2659
818 3127
1713 1719
1904 1948
1091 2841
671 674
1563 1565
299 3736
1749 2412
1190 2927
1302 1305
995 2944
238 3744
2675 2676
642 3307
1034 2897
152 3907
2643 2644
1057 2875
257 3784
14 3993
959 961
2506 2507
519 3531
2581 2584
468 469
1237 1238
2837 2840
269 3766
3106 3118
574 3479
1102 2804
217 222
1081 2852
1729 1735
2684 2690
2632 2633
1758 1773
921 3200
774 782
1934 1935
122 3944
970 3010
3662 3668
1647 2389
2704 2717
1812 1816
154 155
1025 2901
1370 2723
1462 2509
632 3325
367 3677
1696 1702
599 3367
501 3552
3214 3215
364 3679
318 3715
946 3131
1497 1518
1247 2887
1108 3005
1032 3040
714 3226
3663 3666
275 3716
199 3846
503 3454
2801 2803
2445 2446
1697 1698
963 3013
515 516
1351 2750
2213 2214
1522 1526
315 3656
103 3849
151 3909
244 3741
1598 1601
2472 2476
1369 2724
1594 2465
999 3071
411 3530
3697 3699
748 749
597 3451
198 3850
1507 1511
1951 2141
659 3383
1715 1716
1903 1906
2535 2579
221 3751
1310 2827
2753 2754
996 2940
1577 2428
1895 2312
228 3749
665 3375
930 3044
307 3725
1353 1354
2027 2031
1171 2760
319 3714
726 727
686 3284
1466 1538
2702 2749
664 3376
605 3439
1099 2805
128 3835
1164 1165
31 3910
492 3554
1001 2936
2154 2157
1039 1040
668 3370
1851 1853
848 3062
1269 1270
2308 2315
158 3904
2301 2302
892 3222
3343 3346
3163 3164
2239 2241
2907 2908
1403 1408
193 3781
1178 2954
620 3415
125 3838
117 3842
675 3366
346 3614
2766 2768
2120 2122
893 3221
794 3250
682 683
1589 1590
606 3437
622 3332
835 3099
351 3689
1857 1858
25 3916
434 3617
681 3354
600 3449
3042 3045
431 3623
1097 2810
359 3604
2212 2227
131 3940
853 3225
3335 3336
2185 2295
507 508
2102 2134
1873 2318
1105 3008
1278 2844
218 3756
1023 1024
2236 2238
433 3618
2094 2096
628 3327
1599 1600
636 3309
1258 2879
2604 2605
3602 3606
414 3638
907 3051
3540 3543
1186 2699
1496 1500
33 3986
1262 2871
1524 1525
29 3912
2582 2583
1051 3030
374 3671
1016 2904
210 3834
1191 2692
957 3125
2101 2103
324 3647
729 3283
538 3507
801 3249
1921 1933
660 3380
564 3402
384 3577
723 3219
97 3861
387 3573
1645 2398
631 3398
1720 1741
3093 3094
1654 1655
386 3661
303 3688
2796 2800
724 728
920 3202
1252 1253
443 3610
611 3340
2820 2821
1642 1649
1386 1389
461 3482
2806 2808
379 380
148 3922
3019 3020
1374 1375
1795 1806
2664 2668
1469 1476
1562 1564
1561 2517
1817 2341
821 3239
865 3058
740 741
804 3137
786 3253
2860 2869
684 3287
813 3133
187 189
938 3035
1432 1452
2040 2042
138 3933
2201 2233
310 3675
3321 3323
987 3080
2765 2771
1092 1094
793 3251
750 751
689 3279
1416 1427
1392 2552
354 3607
1107 3006
1746 2421
526 3523
685 3285
263 3779
1045 2892
982 2973
322 3648
3328 3329
1049 3032
249 3793
571 3387
258 3782
333 3633
2228 2229
2598 2600
1306 2663
3316 3317
56 3893
1342 1343
2991 2997
49 3979
1902 2309
2831 2833
2218 2222
772 3191
2079 2080
102 3854
211 3770
2399 2401
59 3972
140 3932
2135 2136
992 2963
496 3457
785 3254
1311 2819
248 3797
120 3946
875 3223
184 3787
1284 1287
1909 1910
712 3305
2859 2862
718 720
3406 3410
252 3734
2693 2694
1534 1535
1721 1733
1626 1629
1363 2596
1059 1101
1038 1043
2721 2745
1129 1132
520 3529
2546 2547
3672 3673
1018 2903
2059 2119
2555 2590
1439 2645
1546 1551
397 3654
1339 2769
1000 2937
2529 2592
711 3228
1065 1082
1008 2933
845 3086
1137 2789
2928 2932
2269 2270
1291 2832
2184 2197
61 3971
731 732
531 3517
3151 3156
1004 3066
2454 2458
3775 3777
1463 1464
58 3973
298 3691
36 3983
650 3298
910 924
2861 2864
2485 2487
2181 2273
1670 1679
710 3233
77 3871
1709 1710
123 3943
2455 2456
1760 1767
2210 2263
190 3785
484 3558
2540 2545
423 3632
2017 2072
747 3272
1859 1861
2340 2350
1282 1288
2331 2333
3520 3522
648 3391
1986 2021
1133 1134
478 3560
707 3238
903 904
3149 3160
301 3730
3498 3499
3762 3764
1821 1825
2022 2024
1447 1450
890 891
1585 1613
3532 3533
863 864
705 3244
828 3236
1823 1826
1683 1685
2262 2282
717 3301
2085 2092
2437 2438
1260 2873
1982 1983
391 3564
679 3288
870 877
1820 1827
1170 2961
2913 2919
986 2967
1780 2386
958 3027
1153 2980
243 3799
894 902
1437 1443
202 207
1967 1968
2432 2434
792 3175
1150 2986
441 3616
572 3480
68 3969
2915 2918
873 3224
2854 2858
993 2959
2370 2372
1836 1843
306 3727
879 899
43 3901
2373 2374
1022 3041
1849 1850
1952 1953
2431 2439
3585 3587
360 3603
672 673
1173 2960
3400 3403
807 3136
329 3706
1630 2459
435 437
2190 2191
3142 3152
834 3103
42 3980
1687 1691
11 3927
2784 2787
2524 2526
566 3488
608 3434
1975 1976
38 3905
80 3966
266 268
1193 1194
1180 2953
551 3500
1248 2881
1454 2513
936 3167
1109 1110
63 3887
480 491
410 3535
1471 1536
144 3930
776 777
403 3643
654 658
1103 2802
939 3146
69 3968
470 3465
446 3497
1765 2359
2369 2377
127 3941
2248 2255
3113 3114
3277 3278
399 3562
2057 2126
607 3361
1075 1076
262 3780
3546 3547
559 3411
2247 2283
455 3487
2938 2939
1390 1391
438 3505
530 3521
596 3452
51 3978
1156 2968
357 3605
3091 3092
106 3847
1382 2716
735 3276
3065 3076
1158 1166
702 3349
402 3646
114 115
1796 1805
1703 1712
1657 1658
887 888
104 3848
3586 3588
1345 2640
815 3129
3311 3312
186 3860
6 3934
1417 1422
819 3240
474 3569
191 3857
2751 2752
1638 1680
1874 1880
808 3243
1201 2681
1491 1494
172 3796
1757 1759
352 3684
2443 2444
1727 1744
2402 2405
2188 2192
2138 2139
182 3865
1830 2298
302 3729
2568 2569
111 3844
742 743
1860 2037
1202 2893
619 3417
385 3574
476 3568
2738 2739
1924 1930
1557 2523
1954 1955
1459 1479
454 3590
715 3303
282 3759
208 3773
2069 2071
273 3765
562 3491
2297 2299
2284 2290
1793 1799
2776 2781
1131 2995
830 832
495 497
1398 2712
901 3054
524 3525
1395 2544
3318 3319
90 3960
988 3079
1324 1326
514 3444
1932 1936
41 3902
1384 1385
1738 1739
613 3339
1188 1189
926 3194
382 3579
237 3745
822 823
1652 2362
1084 1085
1648 1650
1732 1734
415 416
811 816
256 3786
1196 1198
178 3873
1087 2847
1195 2682
2068 2073
1993 1999
2732 2734
2043 2044
3306 3324
1159 2966
1124 2791
736 745
2670 2673
270 3723
2062 2065
1575 2492
556 3421
2230 2242
445 3608
502 3455
52 3977
638 640
1699 1700
1485 1493
1722 1725
1686 1695
1336 1337
451 3496
490 3556
2243 2244
1581 2489
2988 2998
716 3220
2198 2240
1115 1116
309 3681
281 3760
1907 1923
1893 2313
1574 2499
534 3513
2343 2344
2187 2189
1973 2012
321 3712
2137 2140
2530 2533
2703 2718
3039 3043
203 204
94 3956
1486 1492
404 3549
754 3204
541 3435
561 563
878 3057
477 3567
162 3807
272 3717
174 3794
481 487
369 3591
844 3229
1396 2542
1444 1451
1455 2512
3489 3490
72 3967
2200 2234
389 3660
1541 2613
764 3269
796 3171
1503 1506
296 3737
1215 1225
3188 3193
1061 1063
312 3659
1969 1970
504 505
1144 1145
509 3550
1080 2853
2182 2183
2563 2577
2215 2216
1066 1074
1576 1580
649 3390
653 3388
3012 3017
3195 3196
3469 3471
2067 2070
225 3827
1357 1358
317 3653
2647 2648
255 3733
1542 1556
2671 2672
523 3526
314 3658
1315 2818
1093 2839
1265 1266
2707 2708
1436 2654
1508 1509
2296 2303
1653 1669
1800 1801
2906 2920
2999 3000
798 799
2557 2559
482 3559
1413 1414
400 3561
1214 1243
1226 1229
521 3528
3536 3539
2169 2170
2115 2129
3116 3119
1052 2889
1872 1875
1730 1731
929 3185
849 854
16 3991
1089 1100
2855 2856
1090 2842
22 3920
1379 2719
3310 3313
1387 2713
2946 2956
2622 2623
188 3859
1602 1604
76 3872
2774 2783
1943 2028
2742 2744
32 3908
166 3884
1359 2746
2348 2349
1037 2894
7 3995
533 3514
66 3886
197 3851
1572 2495
1913 1914
494 3458
2045 2049
9 3994
291 3747
1797 1798
1120 1121
2925 2926
1790 1792
787 3252
1139 2992
527 535
20 3988
980 981
1964 1965
2652 2657
1104 3009
287 3755
2204 2206
109 3845
3393 3394
1399 1409
1199 2900
1979 1988
1609 1617
3166 3168
909 3212
1295 1301
1945 2026
1751 1755
2146 2147
1752 1756
2326 2332
2452 2468
766 3192
2977 2978
40 3903
789 790
713 3304
1828 2319
1623 1743
98 3953
1631 2453
1095 2823
1160 2964
544 3503
1808 1811
1770 2351
2018 2052
2466 2479
419 3519
2974 2975
2793 2814
1438 2651
363 3680
1515 1517
328 3709
3413 3416
23 3919
1771 1804
991 2965
1367 1368
1950 2305
626 3405
866 867
1845 1854
941 3031
1543 1545
1651 2388
1433 2680
308 3683
167 3805
1688 1689
2941 2943
1009 3060
1717 1718
358 3682
2209 2211
100 3952
1582 1584
2202 2208
3078 3081
436 3506
224 3828
1672 1678
615 3338
118 3841
1365 1383
1290 2834
1259 2874
2378 2380
2867 2868
1308 2828
3082 3085
651 3389
378 3581
1154 2969
2531 2532
994 2945
935 3170
1835 1855
704 3255
621 623
265 3768
383 3578
2747 2748
2113 2114
1784 2383
212 3832
758 3203
339 3703
1624 1625
2320 2328
2082 2107
1276 2848
280 3702
421 3636
911 3211
3182 3184
576 3381
2235 2237
1275 2850
2004 2008
448 3599
583 3476
388 3572
588 3474
580 582
931 3181
2470 2471
829 3235
2558 2561
1048 1050
1211 1216
1898 1899
633 634
1614 1616
2000 2002
34 3985
3408 3409
567 3396
857 871
2053 2056
590 3462
952 3126
409 412
2567 2573
2631 2634
1779 2393
393 3657
2300 2307
897 898
1458 2511
62 3890
2155 2177
1461 1467
1318 1320
700 3259
226 3826
944 3132
1512 1516
2249 2261
425 426
163 3806
1818 2323
1947 1963
1019 1020
1498 1499
2413 2414
1728 1737
1184 2950
699 701
972 973
2914 2916
327 3710
85 3868
810 3134
1140 2990
2346 2347
1984 1985
447 3600
1583 2427
1056 2884
2265 2266
696 3264
2815 2816
260 3726
1424 1428
1096 2811
26 3987
677 3291
381 3580
57 3892
1294 1307
1554 2508
1682 1707
1394 2550
250 3791
429 3629
734 752
3644 3645
19 3924
708 3348
3033 3034
3624 3625
2321 2322
2089 2093
1187 2942
2403 2404
3314 3322
1809 1810
2123 2125
2274 2280
450 3592
609 3433
1148 2779
522 3527
934 3036
264 3771
44 3900
603 3362
1460 2510
1207 1208
1348 2620
133 3939
35 3984
320 3713
245 3798
283 3758
2329 2338
2947 2948
1641 2408
442 3613
439 3502
874 876
285 3757
1815 2324
1350 2762
286 3698
733 3280
2078 2081
5 3996
1425 1426
288 3696
2149 2179
694 3350
1901 2311
28 3913
1636 2450
2086 2097
1263 2865
784 3257
678 3290
954 3029
2642 2650
70 3885
1254 2880
1995 1997
2482 2491
1077 1078
2394 2409
881 889
761 763
1643 2406
1007 2934
2611 2612
1297 1299
2435 2447
1941 1942
3023 3025
2396 2407
3357 3364
246 3740
1405 1406
177 3874
1013 3048
3597 3598
908 3217
1833 2178
2220 2221
537 3508
984 3083
1376 2720
2537 2538
1146 1147
3265 3267
3157 3159
1633 1634
146 3817
842 3088
2039 2041
460 3576
1169 2763
311 3670
2429 2430
855 872
974 3001
913 914
953 956
3207 3213
142 3819
1961 1962
905 3218
48 3895
565 3401
1465 1539
635 3397
1569 1573
1593 2480
3512 3516
483 486
568 3486
413 3639
181 3866
53 3976
2384 2385
4 3935
1330 2788
1167 2772
362 3595
150 3914
1118 3003
209 3836
236 239
2032 2038
1232 1236
348 3693
267 3767
1182 2952
300 3731
1886 1896
336 3628
1088 2846
839 3089
1141 2785
471 472
1753 1754
1778 1803
134 3938
219 3754
396 3563
1264 2863
355 356
1537 2618
2420 2426
577 3379
3021 3026
1871 1940
1331 1332
