2000
1007 1009
2531 2534
1306 2712
32 3984
1521 1524
2201 2227
613 614
171 3881
665 3438
1719 1720
2382 2383
1219 2838
1392 2781
1330 1331
94 3855
1411 1416
2110 2235
1280 2739
1115 2916
258 3784
3162 3169
1798 1800
1694 1695
2288 2294
123 3927
1894 1897
1824 1829
1771 1774
3478 3479
2982 2983
118 3931
1253 2851
1024 1025
371 372
1792 1794
368 373
406 3563
2253 2265
2758 2759
50 3903
762 763
2270 2271
2111 2129
994 3138
1150 2949
888 3090
2807 2808
331 3711
1394 1395
741 3253
667 669
1835 1837
2553 2558
1098 2926
2306 2361
1965 1967
2050 2056
1148 2975
875 3121
73 3879
884 3243
3268 3270
2185 2188
1172 1173
472 3489
918 919
1026 2959
93 3856
764 3218
2120 2121
1231 2815
1351 2681
2530 2540
388 3652
867 3302
454 3603
993 3147
1317 1318
1054 3088
2444 2447
760 3358
1877 2567
1497 2446
6 3952
2123 2125
2771 2773
322 3640
985 3013
92 3951
363 3676
2650 2651
290 3662
2194 2195
984 3155
2251 2256
1093 2930
1992 1997
3015 3016
3719 3721
205 3831
1048 1050
1556 1561
781 3192
2661 2662
2604 2606
1354 1359
844 3146
458 3506
2659 2660
144 145
289 3755
1273 1275
2371 2374
1530 2734
950 951
1367 2639
2524 2525
59 3897
523 3549
374 3669
1632 1729
422 3632
2510 2511
1415 2772
353 3681
1473 1474
507 3446
253 3695
2451 2461
2220 2234
1944 2030
1893 1937
248 3791
1563 2720
124 3925
2122 2172
100 3946
2819 2821
1226 2876
518 3566
2770 2783
293 3751
246 3794
646 647
3835 3836
2397 2399
530 3434
2532 2537
2143 2164
425 3630
1255 2797
1466 1467
215 3821
2135 2136
1382 2630
575 3511
2849 2850
3140 3144
2443 2445
389 3650
621 3351
91 3953
1031 1032
3167 3171
1322 1329
163 3800
495 3588
1819 1822
1839 1848
1307 2832
1404 1405
149 3814
1210 2858
1402 1410
241 3805
43 47
1301 2735
666 3429
938 3042
2479 2480
1883 1887
609 3468
183 3763
1212 2881
3514 3515
671 682
550 552
315 3728
885 3241
1311 2705
2605 2609
2146 2160
857 3133
456 3602
2024 2396
1238 2811
2354 2355
1423 1427
822 825
1300 2738
2481 2503
122 3833
2022 2025
893 3069
2582 2584
1795 1797
3080 3083
13 3942
1739 1757
22 3989
1812 2578
2412 2434
1249 2853
3362 3363
326 3715
483 3592
979 980
2722 2723
2343 2351
313 3729
38 3980
864 3126
180 3768
142 3900
244 3801
580 3502
777 3197
116 3840
1952 1959
1362 1363
1884 1889
2570 2589
339 3700
1588 1598
1145 1154
936 3204
1793 1804
3029 3031
1142 2980
1708 1709
809 3342
137 3906
381 3591
95 3854
1579 1582
2380 2395
1808 2579
2670 2687
295 3654
2908 2910
1446 1458
3251 3252
2844 2845
1046 2952
408 3560
129 3920
883 3091
649 3441
1900 1905
562 3421
594 3379
3407 3412
385 3579
2896 2897
226 3727
161 3888
1129 2885
1859 2577
212 3747
2320 2325
4 3954
1015 3130
3026 3028
1334 1335
146 3896
2626 2647
16 3993
125 3924
3025 3027
554 3431
54 3902
637 3452
724 3398
753 754
1057 1062
1541 2345
1194 1195
2483 2505
1684 1685
1097 3008
1201 2903
1605 1606
1069 3071
917 3059
413 3556
1269 1270
1027 2956
334 3710
988 989
392 3571
3102 3104
2004 2016
281 3682
1420 1426
861 3128
1536 1537
2166 2167
2369 2370
940 942
154 3893
2286 2367
1565 1566
1637 1717
1055 1056
736 3383
504 3585
1035 2954
1076 3058
355 3680
1118 2906
1103 2924
2830 2831
1779 1780
3044 3046
605 3472
2665 2668
28 3922
2066 2189
1648 1651
913 921
1486 1496
1680 1687
366 3597
683 685
520 3561
2200 2230
2442 2450
1396 2780
828 3158
571 3416
819 3330
420 3552
1357 2649
2224 2225
1360 1361
2258 2261
3598 3600
497 3587
1258 1265
1799 2587
31 3917
153 3894
1841 1844
1390 2782
2601 2603
2452 2453
588 3391
2027 2031
2465 2467
1994 1995
660 661
380 3593
2669 2671
179 3868
2155 2156
2501 2502
929 3221
2775 2778
1487 1489
1117 2907
1131 1137
2986 3001
3633 3639
1187 1188
2047 2236
1469 2764
152 3895
850 851
3077 3079
3220 3224
132 3918
1514 2376
603 3474
1437 1459
774 3207
904 905
1101 2925
2882 2883
2619 2625
1293 1294
464 3501
3206 3209
1021 3125
157 3890
1047 2946
1086 2932
1762 1770
1852 1854
272 3774
538 3531
261 3781
1475 2457
221 3819
1551 1553
1018 2962
834 837
633 3459
1783 1785
903 3064
314 3646
2425 2431
1228 2817
1476 1477
889 3073
83 3870
84 3869
618 3352
732 3384
725 726
596 3490
68 3883
1095 3033
675 3309
1941 2433
1624 1628
1947 1950
1326 2694
2391 2394
590 3389
663 3439
757 3368
2555 2556
712 3405
1038 1039
3174 3176
1592 1730
1088 1089
1574 1734
702 703
3279 3280
1528 1539
1577 1583
2970 2971
1407 2607
852 3137
2666 2667
267 3779
2716 2718
1851 1853
2642 2643
2473 2474
69 3967
192 3760
2026 2252
239 3703
1816 1856
1091 1092
354 3616
3305 3307
881 3094
2223 2228
1130 1132
526 3435
182 3766
2422 2428
3142 3143
1456 1463
717 3284
1741 1753
3095 3096
1147 1153
1303 1305
1017 2976
1616 1620
2204 2215
2644 2646
227 3724
309 310
1218 2842
3118 3122
706 3293
1389 2787
2693 2695
1977 2017
1906 1907
1364 1365
2260 2264
922 924
1865 1868
2211 2212
598 3485
1470 2466
1510 2403
944 954
2238 2239
20 3930
1003 2991
1498 2440
45 3909
87 3960
1493 1503
1279 2741
2091 2095
842 3317
2519 2536
3139 3141
3110 3115
2947 2951
202 3839
217 3742
2117 2128
978 3182
496 3457
2262 2263
795 796
1379 1381
234 3713
3372 3373
1000 1002
1782 2329
2034 2055
972 3020
491 3463
2755 2784
806 3183
1151 1166
7 3997
1562 2731
2178 2190
2006 2023
727 3282
3411 3414
2746 2747
771 3349
485 486
696 3422
1810 2319
1878 2559
312 3647
1340 1347
1533 1557
632 3335
1436 1439
2550 2554
676 3308
2387 2389
3002 3003
700 3294
1438 1444
203 3837
2922 2923
2335 2336
494 3590
2296 2297
304 305
1543 2344
2048 2210
2180 2183
1366 1368
2841 2847
895 3237
1033 2955
2273 2276
634 3456
1268 1276
1419 2769
772 3348
2448 2449
173 3783
658 3314
1162 1165
70 3966
3076 3078
2744 2748
2107 2108
1615 2697
1747 1748
2904 2905
3861 3865
2774 2776
488 489
1160 1163
135 3913
2945 2948
2281 2377
615 616
1377 2790
2039 2040
3745 3746
2867 2868
2290 2366
3006 3007
704 708
1549 1552
1196 1198
1304 2719
344 3696
1999 2001
204 3756
2710 2713
1932 2476
723 3283
569 3417
3419 3420
756 3370
3055 3057
1754 1758
1542 1545
2072 2075
719 3401
1585 1586
2981 2985
3098 3099
3067 3070
1370 2635
1951 1953
1176 2934
245 3796
1471 2462
511 3444
175 3780
415 416
1243 1245
941 3198
2571 2583
1310 2708
549 3524
2145 2162
1516 1517
868 3301
713 715
2967 2968
2237 2240
1143 2979
128 3921
1930 2477
377 3668
498 3455
64 3887
2533 2535
395 3644
172 3877
140 3904
1341 1345
1413 2777
1424 1425
1863 2576
323 3631
484 490
1845 1846
1144 2870
2229 2232
1324 1325
1045 3089
882 3244
11 3943
1119 2901
643 645
907 908
80 3963
3177 3181
1149 2950
1385 2624
459 3505
587 3392
58 3899
1939 2058
925 3226
1075 3060
1058 2942
1825 1828
1442 1443
602 3476
410 3558
2379 2381
1740 1742
568 3513
1216 2854
477 3475
18 3992
2150 2152
36 3981
1589 1594
747 748
2291 2292
527 3548
2486 2498
1422 2529
338 3621
1638 2598
1259 1260
2074 2076
1750 2342
1452 1455
514 3570
2061 2062
1140 2877
1596 1597
841 3318
839 3152
160 3804
2752 2753
3269 3271
823 3161
42 3977
1682 1683
532 3542
1408 2600
2488 2492
1827 1833
109 3939
1873 2572
1105 1126
3199 3202
1350 2823
750 3378
428 3628
44 3910
684 3298
1192 2914
1600 1601
1352 2813
2285 2287
1728 2594
451 3604
2363 2368
56 3972
539 540
1064 3081
691 692
2168 2169
76 3876
1575 1578
737 3258
85 3867
1457 1460
1215 2857
553 3432
1183 1185
376 3595
2124 2165
1202 1204
1634 2617
728 3390
591 3494
148 3816
689 3426
1701 1706
1283 2840
2507 2508
1640 1642
573 574
1673 1674
1295 1297
3659 3661
1429 1448
166 3790
874 3285
1564 1613
644 648
2352 2358
810 3175
1152 1158
1257 1261
443 3613
2082 2097
208 3750
1008 2990
664 668
817 3332
1731 2591
435 436
920 3051
1743 1744
652 3322
622 3350
461 462
1518 2360
238 3704
3510 3516
2822 2824
321 3642
1723 1724
103 3846
992 3150
783 3190
211 3827
439 3536
337 3623
1409 1417
2173 2174
2349 2350
2890 2894
3477 3483
2280 2283
1189 2920
581 3397
2 4000
1430 2478
99 3948
1981 1984
195 3852
1567 1568
969 971
945 3037
604 3365
1207 2902
579 3399
2213 2218
1617 1618
444 3612
1386 2623
2041 2052
170 3885
393 3569
1174 1197
1199 2913
768 769
233 3807
1690 1692
2181 2182
1755 1756
946 953
229 3817
1177 1179
987 2995
1647 1652
3481 3484
1875 1879
1400 1401
876 3272
1698 1699
2067 2184
1028 1029
335 3702
2998 3000
1453 2767
2634 2640
330 3712
465 467
1789 1806
1860 1861
2989 2999
33 3916
2863 2865
1180 2933
2070 2079
141 3822
1761 1776
1633 2618
1012 2987
231 3815
1815 1830
2043 2044
847 3145
136 3912
201 3843
694 3425
453 3522
1291 1292
2390 2392
3374 3377
1645 1653
1087 1090
40 3978
2419 2420
2282 2375
973 3018
3160 3170
1383 1388
1735 1759
474 475
2756 2757
2245 2248
1857 2315
104 3945
1678 1689
187 3762
2114 2118
218 3740
185 3864
1629 2688
2992 2993
1234 2866
2417 2418
1082 2935
3264 3265
2972 2973
1022 3124
742 3250
1587 1602
1544 1546
928 3222
284 3673
778 793
776 3203
3246 3247
1254 2802
746 749
2602 2610
235 3707
2464 2468
2506 2512
597 3487
803 804
956 958
1343 1344
731 3385
959 3034
471 3491
111 3842
642 3443
260 3782
138 3823
1963 1971
25 3987
3664 3665
1644 1669
1435 1464
3256 3260
2518 2528
786 790
1751 1752
2493 2494
1138 1139
2721 2724
2105 2179
411 3557
1406 2608
510 3575
1656 1661
397 3641
256 3691
640 3327
1108 1110
3381 3386
845 3315
711 3290
429 3546
1522 1523
705 707
1535 1538
1980 2408
292 3660
734 735
112 3937
1371 2809
863 3127
1733 1796
1768 1769
1106 1107
1313 1314
37 3914
106 3941
1042 3100
3577 3578
2042 2051
2953 2957
930 3050
2037 2053
200 3849
570 3512
225 3731
1654 1665
1862 2084
934 3048
1433 2475
631 3336
625 3347
2689 2696
418 3634
168 3789
2699 2717
367 369
79 3873
2581 2586
1607 1608
3009 3019
2794 2796
2372 2373
1067 2936
1051 2944
1256 1278
563 3521
960 3193
57 3971
968 970
126 3923
90 3957
2099 2104
242 3803
512 3574
165 3793
359 3601
1479 2455
2413 2414
1251 2852
457 3507
243 3701
2326 2337
2018 2021
855 3310
2888 2891
3262 3263
3424 3428
2800 2801
1049 1053
1109 1112
252 3787
155 3892
1061 2937
935 3215
1155 1156
1871 2573
513 3572
159 3808
1526 2742
906 3063
1772 1781
430 3543
843 3148
965 3023
296 3748
2921 2927
1399 2779
662 3313
1490 1494
316 3726
3259 3261
133 3915
1133 1134
379 3663
224 3732
811 3341
1232 2871
1084 3052
1572 1749
1659 1660
2138 2231
2322 2324
578 3508
1639 2597
1885 1886
2088 2089
701 3409
3275 3278
1643 1662
545 547
2085 2087
926 3225
1441 1445
840 3321
1882 2080
143 3898
1481 1482
3458 3460
1813 1858
1570 1611
2489 2491
589 3497
531 3433
2093 2272
1096 3024
1974 2411
268 3687
886 3240
1515 2362
400 401
1122 2898
228 3717
593 3387
1146 2978
1157 2864
178 3872
1369 2637
1123 2895
1384 2629
2086 2092
1478 2763
1849 1855
2267 2277
2523 2527
189 3862
880 3120
2520 2526
773 3344
733 3276
89 3860
350 352
1418 2565
3004 3005
2302 2303
2484 2500
1495 1500
1323 1328
2327 2328
1622 1625
320 3722
2161 2163
35 3982
1492 2754
2485 2504
26 3986
1945 2029
1171 1203
2545 2557
2254 2255
2657 2677
3684 3685
283 3674
1246 1250
1646 1655
2709 2711
1836 1850
364 3675
1763 1766
949 3036
536 3539
1468 2469
818 3164
1124 2886
1777 1790
2115 2116
347 3692
521 3555
431 3540
655 3316
659 3440
1316 2827
39 3979
3 3999
1358 2648
55 3901
3101 3103
2686 2690
2829 2833
249 250
300 3653
759 3360
370 3671
1141 2872
1626 1627
1120 1121
1286 1288
318 3645
1949 1960
383 3657
3635 3636
81 3871
1874 1876
390 3576
898 899
572 3406
2569 2592
1421 2542
297 3744
424 3551
2126 2127
619 3461
1985 1986
255 3786
1081 3054
1599 1619
3235 3236
829 3325
139 3905
98 3949
480 482
729 3281
807 3180
716 3288
698 3410
2033 2241
108 3845
2728 2732
599 3376
362 3677
2804 2805
3449 3451
455 3520
541 3528
1988 2003
105 3944
542 551
1702 1726
279 3683
1507 2406
1236 1237
601 3366
287 3764
478 3466
1287 1289
630 3337
1235 1242
767 3356
952 3035
2307 2308
2078 2098
1302 2726
582 3396
2614 2616
558 560
222 3735
3195 3196
730 3277
433 3626
2799 2803
1681 1686
150 3812
1820 1834
3581 3582
927 3223
280 3769
1641 1715
487 493
3367 3369
865 866
820 3329
1942 2432
210 3829
1958 1962
1915 1921
1239 1240
1609 1612
962 3186
681 3299
1375 2798
29 3919
1440 1447
812 3172
3213 3214
583 3395
830 831
2463 2470
1186 2931
1519 1520
846 853
915 3062
896 3233
878 3266
1211 2884
1011 1014
378 3666
891 3239
1649 1650
1320 1349
1531 1532
794 797
1233 2869
41 3911
813 3338
188 3761
1670 1679
2490 2495
2928 2929
1355 2654
365 3672
1004 1005
343 3618
236 3706
1912 1925
2278 2284
2509 2517
1923 2514
1696 1711
404 3637
1621 1623
2435 2437
382 3589
595 3493
2706 2707
1488 1491
1910 1917
1512 2388
3163 3168
2743 2745
419 3553
61 3970
2151 2175
2275 2295
174 3874
303 3651
543 3527
2560 2563
869 3123
3795 3799
1044 3097
1282 1299
1920 1922
975 976
476 3486
848 849
186 3863
2289 2293
2892 2893
207 3752
307 3734
607 3470
995 3134
699 3295
1972 1973
2364 2365
2843 2846
2729 2730
1946 1948
1604 1614
1041 3113
833 838
2216 2217
110 3844
1339 2684
298 3741
1483 1484
10 3947
1968 1969
1373 1374
2663 2664
695 3423
2703 2714
508 3584
592 3388
2153 2159
2015 2019
2632 2645
270 274
2398 2401
67 3884
1229 2816
1020 2960
492 3462
2032 2250
1938 2439
2193 2199
3178 3179
858 3306
2300 2314
1764 1765
3611 3614
1161 1168
1034 3114
517 519
2140 2141
1525 1527
115 3935
1926 1928
3045 3047
2045 2046
2680 2682
17 3932
2551 2552
721 722
739 3255
214 3824
2873 2874
2561 2562
442 3620
2060 2063
156 3810
399 405
113 3936
447 3535
780 785
1593 1595
346 3694
2221 2222
744 3245
2071 2073
421 423
3208 3210
232 3813
1821 1826
1895 1896
3086 3087
761 3227
982 3173
2879 2880
2700 2701
3413 3415
1635 2613
2911 2912
628 3339
2083 2090
351 3617
939 3038
2566 2599
1697 1710
1431 1432
1703 1721
162 3802
710 3408
1773 1775
276 3686
2206 2214
2131 2233
1391 1393
961 3188
770 3355
396 3643
199 3850
71 3882
910 912
3200 3201
525 3436
576 3509
1274 2749
548 3525
1809 2321
269 3777
434 437
329 3625
2207 2208
1315 1319
2788 2789
3106 3119
1472 2459
859 3129
654 3319
2341 2357
827 3159
1136 2984
745 3242
1842 1843
177 3776
933 3219
2049 2203
1955 1956
386 3656
2142 2198
1576 1584
1208 2900
1308 1309
1264 2792
308 3730
1990 1991
1818 1847
871 3292
1784 2323
782 3191
2423 2427
3149 3151
1063 3082
2005 2014
191 3858
332 333
96 3853
537 3538
247 3792
585 3394
2458 2460
3030 3032
3343 3345
2539 2546
2482 2513
2011 2020
216 3743
1987 2407
672 3312
88 3959
1169 2861
2149 2158
824 826
114 3841
2257 2259
1450 1451
1501 1506
1023 1030
301 3737
2655 2678
1376 2631
765 3212
1998 2000
1964 1966
1074 1077
1736 1737
709 3291
403 3638
1281 2848
51 3975
3021 3022
502 503
1060 2938
2068 2077
1976 2410
2702 2715
1247 2860
620 623
2887 2889
636 3334
610 3354
441 3622
432 3537
639 3331
2102 2103
2760 2768
336 3624
198 3757
1465 2765
1534 1548
2786 2791
816 3333
673 3311
775 3205
3273 3274
1461 1462
1892 2064
3340 3346
2317 2340
299 3739
1547 1550
1244 2862
452 3532
1838 1840
670 3427
27 3926
219 3738
3286 3287
2487 2499
909 914
894 897
134 3826
468 3599
1220 2825
565 3518
328 3627
2855 2856
1248 2859
463 3503
82 3962
900 3068
966 967
1869 2574
391 3573
2384 2386
1083 3053
102 3847
1 3958
3039 3040
349 3689
1342 1346
1209 2899
193 3759
1657 1658
341 3697
3109 3116
2246 2247
271 3775
509 3583
1428 1449
254 3693
1114 2917
522 3550
873 3289
2378 2385
1554 1571
791 3187
15 3934
1190 1191
3955 3956
2353 2356
1934 2441
2299 2301
1213 2878
460 3504
449 3607
48 3907
169 3788
1712 1716
2137 2139
3303 3304
755 3229
259 262
923 3228
1713 1714
1817 1823
1070 1071
1505 1513
1485 2761
1223 1224
577 3404
650 3324
1580 1581
340 3698
30 3985
319 3723
500 3454
2036 2054
1918 1919
1508 1509
1663 1664
282 3679
223 3733
2219 2226
528 3545
2312 2313
524 3437
902 3066
427 3547
2585 2588
2627 2628
2109 2112
77 3964
687 690
1970 2416
1267 1271
879 3254
2595 2596
1125 1128
2170 2171
1767 2331
3480 3482
752 3371
184 3866
164 167
991 997
1902 1908
1933 2471
981 3017
3232 3234
220 3820
2404 2405
1072 3065
1630 1631
2338 2339
438 440
870 872
3105 3107
2330 2334
1978 1979
275 3772
787 788
1688 1727
2691 2692
1356 2653
2144 2147
46 3908
996 998
2096 2242
197 3758
1099 1100
1333 1348
2611 2612
505 506
2100 2101
1480 2762
1801 1802
877 3267
2035 2038
1222 1225
1989 2402
1899 1931
2059 2191
963 964
1205 1206
1672 1677
832 3157
9 3995
34 3983
1499 2409
288 3667
1704 1705
2205 2209
448 3534
1590 1591
1636 1725
1502 1504
1181 1182
974 977
2679 2683
375 3596
943 955
2196 2197
2633 2641
567 3517
1284 1290
3084 3085
638 3445
1059 2940
1778 1787
19 3991
2130 2134
2964 2966
285 3670
86 3961
53 3973
1403 2615
196 3851
209 3749
1159 1164
407 3562
641 3326
2192 2202
3708 3709
237 3705
2620 2622
194 3857
738 3257
814 3166
263 265
3797 3798
72 3880
566 3418
2424 2426
740 3382
1914 1924
130 3830
1890 1891
2826 2828
1803 2580
2496 2497
52 3974
2186 2187
426 3629
1454 2766
317 3725
1214 1217
324 3720
1898 2549
608 3364
1603 1610
131 3828
107 3940
911 3230
1285 2834
62 3889
470 3492
1111 1116
2304 2305
278 3770
273 3773
412 417
2106 2177
2568 2593
836 3154
2835 2836
1378 1380
1870 2081
686 688
533 534
1814 2316
3605 3606
515 3442
1901 1911
3402 3403
3092 3093
469 3495
3248 3249
3108 3117
674 680
1864 1866
1036 1037
251 3699
2346 2347
2113 2119
3448 3450
931 932
1266 1277
743 3380
1006 3131
3565 3568
1200 2909
798 3184
230 3716
1880 1888
1867 2575
2516 2538
957 3194
693 3297
445 3610
2094 2243
357 3615
1068 1080
1016 1019
1010 2988
1903 1904
398 402
916 3061
1667 1668
147 3818
516 3567
387 3655
358 3608
409 3559
2658 2673
2674 2675
1954 1957
1940 2057
1700 1707
1227 2818
2065 2069
479 3594
190 3859
529 3544
499 3586
2436 2438
1052 2943
345 348
1170 2939
586 3393
1558 1560
1975 2028
983 3014
1272 2785
2812 2814
1013 2977
3111 3112
2672 2676
2521 2522
2547 2548
800 802
3499 3500
206 3753
3469 3473
12 3994
887 890
758 3361
766 3211
264 3690
63 3969
127 3832
1786 1788
584 3498
1745 1746
2736 2737
714 718
1127 1135
2002 2400
1555 1569
2636 2638
1001 2994
2958 2961
356 3678
947 948
1732 2590
1387 2621
556 559
2008 2012
75 3965
1511 2393
600 3375
49 3976
2429 2430
611 3353
892 3072
342 3619
1336 1337
414 3554
473 3488
677 678
1296 1298
2750 2751
5 3998
1113 2918
446 3609
2415 2421
240 3806
21 3990
1327 1332
2268 2269
1559 2733
74 3878
1312 2704
656 657
1993 1996
1241 1252
1573 1738
2007 2013
1079 3056
990 3153
1913 1916
60 3891
3357 3359
1073 1078
2963 2965
2652 2656
751 3238
2266 2279
1066 3074
257 3785
97 3950
213 3825
1982 1983
544 546
627 629
792 3185
2274 2298
117 3933
2132 2133
799 801
779 789
2837 2839
720 3400
2009 2010
617 3465
1262 2795
101 3848
1338 2685
2332 2333
1691 1693
635 3453
561 3430
302 3736
860 862
624 626
8 3996
555 557
181 3767
151 3811
2544 2564
466 3496
1434 2472
535 3541
294 3658
1529 2740
1321 2698
327 3714
1230 2875
1263 2793
394 3564
3041 3049
697 3296
1811 2318
999 3132
612 3467
2725 2727
286 3765
815 3165
2541 2543
3135 3136
2915 2919
481 3464
986 3012
311 3648
65 3886
3216 3217
306 3649
1412 1414
679 3300
2309 2311
66 3968
2148 2176
1718 1722
784 3189
1221 2820
901 3231
2154 2157
937 3043
1184 1193
1372 2806
854 856
2996 2997
1760 1791
821 3328
78 3875
360 361
1353 2810
3523 3530
1927 1929
1943 1961
450 3533
120 3928
1040 1043
119 3838
805 808
23 3929
2454 2456
1666 1671
2310 2359
1175 1178
3526 3529
564 3519
1909 2515
1831 1832
325 3718
651 3323
3010 3011
1397 1398
176 3778
291 3754
1085 1094
1102 1104
501 3447
835 3156
158 3809
1675 1676
121 3834
384 3580
1935 1936
1805 1807
2969 2974
14 3938
1540 2348
2244 2249
277 3771
606 3471
24 3988
266 3688
1872 1881
1167 2941
1065 3075
653 3320
