1997
3191 3192
475 476
3965 3966
131 132
2355 2356
3349 3350
3509 3510
1177 1178
3713 3714
33 34
3665 3666
3453 3454
109 110
1403 1404
1759 1760
709 710
1825 1826
1101 1102
3423 3424
389 390
29 30
1481 1482
1605 1606
2647 2648
1945 1946
2343 2344
2511 2512
499 500
1667 1668
1765 1766
1361 1362
2637 2638
3917 3918
2771 2772
2667 2668
1943 1944
1951 1952
3215 3216
393 394
1175 1176
227 228
2115 2116
2705 2706
2263 2264
2105 2106
3529 3530
327 328
2857 2858
3029 3030
3347 3348
1125 1126
2669 2670
2663 2664
1377 1378
1441 1442
47 48
3971 3972
1431 1432
285 286
1451 1452
2781 2782
3771 3772
3685 3686
81 82
2399 2400
1623 1624
663 664
1017 1018
839 840
1785 1786
3925 3926
3161 3162
2655 2656
1049 1050
1819 1820
1749 1750
1817 1818
3827 3828
725 726
983 984
3653 3654
3875 3876
887 888
3563 3564
695 696
2697 2698
2473 2474
1843 1844
69 70
2195 2196
2079 2080
3585 3586
3743 3744
783 784
2735 2736
1085 1086
865 866
2557 2558
3055 3056
2201 2202
2517 2518
647 648
2361 2362
2727 2728
1243 1244
679 680
3049 3050
3625 3626
3189 3190
2175 2176
875 876
1551 1552
2889 2890
3145 3146
2959 2960
3305 3306
2903 2904
1769 1770
2133 2134
3137 3138
2327 2328
1425 1426
667 668
2533 2534
237 238
2603 2604
1915 1916
3963 3964
2933 2934
3909 3910
3571 3572
529 530
3519 3520
157 158
2211 2212
847 848
3619 3620
2855 2856
1415 1416
431 432
1779 1780
3037 3038
1135 1136
3907 3908
3891 3892
1969 1970
3815 3816
913 914
2345 2346
3507 3508
2619 2620
1363 1364
557 558
231 232
1661 1662
3785 3786
1311 1312
2453 2454
3119 3120
1725 1726
3255 3256
325 326
3057 3058
2887 2888
2753 2754
399 400
1871 1872
3791 3792
3083 3084
2953 2954
3291 3292
2677 2678
2863 2864
3283 3284
837 838
1455 1456
3539 3540
517 518
3745 3746
3865 3866
931 932
1213 1214
1927 1928
3675 3676
1065 1066
2367 2368
1111 1112
3505 3506
3475 3476
1865 1866
3501 3502
263 264
3553 3554
2801 2802
1055 1056
1001 1002
3781 3782
17 18
1757 1758
3275 3276
489 490
571 572
821 822
1687 1688
3179 3180
829 830
2939 2940
765 766
3013 3014
3935 3936
2337 2338
583 584
1471 1472
3003 3004
2275 2276
2769 2770
1315 1316
2319 2320
3159 3160
2883 2884
1299 1300
1287 1288
3499 3500
23 24
2699 2700
2729 2730
623 624
2085 2086
1599 1600
963 964
2773 2774
463 464
315 316
757 758
3859 3860
277 278
1035 1036
3395 3396
805 806
3223 3224
3289 3290
1353 1354
3991 3992
3231 3232
1371 1372
3941 3942
3623 3624
1711 1712
1873 1874
853 854
1473 1474
629 630
369 370
3587 3588
505 506
343 344
3777 3778
1005 1006
365 366
1169 1170
1989 1990
3779 3780
3749 3750
2351 2352
645 646
1295 1296
1941 1942
3583 3584
2559 2560
2481 2482
2089 2090
19 20
1807 1808
443 444
207 208
3805 3806
2547 2548
593 594
2459 2460
3103 3104
2033 2034
753 754
671 672
2409 2410
719 720
2739 2740
1703 1704
235 236
3471 3472
2645 2646
1677 1678
2325 2326
795 796
797 798
3017 3018
1717 1718
3523 3524
1341 1342
3247 3248
455 456
903 904
3133 3134
2219 2220
3835 3836
3879 3880
71 72
187 188
253 254
3345 3346
2471 2472
611 612
1401 1402
2885 2886
2041 2042
3431 3432
731 732
1719 1720
773 774
1495 1496
653 654
1337 1338
665 666
3673 3674
3375 3376
3181 3182
1459 1460
2271 2272
595 596
905 906
2867 2868
1607 1608
147 148
1387 1388
337 338
2713 2714
1537 1538
2797 2798
3565 3566
2087 2088
2583 2584
2629 2630
2095 2096
2081 2082
677 678
319 320
151 152
2589 2590
3403 3404
519 520
1389 1390
689 690
1975 1976
943 944
1129 1130
2579 2580
3265 3266
1333 1334
1647 1648
3617 3618
3467 3468
133 134
553 554
955 956
951 952
2063 2064
65 66
2597 2598
3201 3202
1427 1428
889 890
3473 3474
703 704
1965 1966
2457 2458
1967 1968
937 938
2695 2696
2551 2552
1659 1660
2901 2902
203 204
3737 3738
1689 1690
2835 2836
189 190
825 826
3329 3330
1331 1332
923 924
2623 2624
799 800
2505 2506
1789 1790
2691 2692
1629 1630
3243 3244
95 96
3391 3392
497 498
367 368
563 564
1261 1262
3415 3416
3167 3168
2131 2132
403 404
1031 1032
135 136
1223 1224
3005 3006
3293 3294
3107 3108
1279 1280
559 560
3663 3664
385 386
867 868
1553 1554
3233 3234
193 194
1805 1806
2467 2468
1875 1876
845 846
451 452
2841 2842
3441 3442
1853 1854
2053 2054
1695 1696
2231 2232
1535 1536
3977 3978
3235 3236
2877 2878
2923 2924
1995 1996
3755 3756
953 954
2913 2914
1713 1714
3517 3518
2849 2850
1421 1422
1675 1676
3895 3896
3687 3688
7 8
267 268
457 458
247 248
3035 3036
1461 1462
3433 3434
453 454
749 750
1069 1070
3131 3132
599 600
359 360
243 244
1383 1384
2941 2942
2375 2376
3279 3280
1767 1768
3389 3390
2241 2242
539 540
3811 3812
2909 2910
155 156
221 222
3967 3968
1727 1728
1259 1260
1037 1038
1189 1190
2593 2594
1397 1398
2297 2298
2969 2970
3611 3612
601 602
2945 2946
1407 1408
1105 1106
973 974
1621 1622
99 100
1453 1454
551 552
2787 2788
3801 3802
1267 1268
1931 1932
2199 2200
3973 3974
2851 2852
2853 2854
1057 1058
2791 2792
1097 1098
3193 3194
2185 2186
3989 3990
1187 1188
2807 2808
2233 2234
3219 3220
2821 2822
2309 2310
1351 1352
1685 1686
3595 3596
1117 1118
3573 3574
1587 1588
527 528
1809 1810
1917 1918
2749 2750
2167 2168
3211 3212
2487 2488
2961 2962
833 834
1059 1060
2865 2866
2763 2764
3969 3970
2973 2974
2963 2964
801 802
3975 3976
2129 2130
2993 2994
2435 2436
1771 1772
2833 2834
781 782
75 76
3111 3112
2799 2800
1627 1628
1867 1868
175 176
591 592
1115 1116
1225 1226
53 54
241 242
975 976
1791 1792
2447 2448
2929 2930
2761 2762
3485 3486
2205 2206
2987 2988
1753 1754
2723 2724
3259 3260
2331 2332
2635 2636
1359 1360
1499 1500
3309 3310
631 632
651 652
1957 1958
3435 3436
1959 1960
3817 3818
3197 3198
2317 2318
1891 1892
1321 1322
2187 2188
2177 2178
2397 2398
3717 3718
229 230
2289 2290
861 862
3367 3368
2077 2078
3903 3904
119 120
1701 1702
3679 3680
2693 2694
961 962
3091 3092
1251 1252
1883 1884
507 508
2303 2304
1053 1054
361 362
3889 3890
3479 3480
997 998
2407 2408
49 50
3449 3450
2955 2956
3513 3514
1575 1576
597 598
569 570
2485 2486
2007 2008
1221 1222
2843 2844
2069 2070
1087 1088
2073 2074
331 332
495 496
2631 2632
2011 2012
1301 1302
1023 1024
3353 3354
3149 3150
2437 2438
1099 1100
2267 2268
3387 3388
3015 3016
1501 1502
1123 1124
3547 3548
3911 3912
85 86
3273 3274
213 214
25 26
2819 2820
2107 2108
971 972
1219 1220
2837 2838
3199 3200
907 908
2465 2466
305 306
355 356
607 608
59 60
1519 1520
789 790
2017 2018
639 640
3949 3950
2813 2814
1571 1572
721 722
3377 3378
1149 1150
481 482
761 762
1815 1816
1015 1016
3009 3010
2045 2046
3705 3706
1823 1824
2237 2238
2239 2240
3297 3298
2155 2156
1827 1828
2451 2452
2213 2214
2545 2546
3881 3882
2429 2430
2389 2390
2661 2662
3635 3636
635 636
2147 2148
1933 1934
1543 1544
715 716
123 124
225 226
2809 2810
3661 3662
1781 1782
1533 1534
747 748
3101 3102
1973 1974
767 768
2737 2738
915 916
681 682
873 874
2039 2040
1905 1906
2915 2916
2483 2484
3731 3732
3317 3318
2489 2490
3417 3418
1653 1654
43 44
2027 2028
2831 2832
2643 2644
2031 2032
2373 2374
449 450
933 934
1119 1120
3249 3250
2951 2952
3323 3324
2137 2138
3175 3176
1907 1908
3075 3076
409 410
2793 2794
2349 2350
1491 1492
1339 1340
1745 1746
1335 1336
3237 3238
287 288
3361 3362
1181 1182
1563 1564
1147 1148
97 98
3151 3152
751 752
3043 3044
165 166
2521 2522
1639 1640
1343 1344
413 414
2869 2870
169 170
2507 2508
3659 3660
683 684
2455 2456
3549 3550
487 488
1601 1602
2759 2760
1477 1478
2975 2976
3459 3460
697 698
3829 3830
251 252
1239 1240
1075 1076
41 42
3095 3096
2145 2146
1797 1798
693 694
2217 2218
21 22
3605 3606
137 138
2937 2938
685 686
1103 1104
3177 3178
3953 3954
2321 2322
3115 3116
1801 1802
1385 1386
3051 3052
407 408
363 364
1013 1014
3733 3734
1987 1988
543 544
1633 1634
483 484
2803 2804
467 468
2251 2252
1209 1210
223 224
3769 3770
103 104
921 922
2425 2426
1949 1950
2971 2972
415 416
3121 3122
1263 1264
2099 2100
1937 1938
1071 1072
1795 1796
279 280
3873 3874
3803 3804
2035 2036
309 310
2743 2744
3355 3356
2153 2154
2795 2796
1493 1494
3385 3386
2113 2114
929 930
3641 3642
2935 2936
3341 3342
2359 2360
3955 3956
2943 2944
1329 1330
3937 3938
2731 2732
3947 3948
31 32
2071 2072
3647 3648
1869 1870
2097 2098
3033 3034
2905 2906
827 828
699 700
2369 2370
809 810
1729 1730
2411 2412
1837 1838
3857 3858
1283 1284
2549 2550
381 382
469 470
1513 1514
2323 2324
1693 1694
1681 1682
2449 2450
2287 2288
1357 1358
297 298
727 728
2057 2058
637 638
503 504
1783 1784
949 950
1485 1486
3551 3552
201 202
897 898
3113 3114
3629 3630
909 910
437 438
3241 3242
515 516
3343 3344
2015 2016
3437 3438
1367 1368
1863 1864
269 270
1141 1142
3633 3634
3027 3028
1303 1304
3545 3546
1151 1152
261 262
349 350
465 466
3143 3144
509 510
1829 1830
2061 2062
2925 2926
919 920
619 620
3063 3064
3267 3268
2415 2416
575 576
2659 2660
3729 3730
1275 1276
3581 3582
2721 2722
2733 2734
2157 2158
15 16
1033 1034
643 644
3085 3086
3413 3414
733 734
1079 1080
1963 1964
739 740
3497 3498
729 730
579 580
1479 1480
3735 3736
807 808
3841 3842
3871 3872
1683 1684
2273 2274
3363 3364
117 118
257 258
2679 2680
1833 1834
2043 2044
3923 3924
3741 3742
1839 1840
891 892
2615 2616
3521 3522
2917 2918
1205 1206
1021 1022
2243 2244
2253 2254
3783 3784
2911 2912
3041 3042
3821 3822
2703 2704
2315 2316
1705 1706
857 858
2165 2166
3325 3326
2541 2542
2341 2342
2641 2642
2149 2150
2261 2262
1921 1922
2293 2294
1671 1672
2535 2536
659 660
1545 1546
91 92
1557 1558
2313 2314
2767 2768
991 992
851 852
1793 1794
1897 1898
2191 2192
1291 1292
2569 2570
691 692
3503 3504
1707 1708
1625 1626
3849 3850
1161 1162
3699 3700
1019 1020
3607 3608
2329 2330
3019 3020
1507 1508
245 246
3313 3314
587 588
879 880
3853 3854
1585 1586
3225 3226
1515 1516
1289 1290
2005 2006
1183 1184
1203 1204
1845 1846
3335 3336
1657 1658
3285 3286
3405 3406
1207 1208
105 106
3195 3196
2599 2600
2285 2286
843 844
3719 3720
3669 3670
209 210
1841 1842
1527 1528
771 772
589 590
985 986
1199 1200
1179 1180
649 650
959 960
1273 1274
2523 2524
3421 3422
2333 2334
2493 2494
811 812
387 388
1961 1962
2023 2024
2379 2380
2817 2818
1309 1310
3079 3080
2639 2640
2421 2422
1185 1186
1215 1216
2587 2588
2025 2026
1039 1040
1229 1230
1821 1822
1669 1670
2921 2922
2423 2424
2305 2306
3649 3650
3239 3240
1899 1900
1983 1984
2845 2846
2881 2882
3141 3142
2093 2094
3163 3164
1247 1248
411 412
1293 1294
1171 1172
3701 3702
3253 3254
3671 3672
3303 3304
441 442
2595 2596
1721 1722
1615 1616
125 126
3557 3558
149 150
1925 1926
1281 1282
3833 3834
197 198
1409 1410
3511 3512
3463 3464
3129 3130
339 340
2711 2712
2825 2826
3901 3902
3153 3154
3837 3838
687 688
613 614
2991 2992
2037 2038
1811 1812
2141 2142
1559 1560
2537 2538
3261 3262
2059 2060
1159 1160
2965 2966
669 670
2573 2574
283 284
2601 2602
3061 3062
969 970
3885 3886
803 804
2143 2144
2777 2778
2021 2022
2701 2702
2981 2982
1391 1392
3845 3846
2563 2564
967 968
2363 2364
2277 2278
3697 3698
2001 2002
775 776
1619 1620
835 836
573 574
2567 2568
101 102
945 946
313 314
3603 3604
3081 3082
1761 1762
1463 1464
2179 2180
1953 1954
533 534
87 88
3451 3452
3569 3570
2307 2308
1741 1742
2151 2152
179 180
405 406
2585 2586
2291 2292
2967 2968
73 74
3933 3934
567 568
2229 2230
347 348
259 260
239 240
473 474
1591 1592
2463 2464
1851 1852
2051 2052
2783 2784
3337 3338
3125 3126
3957 3958
2499 2500
1665 1666
1939 1940
3469 3470
429 430
1007 1008
2403 2404
3135 3136
2003 2004
1935 1936
2189 2190
1109 1110
1381 1382
2983 2984
2509 2510
1467 1468
2715 2716
3157 3158
3445 3446
3187 3188
585 586
2893 2894
2417 2418
2891 2892
555 556
2383 2384
1977 1978
3093 3094
3227 3228
713 714
3651 3652
1319 1320
3007 3008
2357 2358
511 512
3765 3766
1831 1832
2193 2194
1419 1420
3071 3072
1249 1250
3327 3328
3541 3542
2091 2092
1393 1394
977 978
3089 3090
3397 3398
3399 3400
819 820
1469 1470
513 514
2621 2622
2529 2530
1835 1836
1855 1856
1643 1644
1709 1710
397 398
37 38
1613 1614
311 312
333 334
211 212
1743 1744
275 276
3257 3258
3609 3610
2875 2876
2519 2520
307 308
1655 1656
957 958
1253 1254
195 196
769 770
3643 3644
3527 3528
1211 1212
1197 1198
3525 3526
1521 1522
3461 3462
3621 3622
3531 3532
3809 3810
661 662
461 462
1979 1980
3637 3638
2255 2256
3383 3384
3807 3808
1641 1642
1529 1530
2649 2650
987 988
2779 2780
993 994
1929 1930
1923 1924
3447 3448
2633 2634
2221 2222
377 378
625 626
3567 3568
447 448
3365 3366
3487 3488
1131 1132
1691 1692
3601 3602
121 122
1909 1910
3489 3490
2083 2084
2029 2030
3077 3078
2401 2402
1145 1146
2215 2216
3739 3740
371 372
2173 2174
2019 2020
3559 3560
1731 1732
3767 3768
1603 1604
3537 3538
2745 2746
3515 3516
421 422
1193 1194
3789 3790
999 1000
2707 2708
1723 1724
2223 2224
1067 1068
941 942
2931 2932
1003 1004
1155 1156
1577 1578
2479 2480
183 184
485 486
2651 2652
3593 3594
2461 2462
2873 2874
1227 1228
1523 1524
777 778
3839 3840
1433 1434
2347 2348
1277 1278
2757 2758
3477 3478
2335 2336
791 792
1637 1638
3867 3868
1255 1256
2577 2578
2947 2948
2055 2056
1631 1632
849 850
9 10
3105 3106
3023 3024
3631 3632
167 168
3425 3426
3401 3402
523 524
2949 2950
2859 2860
823 824
2181 2182
299 300
129 130
1347 1348
1489 1490
2989 2990
1157 1158
2907 2908
3123 3124
249 250
93 94
911 912
2571 2572
2717 2718
2897 2898
605 606
641 642
2709 2710
3929 3930
1555 1556
491 492
2525 2526
815 816
1153 1154
3757 3758
3693 3694
419 420
3371 3372
2613 2614
3139 3140
2353 2354
1041 1042
1635 1636
1355 1356
965 966
3823 3824
1231 1232
2607 2608
981 982
3599 3600
1881 1882
11 12
3169 3170
1327 1328
1137 1138
3155 3156
1061 1062
2501 2502
2671 2672
353 354
3205 3206
535 536
2725 2726
1399 1400
3481 3482
5 6
2183 2184
1285 1286
1009 1010
831 832
3295 3296
859 860
1733 1734
3429 3430
743 744
3627 3628
2101 2102
3945 3946
1579 1580
1645 1646
2433 2434
1573 1574
2279 2280
2311 2312
707 708
2405 2406
1307 1308
2123 2124
3555 3556
895 896
841 842
3207 3208
3795 3796
271 272
711 712
1345 1346
2999 3000
1173 1174
357 358
855 856
1569 1570
1541 1542
3443 3444
881 882
2135 2136
1697 1698
1971 1972
3939 3940
3483 3484
471 472
1379 1380
1887 1888
2443 2444
1047 1048
1617 1618
2591 2592
3263 3264
127 128
145 146
199 200
3369 3370
3045 3046
3993 3994
3723 3724
13 14
2111 2112
2469 2470
2527 2528
565 566
501 502
233 234
3613 3614
3597 3598
1497 1498
3217 3218
3843 3844
2805 2806
3927 3928
633 634
1439 1440
2687 2688
2257 2258
2611 2612
537 538
3011 3012
3703 3704
205 206
2385 2386
3165 3166
2785 2786
2839 2840
3097 3098
3407 3408
755 756
2751 2752
2047 2048
2159 2160
657 658
787 788
871 872
3695 3696
2741 2742
1503 1504
1755 1756
191 192
2871 2872
351 352
1405 1406
1269 1270
61 62
1083 1084
3099 3100
3271 3272
1165 1166
1911 1912
2995 2996
39 40
2895 2896
323 324
763 764
3787 3788
1095 1096
3493 3494
3761 3762
3321 3322
3269 3270
317 318
2513 2514
3039 3040
3465 3466
1901 1902
2109 2110
813 814
3411 3412
2103 2104
3983 3984
1679 1680
3533 3534
3031 3032
185 186
3021 3022
3715 3716
2495 2496
2555 2556
615 616
1217 1218
57 58
2617 2618
3913 3914
1609 1610
3307 3308
173 174
2301 2302
265 266
1955 1956
1113 1114
1737 1738
2657 2658
181 182
1305 1306
63 64
1597 1598
3711 3712
1317 1318
3691 3692
617 618
3897 3898
2075 2076
289 290
3281 3282
3065 3066
3213 3214
215 216
2413 2414
779 780
675 676
1567 1568
1999 2000
2127 2128
1063 1064
1895 1896
3985 3986
3639 3640
2811 2812
401 402
1457 1458
291 292
3245 3246
1747 1748
3847 3848
3495 3496
1029 1030
1981 1982
3869 3870
171 172
3813 3814
27 28
1525 1526
2997 2998
2823 2824
3455 3456
3887 3888
2235 2236
2685 2686
395 396
3877 3878
51 52
745 746
1857 1858
2265 2266
1245 1246
1465 1466
115 116
2539 2540
925 926
1043 1044
45 46
1735 1736
1517 1518
335 336
3575 3576
3961 3962
3727 3728
1093 1094
2197 2198
1265 1266
1763 1764
1437 1438
1583 1584
1879 1880
3863 3864
2295 2296
1235 1236
425 426
1077 1078
2371 2372
3409 3410
3775 3776
2653 2654
3951 3952
2683 2684
3799 3800
609 610
577 578
3381 3382
2049 2050
3491 3492
83 84
1487 1488
1803 1804
2503 2504
2377 2378
2765 2766
163 164
329 330
1447 1448
3959 3960
3883 3884
939 940
3725 3726
2381 2382
869 870
1885 1886
1413 1414
1045 1046
3359 3360
2719 2720
89 90
3339 3340
2161 2162
2209 2210
863 864
2391 2392
1089 1090
1443 1444
1919 1920
1483 1484
581 582
3059 3060
3221 3222
55 56
3751 3752
2827 2828
3683 3684
67 68
2245 2246
627 628
1091 1092
1449 1450
379 380
281 282
2861 2862
3319 3320
1395 1396
3561 3562
1411 1412
113 114
1505 1506
547 548
3087 3088
255 256
2747 2748
3427 3428
705 706
541 542
995 996
1163 1164
2283 2284
2249 2250
3147 3148
2441 2442
433 434
893 894
77 78
1475 1476
1651 1652
3943 3944
2169 2170
2013 2014
1893 1894
1323 1324
1649 1650
3931 3932
1903 1904
1423 1424
3315 3316
2431 2432
1233 1234
1993 1994
3277 3278
1751 1752
1127 1128
1081 1082
2299 2300
293 294
1121 1122
701 702
883 884
3579 3580
3251 3252
979 980
479 480
947 948
1787 1788
3793 3794
3773 3774
3855 3856
899 900
1889 1890
989 990
1775 1776
1663 1664
3759 3760
3979 3980
2475 2476
2609 2610
2225 2226
1051 1052
1445 1446
525 526
723 724
3229 3230
1595 1596
303 304
3439 3440
2395 2396
817 818
2491 2492
2553 2554
1373 1374
3851 3852
741 742
1201 1202
2979 2980
3899 3900
3301 3302
2439 2440
2755 2756
3171 3172
2203 2204
1195 1196
1773 1774
273 274
1257 1258
2387 2388
143 144
1715 1716
3707 3708
439 440
2829 2830
2269 2270
2067 2068
1365 1366
2393 2394
603 604
3351 3352
2919 2920
793 794
3299 3300
3747 3748
927 928
2121 2122
1877 1878
445 446
1271 1272
3921 3922
3763 3764
2789 2790
2673 2674
3589 3590
2419 2420
1241 1242
3861 3862
2775 2776
375 376
935 936
2665 2666
531 532
3209 3210
159 160
2117 2118
545 546
1143 1144
1777 1778
1325 1326
2119 2120
1549 1550
3689 3690
1593 1594
1539 1540
3981 3982
3183 3184
3067 3068
1673 1674
3543 3544
2985 2986
1859 1860
3677 3678
2207 2208
655 656
3185 3186
2847 2848
1027 1028
3117 3118
3825 3826
1581 1582
79 80
107 108
1547 1548
2339 2340
1947 1948
2625 2626
3047 3048
2575 2576
1913 1914
3379 3380
1011 1012
459 460
2681 2682
3 4
435 436
417 418
3311 3312
2581 2582
3615 3616
759 760
2977 2978
1861 1862
3893 3894
1849 1850
477 478
3069 3070
561 562
2139 2140
3667 3668
3333 3334
3373 3374
2125 2126
3073 3074
2281 2282
737 738
2171 2172
139 140
2477 2478
1073 1074
3919 3920
345 346
3053 3054
217 218
3393 3394
3753 3754
3721 3722
373 374
3457 3458
2689 2690
1369 1370
2427 2428
3831 3832
3127 3128
673 674
3657 3658
1133 1134
3915 3916
3987 3988
1025 1026
3109 3110
3535 3536
2675 2676
3025 3026
2561 2562
1375 1376
3577 3578
1799 1800
141 142
1739 1740
2227 2228
2899 2900
219 220
917 918
3001 3002
295 296
1997 1998
35 36
885 886
153 154
1 2
1417 1418
3645 3646
3591 3592
2879 2880
383 384
1167 1168
3655 3656
717 718
1699 1700
1589 1590
735 736
3331 3332
1237 1238
493 494
111 112
2515 2516
301 302
2163 2164
3819 3820
1531 1532
1991 1992
3287 3288
161 162
1611 1612
3797 3798
2957 2958
3173 3174
3709 3710
3357 3358
2815 2816
3419 3420
2531 2532
177 178
2247 2248
901 902
1107 1108
391 392
2543 2544
423 424
1985 1986
1435 1436
2065 2066
1313 1314
427 428
621 622
2009 2010
3905 3906
1139 1140
3681 3682
321 322
1349 1350
1847 1848
1813 1814
1297 1298
549 550
3203 3204
1509 1510
1511 1512
877 878
2445 2446
2565 2566
1561 1562
2627 2628
1429 1430
2605 2606
785 786
1565 1566
2259 2260
2927 2928
2497 2498
1191 1192
341 342
521 522
2365 2366
