1998
66 1065
391 1390
2564 3563
2604 3603
2639 3638
606 1605
114 1113
2784 3783
2466 3465
592 1591
2846 3845
2807 3806
2910 3909
5 1004
907 1906
543 1542
2695 3694
274 1273
912 1911
2775 3774
2113 3112
2046 3045
446 1445
239 1238
641 1640
937 1936
802 1801
2740 3739
995 1994
336 1335
2388 3387
762 1761
826 1825
614 1613
267 1266
144 1143
2550 3549
289 1288
637 1636
822 1821
2925 3924
35 1034
814 1813
2638 3637
2063 3062
266 1265
492 1491
173 1172
115 1114
2619 3618
522 1521
627 1626
906 1905
87 1086
402 1401
766 1765
745 1744
276 1275
2952 3951
2400 3399
2967 3966
2911 3910
123 1122
207 1206
610 1609
849 1848
107 1106
2403 3402
342 1341
46 1045
575 1574
2228 3227
2819 3818
2768 3767
2018 3017
412 1411
2127 3126
2974 3973
953 1952
159 1158
2106 3105
292 1291
2743 3742
78 1077
971 1970
2937 3936
487 1486
724 1723
2145 3144
2286 3285
2138 3137
350 1349
648 1647
494 1493
2438 3437
127 1126
577 1576
474 1473
626 1625
200 1199
948 1947
272 1271
48 1047
2840 3839
2948 3947
2411 3410
2769 3768
165 1164
865 1864
2426 3425
582 1581
2125 3124
742 1741
499 1498
2543 3542
108 1107
2752 3751
756 1755
2041 3040
52 1051
2423 3422
2097 3096
609 1608
2159 3158
2337 3336
2879 3878
2851 3850
2356 3355
2134 3133
910 1909
94 1093
965 1964
728 1727
2321 3320
443 1442
459 1458
999 1998
2449 3448
2773 3772
2670 3669
219 1218
2971 3970
861 1860
2431 3430
2939 3938
911 1910
523 1522
360 1359
190 1189
2832 3831
686 1685
2342 3341
2040 3039
2870 3869
623 1622
2227 3226
2146 3145
2787 3786
2322 3321
2457 3456
729 1728
2024 3023
2584 3583
423 1422
2671 3670
2011 3010
280 1279
2503 3502
2582 3581
288 1287
2517 3516
2588 3587
2195 3194
202 1201
506 1505
2434 3433
857 1856
2665 3664
2677 3676
987 1986
767 1766
389 1388
2701 3700
7 1006
787 1786
758 1757
2709 3708
223 1222
915 1914
2691 3690
842 1841
50 1049
244 1243
2786 3785
225 1224
287 1286
952 1951
416 1415
2554 3553
2206 3205
2713 3712
2308 3307
587 1586
2983 3982
513 1512
2598 3597
2513 3512
2725 3724
2732 3731
367 1366
491 1490
827 1826
192 1191
2523 3522
2386 3385
2907 3906
2135 3134
2578 3577
527 1526
2806 3805
2650 3649
966 1965
2124 3123
2949 3948
363 1362
759 1758
250 1249
172 1171
2311 3310
939 1938
2053 3052
146 1145
97 1096
717 1716
2977 3976
341 1340
886 1885
2718 3717
304 1303
2970 3969
2610 3609
357 1356
2624 3623
26 1025
2531 3530
316 1315
836 1835
307 1306
462 1461
2538 3537
2032 3031
702 1701
2689 3688
715 1714
203 1202
2295 3294
2735 3734
2470 3469
891 1890
128 1127
2375 3374
2843 3842
2920 3919
2399 3398
63 1062
532 1531
933 1932
235 1234
550 1549
982 1981
152 1151
580 1579
2890 3889
732 1731
49 1048
2331 3330
2852 3851
139 1138
2133 3132
2000 2999
2681 3680
2323 3322
501 1500
2177 3176
2372 3371
736 1735
2625 3624
2072 3071
2209 3208
705 1704
361 1360
2755 3754
435 1434
177 1176
962 1961
2350 3349
2283 3282
2167 3166
369 1368
2200 3199
184 1183
405 1404
922 1921
2235 3234
2876 3875
110 1109
2442 3441
2376 3375
2826 3825
2505 3504
2408 3407
2137 3136
2936 3935
2275 3274
76 1075
2528 3527
776 1775
574 1573
899 1898
2037 3036
228 1227
2612 3611
664 1663
2324 3323
2956 3955
409 1408
2493 3492
2776 3775
2597 3596
38 1037
2467 3466
204 1203
2144 3143
534 1533
2570 3569
325 1324
2663 3662
217 1216
2056 3055
2569 3568
2808 3807
2833 3832
117 1116
734 1733
2054 3053
2398 3397
2363 3362
741 1740
2737 3736
241 1240
2720 3719
2102 3101
730 1729
215 1214
2458 3457
445 1444
2232 3231
537 1536
2696 3695
583 1582
2942 3941
718 1717
2103 3102
2202 3201
387 1386
2887 3886
2081 3080
2052 3051
2558 3557
509 1508
392 1391
2508 3507
385 1384
921 1920
171 1170
2419 3418
2669 3668
2291 3290
792 1791
2169 3168
2659 3658
430 1429
434 1433
696 1695
2012 3011
517 1516
2292 3291
23 1022
2249 3248
693 1692
2405 3404
2965 3964
673 1672
699 1698
2606 3605
938 1937
2009 3008
771 1770
353 1352
407 1406
2963 3962
2587 3586
780 1779
349 1348
2148 3147
2657 3656
263 1262
488 1487
2758 3757
2453 3452
2468 3467
2447 3446
2047 3046
935 1934
969 1968
2485 3484
507 1506
2721 3720
2913 3912
2921 3920
2648 3647
2023 3022
478 1477
333 1332
2010 3009
572 1571
2480 3479
2191 3190
2541 3540
862 1861
2062 3061
2783 3782
111 1110
783 1782
2482 3481
677 1676
900 1899
2791 3790
470 1469
761 1760
2450 3449
2165 3164
2401 3400
2005 3004
653 1652
2608 3607
502 1501
2557 3556
2257 3256
404 1403
2777 3776
2095 3094
312 1311
2172 3171
19 1018
15 1014
2984 3983
305 1304
147 1146
2497 3496
2196 3195
2415 3414
2628 3627
2656 3655
967 1966
2402 3401
2370 3369
1 1000
2182 3181
894 1893
2215 3214
466 1465
17 1016
2895 3894
410 1409
649 1648
781 1780
518 1517
248 1247
2089 3088
356 1355
2298 3297
2968 3967
71 1070
551 1550
2404 3403
2392 3391
2368 3367
2156 3155
2326 3325
2490 3489
2274 3273
346 1345
2473 3472
2278 3277
2933 3932
704 1703
536 1535
90 1089
980 1979
755 1754
2119 3118
2916 3915
2380 3379
831 1830
135 1134
431 1430
475 1474
191 1190
818 1817
2540 3539
823 1822
2947 3946
2210 3209
2511 3510
2 1001
511 1510
2788 3787
2254 3253
890 1889
2129 3128
2179 3178
561 1560
98 1097
344 1343
2092 3091
278 1277
2211 3210
2821 3820
2385 3384
59 1058
489 1488
821 1820
2602 3601
903 1902
351 1350
545 1544
2176 3175
75 1074
539 1538
880 1879
586 1585
2969 3968
2162 3161
27 1026
562 1561
2674 3673
2389 3388
2413 3412
2600 3599
2566 3565
646 1645
2314 3313
418 1417
102 1101
2592 3591
2222 3221
324 1323
22 1021
429 1428
692 1691
101 1100
2025 3024
257 1256
978 1977
546 1545
2641 3640
2792 3791
51 1050
2556 3555
2448 3447
2237 3236
2418 3417
2345 3344
613 1612
961 1960
2373 3372
381 1380
2112 3111
2219 3218
500 1499
2240 3239
2722 3721
760 1759
782 1781
566 1565
319 1318
468 1467
2632 3631
2901 3900
2767 3766
2090 3089
779 1778
2972 3971
932 1931
277 1276
923 1922
772 1771
2122 3121
769 1768
2842 3841
2666 3665
343 1342
2567 3566
2572 3571
408 1407
2178 3177
2571 3570
854 1853
2318 3317
2287 3286
2233 3232
438 1437
740 1739
2514 3513
884 1883
259 1258
2460 3459
2168 3167
2155 3154
2594 3593
2649 3648
2017 3016
800 1799
16 1015
2175 3174
482 1481
605 1604
157 1156
853 1852
471 1470
874 1873
968 1967
790 1789
2780 3779
2938 3937
868 1867
830 1829
180 1179
150 1149
2429 3428
2591 3590
2692 3691
103 1102
36 1035
372 1371
362 1361
2093 3092
888 1887
2427 3426
88 1087
2204 3203
2299 3298
2766 3765
256 1255
2601 3600
594 1593
927 1926
2627 3626
2529 3528
930 1929
11 1010
162 1161
2694 3693
298 1297
634 1633
2251 3250
2154 3153
2825 3824
654 1653
670 1669
2716 3715
2634 3633
2869 3868
856 1855
79 1078
2019 3018
2417 3416
2700 3699
382 1381
2304 3303
45 1044
2544 3543
2802 3801
2609 3608
2051 3050
314 1313
2242 3241
2371 3370
2796 3795
2849 3848
2226 3225
701 1700
2719 3718
2502 3501
2661 3660
237 1236
578 1577
2504 3503
611 1610
70 1069
662 1661
399 1398
2754 3753
2128 3127
323 1322
981 1980
2039 3038
2096 3095
920 1919
2586 3585
2723 3722
656 1655
2891 3890
1999 2998
2534 3533
2896 3895
2255 3254
220 1219
643 1642
2469 3468
2946 3945
394 1393
2183 3182
320 1319
2416 3415
291 1290
2290 3289
330 1329
2785 3784
2536 3535
2336 3335
178 1177
629 1628
2207 3206
2995 3994
282 1281
840 1839
485 1484
2259 3258
710 1709
2277 3276
303 1302
2958 3957
2985 3984
2338 3337
2276 3275
422 1421
2515 3514
2107 3106
384 1383
2067 3066
2443 3442
2149 3148
2535 3534
2260 3259
660 1659
273 1272
2957 3956
554 1553
92 1091
284 1283
2349 3348
2068 3067
2790 3789
2850 3849
106 1105
2928 3927
383 1382
271 1270
675 1674
2750 3749
2015 3014
315 1314
2912 3911
185 1184
837 1836
2269 3268
858 1857
151 1150
2753 3752
262 1261
905 1904
2131 3130
2858 3857
2797 3796
2960 3959
2765 3764
2575 3574
908 1907
2029 3028
8 1007
2664 3663
2248 3247
563 1562
2084 3083
820 1819
421 1420
2640 3639
290 1289
913 1912
2076 3075
227 1226
567 1566
2007 3006
2330 3329
2132 3131
463 1462
2655 3654
264 1263
221 1220
2110 3109
214 1213
62 1061
309 1308
155 1154
2496 3495
321 1320
2170 3169
934 1933
773 1772
2479 3478
469 1468
743 1742
2157 3156
2527 3526
2440 3439
2510 3509
957 1956
991 1990
2707 3706
786 1785
750 1749
28 1027
503 1502
2108 3107
153 1152
2118 3117
4 1003
697 1696
607 1606
2884 3883
105 1104
403 1402
835 1834
807 1806
879 1878
2223 3222
2492 3491
2577 3576
2935 3934
2815 3814
2364 3363
612 1611
977 1976
2117 3116
2239 3238
2979 3978
832 1831
2346 3345
448 1447
163 1162
2961 3960
2643 3642
2902 3901
2264 3263
425 1424
2652 3651
2553 3552
2028 3027
851 1850
43 1042
2313 3312
377 1376
2810 3809
763 1762
645 1644
2306 3305
616 1615
2462 3461
695 1694
2727 3726
2394 3393
2016 3015
2741 3740
196 1195
2327 3326
378 1377
322 1321
2761 3760
757 1756
2420 3419
2899 3898
2886 3885
2859 3858
181 1180
2432 3431
2141 3140
401 1400
2835 3834
746 1745
2078 3077
2474 3473
2111 3110
2180 3179
892 1891
2057 3056
216 1215
2049 3048
2950 3949
597 1596
286 1285
803 1802
628 1627
945 1944
602 1601
2854 3853
2267 3266
708 1707
299 1298
639 1638
712 1711
2316 3315
2803 3802
302 1301
2213 3212
2445 3444
137 1136
970 1969
960 1959
2537 3536
2366 3365
2347 3346
644 1643
2621 3620
901 1900
950 1949
296 1295
441 1440
548 1547
13 1012
472 1471
571 1570
2827 3826
885 1884
2672 3671
2481 3480
2374 3373
958 1957
2441 3440
486 1485
2263 3262
2653 3652
2805 3804
2688 3687
2927 3926
2885 3884
86 1085
2839 3838
2599 3598
604 1603
2301 3300
37 1036
2217 3216
432 1431
335 1334
40 1039
2576 3575
2140 3139
2484 3483
2236 3235
2034 3033
242 1241
295 1294
2281 3280
2794 3793
80 1079
414 1413
2320 3319
765 1764
2824 3823
777 1776
161 1160
558 1557
914 1913
2992 3991
193 1192
2185 3184
2147 3146
2975 3974
2186 3185
218 1217
2348 3347
535 1534
2454 3453
2464 3463
591 1590
666 1665
2409 3408
706 1705
74 1073
799 1798
211 1210
2682 3681
855 1854
2332 3331
2789 3788
116 1115
326 1325
557 1556
2087 3086
508 1507
872 1871
846 1845
881 1880
2757 3756
752 1751
2988 3987
834 1833
2552 3551
671 1670
2856 3855
2044 3043
285 1284
2585 3584
424 1423
398 1397
2990 3989
2906 3905
515 1514
963 1962
2074 3073
2243 3242
100 1099
77 1076
576 1575
941 1940
2636 3635
850 1849
804 1803
2865 3864
2991 3990
2471 3470
510 1509
882 1881
555 1554
2611 3610
2774 3773
2559 3558
526 1525
2756 3755
2073 3072
89 1088
2714 3713
2465 3464
638 1637
2280 3279
797 1796
453 1452
928 1927
2829 3828
2868 3867
308 1307
2888 3887
936 1935
973 1972
687 1686
529 1528
2733 3732
788 1787
2978 3977
2730 3729
497 1496
749 1748
875 1874
585 1584
187 1186
2820 3819
2838 3837
437 1436
608 1607
253 1252
2518 3517
2951 3950
2194 3193
2014 3013
859 1858
125 1124
2616 3615
2861 3860
810 1809
393 1392
2519 3518
379 1378
812 1811
61 1060
2273 3272
2151 3150
813 1812
2499 3498
318 1317
2390 3389
47 1046
2027 3026
57 1056
2105 3104
2335 3334
2989 3988
2980 3979
279 1278
2344 3343
170 1169
2412 3411
243 1242
2231 3230
871 1870
370 1369
2395 3394
186 1185
2547 3546
2109 3108
2173 3172
579 1578
949 1948
2964 3963
2351 3350
2158 3157
65 1064
2393 3392
2216 3215
815 1814
2325 3324
525 1524
2006 3005
2633 3632
983 1982
130 1129
2581 3580
2660 3659
498 1497
2676 3675
2245 3244
2626 3625
2352 3351
2532 3531
2530 3529
2871 3870
451 1450
2817 3816
10 1009
601 1600
2069 3068
33 1032
2580 3579
2043 3042
149 1148
2333 3332
2522 3521
2451 3450
2139 3138
2704 3703
380 1379
833 1832
951 1950
989 1988
2319 3318
337 1336
530 1529
716 1715
2922 3921
68 1067
2683 3682
2121 3120
703 1702
365 1364
2778 3777
2238 3237
796 1795
93 1092
352 1351
484 1483
514 1513
2101 3100
581 1580
828 1827
2153 3152
568 1567
2759 3758
2437 3436
556 1555
994 1993
234 1233
2631 3630
371 1370
44 1043
175 1174
2637 3636
2882 3881
2953 3952
2362 3361
2387 3386
2500 3499
676 1675
2221 3220
82 1081
2764 3763
329 1328
2772 3771
2706 3705
2452 3451
327 1326
182 1181
512 1511
600 1599
39 1038
975 1974
2358 3357
2905 3904
929 1928
481 1480
2698 3697
2590 3589
406 1405
2055 3054
811 1810
681 1680
665 1664
2875 3874
189 1188
2472 3471
375 1374
2845 3844
2150 3149
2360 3359
918 1917
2355 3354
504 1503
2359 3358
667 1666
2241 3240
2455 3454
2924 3923
247 1246
2220 3219
801 1800
42 1041
2867 3866
893 1892
261 1260
661 1660
2446 3445
2478 3477
2407 3406
2993 3992
2853 3852
2658 3657
174 1173
2642 3641
345 1344
2605 3604
2002 3001
819 1818
505 1504
2742 3741
2822 3821
2265 3264
2521 3520
524 1523
2031 3030
598 1597
208 1207
618 1617
2271 3270
2079 3078
544 1543
72 1071
2082 3081
2353 3352
2475 3474
2070 3069
2703 3702
2288 3287
348 1347
2383 3382
2436 3435
2262 3261
2428 3427
669 1668
829 1828
542 1541
156 1155
2760 3759
2340 3339
2042 3041
2687 3686
954 1953
281 1280
444 1443
573 1572
2615 3614
678 1677
2607 3606
707 1706
2844 3843
2857 3856
400 1399
2555 3554
2915 3914
2926 3925
230 1229
294 1293
2748 3747
866 1865
685 1684
131 1130
2987 3986
2771 3770
6 1005
547 1546
2071 3070
770 1769
2809 3808
2762 3761
164 1163
2038 3037
124 1123
104 1103
682 1681
2048 3047
495 1494
2396 3395
652 1651
2218 3217
847 1846
2188 3187
246 1245
658 1657
655 1654
493 1492
2026 3025
768 1767
896 1895
2804 3803
456 1455
2083 3082
311 1310
476 1475
112 1111
2981 3980
122 1121
2250 3249
413 1412
691 1690
2116 3115
2667 3666
2261 3260
2684 3683
2334 3333
2831 3830
2414 3413
689 1688
32 1031
909 1908
955 1954
2253 3252
2914 3913
2060 3059
2690 3689
2256 3255
657 1656
240 1239
917 1916
2814 3813
2646 3645
2860 3859
229 1228
863 1862
2873 3872
593 1592
224 1223
2328 3327
738 1737
2645 3644
785 1784
12 1011
2736 3735
2635 3634
2174 3173
690 1689
620 1619
2917 3916
442 1441
2728 3727
2779 3778
2495 3494
359 1358
490 1489
2931 3930
719 1718
985 1984
129 1128
310 1309
2738 3737
2932 3931
2520 3519
461 1460
570 1569
119 1118
2435 3434
2008 3007
255 1254
940 1939
2143 3142
2381 3380
795 1794
2303 3302
2279 3278
141 1140
2617 3616
848 1847
2199 3198
260 1259
2944 3943
390 1389
2030 3029
96 1095
744 1743
727 1726
684 1683
136 1135
2483 3482
2171 3170
2282 3281
2059 3058
2329 3328
902 1901
206 1205
2036 3035
473 1472
2976 3975
458 1457
2120 3119
29 1028
2058 3057
2841 3840
733 1732
2050 3049
2959 3958
974 1973
2487 3486
238 1237
589 1588
2862 3861
2560 3559
427 1426
651 1650
2104 3103
806 1805
2284 3283
2422 3421
222 1221
2801 3800
2864 3863
2212 3211
2013 3012
944 1943
2088 3087
2795 3794
317 1316
998 1997
454 1453
2164 3163
2726 3725
2724 3723
2962 3961
2904 3903
2193 3192
2781 3780
972 1971
2818 3817
2708 3707
2247 3246
160 1159
354 1353
877 1876
2834 3833
2080 3079
2302 3301
2114 3113
2459 3458
2203 3202
440 1439
959 1958
867 1866
2675 3674
2680 3679
60 1059
590 1589
2315 3314
2799 3798
647 1646
2793 3792
2130 3129
2123 3122
347 1346
69 1068
2234 3233
942 1941
301 1300
388 1387
659 1658
2230 3229
714 1713
992 1991
2343 3342
73 1072
2996 3995
2654 3653
439 1438
205 1204
2966 3965
2997 3996
258 1257
997 1996
2512 3511
924 1923
2837 3836
2620 3619
197 1196
2693 3692
617 1616
331 1330
2516 3515
2189 3188
21 1020
947 1946
2705 3704
2091 3090
2064 3063
2136 3135
2945 3944
845 1844
2312 3311
711 1710
2198 3197
615 1614
415 1414
2294 3293
226 1225
84 1083
183 1182
528 1527
142 1141
595 1594
883 1882
2498 3497
397 1396
2941 3940
2439 3438
2551 3550
245 1244
20 1019
2310 3309
2651 3650
721 1720
674 1673
480 1479
2022 3021
2525 3524
2679 3678
713 1712
54 1053
2077 3076
2715 3714
2872 3871
2749 3748
2919 3918
680 1679
199 1198
2391 3390
2934 3933
2929 3928
2603 3602
55 1054
2746 3745
633 1632
332 1331
293 1292
895 1894
313 1312
275 1274
2593 3592
2488 3487
2712 3711
794 1793
722 1721
2548 3547
844 1843
996 1995
450 1449
2881 3880
2573 3572
2811 3810
916 1915
188 1187
133 1132
2272 3271
339 1338
2816 3815
2630 3629
2489 3488
2225 3224
2734 3733
477 1476
725 1724
2699 3698
2549 3548
878 1877
2673 3672
120 1119
2300 3299
91 1090
53 1052
2892 3891
2866 3865
625 1624
726 1725
496 1495
2190 3189
663 1662
559 1558
2166 3165
599 1598
2889 3888
140 1139
483 1482
2900 3899
2208 3207
672 1671
232 1231
2542 3541
2115 3114
2126 3125
2377 3376
876 1875
85 1084
2305 3304
964 1963
798 1797
2982 3981
2923 3922
843 1842
791 1790
2918 3917
2379 3378
31 1030
67 1066
560 1559
808 1807
2187 3186
166 1165
569 1568
417 1416
538 1537
631 1630
919 1918
2307 3306
420 1419
2697 3696
754 1753
213 1212
2244 3243
198 1197
233 1232
2848 3847
2539 3538
2898 3897
2491 3490
2266 3265
2579 3578
2270 3269
249 1248
2152 3151
138 1137
2745 3744
2354 3353
436 1435
158 1157
2289 3288
775 1774
2477 3476
2181 3180
231 1230
720 1719
2433 3432
2751 3750
426 1425
2883 3882
739 1738
145 1144
449 1448
2800 3799
2589 3588
864 1863
789 1788
411 1410
376 1375
731 1730
2045 3044
169 1168
83 1082
793 1792
2574 3573
2685 3684
95 1094
564 1563
2739 3738
552 1551
2161 3160
988 1987
2954 3953
2214 3213
465 1464
2205 3204
621 1620
364 1363
2509 3508
841 1840
18 1017
419 1418
2397 3396
931 1930
109 1108
2894 3893
2909 3908
2229 3228
2897 3896
735 1734
464 1463
358 1357
986 1985
2075 3074
635 1634
2770 3769
549 1548
2940 3939
887 1886
167 1166
334 1333
2823 3822
2878 3877
824 1823
2863 3862
984 1983
452 1451
531 1530
2378 3377
2622 3621
168 1167
2930 3929
2061 3060
2020 3019
297 1296
457 1456
889 1888
340 1339
2729 3728
904 1903
709 1708
2341 3340
2163 3162
2526 3525
2406 3405
30 1029
737 1736
373 1372
2297 3296
2293 3292
212 1211
2782 3781
366 1365
2702 3701
668 1667
898 1897
300 1299
24 1023
838 1837
540 1539
2201 3200
210 1209
809 1808
113 1112
176 1175
2813 3812
2004 3003
236 1235
2461 3460
642 1641
58 1057
2021 3020
2086 3085
825 1824
747 1746
632 1631
252 1251
630 1629
368 1367
2425 3424
541 1540
455 1454
533 1532
479 1478
2893 3892
2678 3677
2066 3065
2361 3360
2596 3595
118 1117
852 1851
553 1552
2986 3985
201 1200
396 1395
2507 3506
2285 3284
723 1722
2877 3876
374 1373
2613 3612
306 1305
2382 3381
2197 3196
209 1208
386 1385
265 1264
2339 3338
869 1868
624 1623
269 1268
268 1267
2035 3034
778 1777
154 1153
622 1621
520 1519
2731 3730
2296 3295
2647 3646
2501 3500
2444 3443
2309 3308
338 1337
2065 3064
2252 3251
467 1466
2094 3093
519 1518
946 1945
2003 3002
2506 3505
2384 3383
2001 3000
925 1924
447 1446
179 1178
2614 3613
2763 3762
2943 3942
99 1098
143 1142
2546 3545
873 1872
2268 3267
2836 3835
2463 3462
636 1635
2142 3141
2410 3409
956 1955
2583 3582
2533 3532
433 1432
2668 3667
870 1869
2828 3827
2160 3159
2880 3879
56 1055
2644 3643
2847 3846
698 1697
2098 3097
2476 3475
603 1602
2623 3622
2192 3191
753 1752
2710 3709
688 1687
2424 3423
2317 3316
2258 3257
2357 3356
751 1750
2747 3746
283 1282
694 1693
2545 3544
355 1354
2456 3455
516 1515
839 1838
897 1896
650 1649
774 1773
81 1080
2568 3567
195 1194
2367 3366
194 1193
428 1427
9 1008
2562 3561
2365 3364
395 1394
2033 3032
2561 3560
251 1250
748 1747
34 1033
328 1327
521 1520
2955 3954
2744 3743
2908 3907
979 1978
148 1147
2563 3562
2100 3099
460 1459
679 1678
784 1783
2184 3183
2224 3223
2830 3829
860 1859
2369 3368
993 1992
2711 3710
64 1063
2717 3716
2430 3429
2874 3873
2662 3661
2973 3972
2421 3420
25 1024
126 1125
588 1587
2686 3685
254 1253
2565 3564
764 1763
3 1002
2903 3902
2855 3854
2486 3485
565 1564
121 1120
700 1699
640 1639
943 1942
2085 3084
2246 3245
14 1013
134 1133
2494 3493
2994 3993
2595 3594
990 1989
976 1975
2629 3628
41 1040
816 1815
132 1131
2524 3523
2798 3797
2812 3811
584 1583
619 1618
2099 3098
270 1269
805 1804
817 1816
926 1925
683 1682
596 1595
2618 3617
