1998
1519 3477
1613 3383
1748 3248
101 2897
1375 3621
1591 3405
40 2958
414 2584
1640 3356
454 2544
324 2674
28 2970
422 2576
713 2285
1315 3681
518 2480
1888 3108
771 2227
1998 2998
507 2491
1242 3754
975 2023
41 2957
1013 3983
743 2255
839 2159
1229 3767
1254 3742
366 2632
1605 3391
382 2616
23 2975
495 2503
551 2447
1608 3388
749 2249
1576 3420
1496 3500
712 2286
1209 3787
796 2202
855 2143
33 2965
1721 3275
242 2756
768 2230
1485 3511
1661 3335
848 2150
134 2864
1482 3514
1023 3973
1705 3291
864 2134
1539 3457
1094 3902
1179 3817
1372 3624
1354 3642
911 2087
678 2320
591 2407
1574 3422
269 2729
1458 3538
1696 3300
1007 3989
169 2829
760 2238
348 2650
261 2737
318 2680
46 2952
1501 3495
613 2385
1600 3396
6 2992
1780 3216
1447 3549
1316 3680
1404 3592
1493 3503
624 2374
1088 3908
154 2844
825 2173
1516 3480
1446 3550
889 2109
1026 3970
1347 3649
458 2540
193 2805
791 2207
91 2907
365 2633
765 2233
903 2095
1497 3499
517 2481
473 2525
979 2019
384 2614
1684 3312
1562 3434
868 2130
255 2743
219 2779
1927 3069
577 2421
447 2551
1719 3277
970 2028
288 2710
1601 3395
1258 3738
1063 3933
1040 3956
65 2933
1777 3219
1442 3554
751 2247
1952 3044
915 2083
361 2637
744 2254
1320 3676
1255 3741
231 2767
777 2221
618 2380
989 2009
1584 3412
1111 3885
746 2252
526 2472
1810 3186
536 2462
1362 3634
553 2445
1714 3282
31 2967
1158 3838
1617 3379
525 2473
1308 3688
1371 3625
1746 3250
1353 3643
257 2741
499 2499
1603 3393
1811 3185
1796 3200
1420 3576
419 2579
1788 3208
994 2004
49 2949
939 2059
1453 3543
364 2634
71 2927
822 2176
1076 3920
1782 3214
1129 3867
605 2393
913 2085
1867 3129
187 2811
1642 3354
1910 3086
1858 3138
1742 3254
1274 3722
118 2880
520 2478
1760 3236
1926 3070
750 2248
1068 3928
1024 3972
950 2048
163 2835
114 2884
827 2171
302 2696
69 2929
990 2008
631 2367
129 2869
582 2416
1799 3197
1499 3497
1321 3675
1718 3278
904 2094
1970 3026
1127 3869
986 2012
72 2926
633 2365
1050 3946
1157 3839
1504 3492
1861 3135
1710 3286
812 2186
1740 3256
545 2453
10 2988
1060 3936
538 2460
604 2394
251 2747
993 2005
592 2406
185 2813
1139 3857
1580 3416
247 2751
411 2587
1089 3907
347 2651
292 2706
1405 3591
729 2269
480 2518
112 2886
344 2654
554 2444
1556 3440
1483 3513
444 2554
490 2508
740 2258
1488 3508
1011 3985
1319 3677
1402 3594
1332 3664
497 2501
245 2753
1356 3640
492 2506
1064 3932
73 2925
230 2768
1571 3425
610 2388
1523 3473
710 2288
919 2079
898 2100
846 2152
1545 3451
264 2734
1433 3563
976 2022
385 2613
1326 3670
1006 3990
443 2555
218 2780
1413 3583
1248 3748
1463 3533
1756 3240
1103 3893
920 2078
1665 3331
826 2172
677 2321
1725 3271
1219 3777
395 2603
585 2413
116 2882
1817 3179
1117 3879
1614 3382
372 2626
77 2921
1578 3418
1805 3191
98 2900
654 2344
1449 3547
1176 3820
658 2340
1377 3619
108 2890
475 2523
501 2497
566 2432
298 2700
1918 3078
802 2196
1466 3530
404 2594
1025 3971
1324 3672
1624 3372
100 2898
275 2723
1277 3719
1806 3190
1168 3828
598 2400
1391 3605
1939 3057
1288 3708
973 2025
1138 3858
1955 3041
181 2817
406 2592
1662 3334
572 2426
1983 3013
847 2151
5 2993
1459 3537
1978 3018
131 2867
102 2896
510 2488
798 2200
987 2011
59 2939
1301 3695
1554 3442
1632 3364
935 2063
113 2885
1739 3257
1829 3167
1752 3244
438 2560
860 2138
1990 3006
1039 3957
173 2825
63 2935
608 2390
1382 3614
896 2102
840 2158
679 2319
1774 3222
1822 3174
584 2414
1328 3668
1901 3095
160 2838
1989 3007
1679 3317
629 2369
1862 3134
562 2436
1680 3316
1980 3016
1971 3025
1681 3315
141 2857
1957 3039
358 2640
843 2155
641 2357
1259 3737
1611 3385
488 2510
310 2688
954 2044
1123 3873
1889 3107
442 2556
1156 3840
1789 3207
456 2542
246 2752
1602 3394
1080 3916
1212 3784
94 2904
1222 3774
1370 3626
93 2905
1333 3663
1361 3635
689 2309
772 2226
265 2733
104 2894
1964 3032
1794 3202
440 2558
452 2546
1265 3731
1977 3019
215 2783
687 2311
1733 3263
877 2121
1706 3290
1029 3967
1943 3053
1510 3486
304 2694
1394 3602
775 2223
1582 3414
1606 3390
1310 3686
882 2116
1514 3482
535 2463
1193 3803
602 2396
197 2801
972 2026
1818 3178
965 2033
52 2946
1886 3110
1544 3452
136 2862
1651 3345
648 2350
478 2520
1731 3265
1753 3243
401 2597
1186 3810
39 2959
955 2043
1384 3612
556 2442
991 2007
762 2236
210 2788
1252 3744
942 2056
18 2980
1826 3170
481 2517
1973 3023
294 2704
922 2076
1306 3690
487 2511
1112 3884
457 2541
186 2812
482 2516
1891 3105
1115 3881
548 2450
1289 3707
341 2657
459 2539
776 2222
616 2382
234 2764
1797 3199
1082 3914
1766 3230
1078 3918
722 2276
1067 3929
293 2705
1950 3046
1898 3098
763 2235
1763 3233
845 2153
390 2608
1318 3678
663 2335
368 2630
1615 3381
1807 3189
1521 3475
320 2678
1896 3100
327 2671
702 2296
513 2485
425 2573
1126 3870
1575 3421
862 2136
505 2493
1555 3441
1468 3528
60 2938
752 2246
1337 3659
241 2757
1408 3588
1045 3951
1205 3791
835 2163
1028 3968
1108 3888
1979 3017
223 2775
1452 3544
645 2353
1340 3656
1079 3917
928 2070
374 2624
1183 3813
1649 3347
1581 3415
335 2663
565 2433
1851 3145
593 2405
430 2568
1058 3938
378 2620
256 2742
1266 3730
1512 3484
1086 3910
266 2732
16 2982
1503 3493
1743 3253
575 2423
733 2265
1016 3980
392 2606
161 2837
660 2338
1401 3595
207 2791
1430 3566
1745 3251
673 2325
166 2832
945 2053
1448 3548
137 2861
1897 3099
355 2643
1920 3076
1647 3349
308 2690
1757 3239
285 2713
387 2611
1890 3106
1489 3507
581 2417
1711 3285
1579 3417
1416 3580
927 2071
1875 3121
178 2820
1583 3413
363 2635
351 2647
350 2648
667 2331
1479 3517
373 2625
1074 3922
1767 3229
1207 3789
516 2482
1834 3162
1292 3704
910 2088
1093 3903
537 2461
830 2168
1524 3472
276 2722
1234 3762
794 2204
1429 3567
155 2843
628 2370
1185 3811
1842 3154
1008 3988
856 2142
157 2841
1480 3516
1214 3782
253 2745
924 2074
400 2598
1942 3054
1431 3565
785 2213
196 2802
1215 3781
680 2318
1071 3925
692 2306
1170 3826
941 2057
561 2437
429 2569
1233 3763
43 2955
532 2466
188 2810
512 2486
138 2860
1852 3144
1930 3066
959 2039
224 2774
1419 3577
681 2317
34 2964
1732 3264
612 2386
416 2582
597 2401
1593 3403
696 2302
600 2398
1487 3509
1553 3443
282 2716
1287 3709
1072 3924
228 2770
625 2373
1515 3481
1385 3611
1560 3436
1457 3539
1590 3406
960 2038
1206 3790
248 2750
1879 3117
1848 3148
502 2496
75 2923
330 2668
1529 3467
1736 3260
540 2458
1855 3141
504 2494
682 2316
192 2806
1905 3091
1198 3798
235 2763
1819 3177
1031 3965
88 2910
1630 3366
1423 3573
1465 3531
194 2804
1083 3913
1152 3844
1386 3610
289 2709
1589 3407
756 2242
741 2257
546 2452
1476 3520
1609 3387
1814 3182
1311 3685
89 2909
1268 3728
1477 3519
1257 3739
329 2669
64 2934
177 2821
1091 3905
435 2563
45 2953
1245 3751
1240 3756
1056 3940
611 2387
446 2552
1786 3210
1359 3637
958 2040
362 2636
1525 3471
1350 3646
1192 3804
816 2182
1428 3568
1877 3119
472 2526
1196 3800
1885 3111
893 2105
852 2146
1095 3901
1275 3721
943 2055
698 2300
1532 3464
1162 3834
204 2794
1494 3502
1915 3081
1956 3040
980 2018
1975 3021
332 2666
1572 3424
1648 3348
865 2133
1184 3812
237 2761
12 2986
1802 3194
670 2328
590 2408
735 2263
123 2875
503 2495
1358 3638
799 2199
388 2610
1444 3552
287 2711
1341 3655
222 2776
418 2580
263 2735
1628 3368
486 2512
1864 3132
286 2712
639 2359
1588 3408
617 2381
15 2983
1854 3142
1893 3103
731 2267
1276 3720
1148 3848
1887 3109
217 2781
11 2987
105 2893
767 2231
1228 3768
971 2027
1849 3147
1785 3211
1163 3833
211 2787
144 2854
669 2329
1831 3165
683 2315
921 2077
1595 3401
792 2206
1159 3837
423 2575
1403 3593
647 2351
1686 3310
1769 3227
375 2623
433 2565
588 2410
1037 3959
1646 3350
721 2277
1996 3000
1784 3212
1107 3889
810 2188
1678 3318
78 2920
1594 3402
547 2451
195 2803
1549 3447
671 2327
626 2372
1716 3280
1653 3343
170 2828
22 2976
643 2355
1863 3133
345 2653
1551 3445
1438 3558
1012 3984
147 2851
338 2660
1911 3085
1355 3641
474 2524
1313 3683
1701 3295
1251 3745
595 2403
866 2132
1174 3822
451 2547
962 2036
4 2994
469 2529
122 2876
623 2375
1393 3603
1689 3307
793 2205
1238 3758
1369 3627
445 2553
1390 3606
1616 3380
1110 3886
262 2736
1654 3342
79 2919
1406 3590
1202 3794
1231 3765
1932 3064
20 2978
1969 3027
1182 3814
1445 3551
1798 3198
393 2605
854 2144
1199 3797
1230 3766
1143 3853
339 2659
1878 3118
369 2629
1302 3694
1470 3526
766 2232
1610 3386
931 2067
1133 3863
1744 3252
1841 3155
281 2717
1513 3483
29 2969
923 2075
396 2602
1464 3532
662 2336
1700 3296
96 2902
1267 3729
92 2906
1909 3087
784 2214
963 2035
1153 3843
684 2314
715 2283
1793 3203
567 2431
1619 3377
1169 3827
701 2297
1335 3661
1140 3856
1869 3127
1820 3176
779 2219
814 2184
978 2020
1036 3960
1154 3842
1803 3193
1526 3470
1567 3429
694 2304
158 2840
964 2034
1713 3283
1965 3031
1260 3736
371 2627
533 2465
139 2859
1034 3962
1771 3225
1735 3261
81 2917
1702 3294
884 2114
668 2330
1044 3952
409 2589
1146 3850
1781 3215
44 2954
314 2684
1434 3562
124 2874
1246 3750
1787 3209
659 2339
506 2492
1985 3011
850 2148
977 2021
685 2313
1518 3478
467 2531
1730 3266
312 2686
1398 3598
1172 3824
1285 3711
718 2280
906 2092
552 2446
1625 3371
1462 3534
1775 3221
35 2963
1096 3900
90 2908
1657 3339
277 2721
376 2622
1906 3090
2 2996
1491 3505
1175 3821
176 2822
947 2051
1629 3367
1223 3773
1294 3702
1917 3079
570 2428
711 2287
583 2415
1669 3327
55 2943
1173 3823
1533 3463
755 2243
19 2979
1986 3010
290 2708
930 2068
967 2031
695 2303
838 2160
1492 3504
1296 3700
184 2814
1213 3783
815 2183
1131 3865
1239 3757
1808 3188
437 2561
359 2639
1552 3444
1417 3579
1054 3942
704 2294
1293 3703
720 2278
1030 3966
432 2566
1795 3201
619 2379
1351 3645
1221 3775
1284 3712
596 2402
172 2826
1607 3389
1673 3323
1122 3874
191 2807
1953 3043
764 2234
1941 3055
992 2006
1765 3231
1974 3022
3 2995
1699 3297
909 2089
284 2714
609 2389
1236 3760
1902 3094
1728 3268
1988 3008
48 2950
8 2990
214 2784
887 2111
1620 3376
560 2438
949 2049
719 2279
1804 3192
1778 3218
1997 2999
957 2041
1928 3068
1070 3926
646 2352
732 2266
1130 3866
1507 3489
1498 3498
1368 3628
182 2816
1282 3714
1857 3139
1235 3761
301 2697
179 2819
1604 3392
620 2378
1298 3698
354 2644
331 2667
415 2583
1053 3943
627 2371
126 2872
527 2471
1727 3269
874 2124
586 2412
1682 3314
465 2533
1344 3652
24 2974
1919 3077
650 2348
707 2291
872 2126
1540 3456
1224 3772
1816 3180
403 2595
578 2420
569 2429
738 2260
377 2621
1749 3247
1558 3438
1557 3439
929 2069
1543 3453
1933 3063
291 2707
466 2532
568 2430
1859 3137
300 2698
1981 3015
133 2865
1623 3373
1422 3574
1009 3987
470 2528
1331 3665
761 2237
621 2377
225 2773
1348 3648
703 2295
1783 3213
1993 3003
1569 3427
394 2604
774 2224
1709 3287
1490 3506
1931 3065
1668 3328
956 2042
1704 3292
164 2834
360 2638
1388 3608
697 2301
76 2922
642 2356
1843 3153
657 2341
1208 3788
637 2361
1165 3831
151 2847
900 2098
1048 3948
1439 3557
908 2090
773 2225
26 2972
1548 3448
143 2855
1027 3969
1116 3880
342 2656
739 2259
1075 3921
649 2349
206 2792
111 2887
622 2376
1972 3024
1189 3807
61 2937
806 2192
1764 3232
1929 3067
156 2842
1827 3169
244 2754
1637 3359
17 2981
1178 3818
413 2585
1768 3228
1824 3172
787 2211
1443 3553
1379 3617
1256 3740
1688 3308
996 2002
576 2422
1573 3423
1455 3541
1508 3488
753 2245
1461 3535
1871 3125
1815 3181
1664 3332
1747 3249
1853 3143
434 2564
1697 3299
544 2454
693 2305
483 2515
981 2017
982 2016
1881 3115
1105 3891
1542 3454
1225 3771
1531 3465
278 2720
1994 3002
661 2337
632 2366
389 2609
402 2596
1010 3986
1132 3864
1987 3009
832 2166
1378 3618
1868 3128
1187 3809
899 2099
336 2662
1279 3717
85 2913
121 2877
1330 3666
460 2538
1995 3001
427 2571
1751 3245
37 2961
999 1999
50 2948
54 2944
1520 3476
426 2572
273 2725
821 2177
1418 3578
1828 3168
1935 3061
1677 3319
574 2424
180 2818
1694 3302
1685 3311
880 2118
1400 3596
1249 3747
150 2848
509 2489
30 2968
1876 3120
1717 3279
1712 3284
326 2672
672 2326
1958 3038
103 2895
305 2693
1042 3954
1395 3601
1577 3419
1396 3600
428 2570
145 2853
974 2024
315 2683
1166 3830
811 2187
70 2928
934 2064
1190 3806
1125 3871
1180 3816
213 2785
1387 3609
299 2699
1655 3341
1840 3156
477 2521
1528 3468
493 2505
198 2800
212 2786
67 2931
1389 3607
1563 3433
666 2332
881 2117
168 2830
579 2419
724 2274
1102 3894
925 2073
723 2275
399 2599
1142 3854
1092 3904
1934 3062
1381 3615
1938 3058
1475 3521
1872 3124
736 2262
515 2483
946 2052
1164 3832
823 2175
1568 3428
589 2409
83 2915
1948 3048
1280 3716
1658 3338
754 2244
417 2581
1703 3293
9 2989
1191 3805
912 2086
313 2685
1232 3764
471 2527
14 2984
948 2050
1882 3114
1838 3158
1397 3599
153 2845
386 2612
534 2464
932 2066
1100 3896
1309 3687
1066 3930
541 2457
1136 3860
1317 3679
1961 3035
918 2080
455 2543
1671 3325
491 2507
1598 3398
1473 3523
1120 3876
1278 3718
1204 3792
770 2228
636 2362
725 2273
1937 3059
599 2399
249 2749
132 2866
1944 3052
1414 3582
441 2557
333 2665
878 2120
1845 3151
1670 3326
1960 3036
1305 3691
782 2216
1791 3205
1772 3224
836 2162
1656 3340
676 2322
655 2343
1486 3510
420 2578
926 2072
524 2474
1884 3112
56 2942
1643 3353
412 2586
306 2692
1357 3639
1262 3734
238 2760
1297 3699
1181 3815
1761 3235
349 2649
36 2962
1924 3072
1894 3102
1471 3525
699 2299
325 2673
1171 3825
892 2106
1237 3759
543 2455
1599 3397
1220 3776
220 2778
1038 3958
1992 3004
343 2655
311 2687
317 2681
1019 3977
1303 3693
1922 3074
1290 3706
1440 3556
42 2956
356 2642
859 2139
1966 3030
1991 3005
489 2509
984 2014
1253 3743
280 2718
1517 3479
1322 3674
834 2164
479 2519
1360 3636
828 2170
1645 3351
1035 3961
1004 3992
829 2169
1800 3196
691 2307
1101 3895
1967 3029
1914 3082
902 2096
1427 3569
1502 3494
1693 3303
1155 3841
1263 3733
1691 3305
549 2449
1585 3411
274 2724
97 2901
171 2827
1002 3994
51 2947
1913 3083
888 2110
449 2549
1559 3437
498 2500
1506 3490
1982 3014
952 2046
74 2924
337 2661
1367 3629
1873 3123
484 2514
1534 3462
309 2689
858 2140
1500 3496
1247 3749
84 2914
606 2392
857 2141
1837 3159
1410 3586
1436 3560
901 2097
1683 3313
1723 3273
1846 3150
808 2190
1770 3226
1636 3360
871 2127
1177 3819
1407 3589
795 2203
1073 3923
1286 3710
283 2715
271 2727
279 2719
410 2588
1566 3430
127 2871
1261 3735
38 2960
863 2135
555 2443
1899 3097
819 2179
1527 3469
1750 3246
1454 3542
851 2147
1041 3955
1203 3793
1949 3047
528 2470
128 2870
1903 3093
1043 3953
936 2062
421 2577
381 2617
801 2197
494 2504
21 2977
748 2250
550 2448
1695 3301
125 2873
953 2045
1801 3195
1098 3898
780 2218
905 2093
1550 3446
759 2239
120 2878
1641 3355
99 2899
82 2916
383 2615
758 2240
1666 3330
1698 3298
1118 3878
316 2682
933 2065
1167 3829
1467 3529
1495 3501
714 2284
511 2487
1338 3658
937 2061
1907 3089
1541 3455
1376 3620
1715 3281
1085 3911
558 2440
1690 3306
1161 3835
807 2191
966 2032
983 2015
1639 3357
700 2298
1821 3175
1218 3778
1084 3912
1959 3037
1809 3187
1538 3458
448 2550
1633 3363
53 2945
1565 3431
397 2601
296 2702
1895 3101
107 2891
523 2475
1672 3324
519 2479
1244 3752
817 2181
781 2217
539 2459
841 2157
1823 3173
32 2966
1314 3682
1509 3487
897 2101
7 2991
778 2220
240 2758
745 2253
57 2941
542 2456
1197 3799
734 2264
1626 3370
86 2912
529 2469
258 2740
1537 3459
1726 3270
1269 3727
1281 3715
1627 3369
907 2091
1057 3939
1325 3671
797 2201
152 2846
431 2567
1954 3042
1020 3976
221 2777
916 2082
236 2762
1339 3657
833 2165
997 2001
407 2591
468 2530
115 2883
853 2145
1830 3166
1149 3847
1099 3897
1936 3060
1227 3769
135 2863
66 2932
1835 3161
1055 3941
674 2324
1741 3255
1792 3204
1104 3892
1141 3855
1758 3238
1329 3667
199 2799
307 2691
1435 3561
321 2677
1109 3887
531 2467
886 2112
804 2194
1062 3934
818 2180
1345 3651
891 2107
849 2149
653 2345
727 2271
530 2468
1312 3684
1644 3352
272 2726
1675 3321
861 2137
1137 3859
522 2476
268 2730
209 2789
873 2125
1825 3171
594 2404
174 2824
614 2384
644 2354
944 2054
716 2282
890 2108
1724 3272
1638 3358
1421 3575
603 2395
559 2439
938 2060
436 2562
1908 3088
1916 3080
1904 3092
1049 3947
813 2185
803 2195
1963 3033
464 2534
13 2985
189 2809
27 2971
47 2951
1211 3785
1014 3982
1945 3051
303 2695
1003 3993
1346 3650
319 2679
1866 3130
1790 3206
340 2658
1304 3692
675 2323
717 2281
1737 3259
239 2759
1052 3944
119 2879
149 2849
665 2333
1295 3701
453 2545
323 2675
1097 3899
844 2154
1900 3096
1300 3696
1650 3346
1299 3697
1874 3122
709 2289
254 2744
1773 3223
1618 3378
1478 3518
1813 3183
1536 3460
1336 3660
1047 3949
1437 3559
1850 3146
1425 3571
728 2270
615 2383
1921 3075
1021 3975
1160 3836
730 2268
95 2903
227 2771
1307 3689
1365 3631
940 2058
737 2261
162 2836
1659 3337
988 2010
167 2831
1622 3374
1451 3545
1188 3808
1722 3274
1051 3945
824 2174
1738 3258
1144 3852
895 2103
1456 3540
1586 3410
563 2435
1687 3309
1250 3746
1652 3344
334 2664
1059 3937
1415 3581
496 2502
1432 3564
1692 3304
328 2670
1113 3883
175 2823
1373 3623
521 2477
322 2676
1832 3164
380 2618
747 2251
1015 3981
1363 3633
706 2292
1968 3028
1734 3262
842 2156
1121 3875
879 2119
1134 3862
450 2548
1243 3753
1976 3020
820 2178
485 2513
1364 3632
146 2852
1546 3450
1226 3770
80 2918
1984 3012
87 2911
297 2701
1291 3705
1570 3426
705 2293
110 2888
1264 3732
1061 3935
1409 3587
1883 3113
1912 3084
607 2391
1119 3877
1241 3755
405 2593
786 2212
1145 3851
1754 3242
252 2746
1847 3149
243 2755
142 2856
68 2930
789 2209
1273 3723
1135 3861
367 2631
634 2364
201 2797
408 2590
1505 3491
1621 3375
1587 3409
1352 3644
1923 3073
1460 3536
870 2128
875 2123
202 2796
1441 3555
914 2084
357 2641
1522 3474
1812 3184
638 2360
1892 3104
183 2815
1596 3400
1660 3336
148 2850
1000 3996
1090 3906
831 2167
1069 3927
1032 3964
1759 3237
1106 3890
894 2104
216 2782
1147 3849
1272 3724
165 2833
346 2652
1342 3654
463 2535
1880 3116
130 2868
62 2936
1962 3034
1150 3846
109 2889
232 2766
1547 3449
783 2215
233 2765
1839 3157
370 2628
742 2256
1844 3152
601 2397
117 2881
260 2738
1472 3524
1720 3276
1674 3322
1374 3622
1481 3515
883 2115
462 2536
1194 3802
1755 3241
461 2537
270 2728
1 2997
769 2229
917 2081
630 2368
1474 3522
352 2646
1087 3909
1349 3647
159 2839
995 2003
651 2347
1195 3801
1450 3546
1334 3662
1077 3919
1065 3931
1707 3289
379 2619
267 2731
1860 3136
140 2858
837 2161
1323 3673
656 2342
1729 3267
1366 3630
867 2131
1597 3399
1484 3512
476 2522
1005 3991
664 2334
398 2600
998 2000
1631 3365
587 2411
1663 3333
1667 3329
353 2645
869 2129
106 2892
25 2973
1535 3461
1635 3361
500 2498
652 2346
1271 3725
226 2772
58 2940
1343 3653
1776 3220
1564 3432
571 2427
1870 3126
885 2113
1708 3288
1426 3570
1424 3572
1017 3979
564 2434
203 2795
1124 3872
580 2418
1022 3974
1762 3234
508 2490
1327 3669
1947 3049
640 2358
1200 3796
809 2189
1865 3131
1033 3963
968 2030
205 2793
1469 3527
1201 3795
726 2272
229 2769
1383 3613
1856 3140
439 2559
250 2748
1283 3713
1511 3485
985 2013
969 2029
514 2484
259 2739
1925 3071
757 2241
805 2193
1210 3786
1081 3915
1018 3978
635 2363
557 2441
1833 3163
1561 3435
1399 3597
876 2122
1634 3362
1412 3584
1380 3616
1128 3868
208 2790
573 2425
800 2198
961 2037
1530 3466
1151 3845
1216 3780
1001 3995
1270 3726
1612 3384
690 2308
295 2703
1217 3779
790 2208
1779 3217
686 2312
1951 3045
708 2290
688 2310
424 2574
1676 3320
1114 3882
951 2047
200 2798
1411 3585
1836 3160
1592 3404
1946 3050
1392 3604
391 2607
788 2210
1046 3950
1940 3056
190 2808
