2000
2017 2020
1262 1263
2318 2319
501 504
2830 2831
2565 2568
1838 1839
1633 1636
3577 3580
2257 2260
2298 2299
285 288
3526 3527
737 740
2682 2683
321 324
826 827
3001 3004
3694 3695
2057 2060
342 343
3826 3827
73 76
2742 2743
2802 2803
1102 1103
486 487
1509 1512
1170 1171
1842 1843
2062 2063
3417 3420
18 19
710 711
2313 2316
3310 3311
913 916
1738 1739
1281 1284
3874 3875
3298 3299
1110 1111
2974 2975
770 771
3782 3783
2309 2312
906 907
585 588
3630 3631
253 256
1962 1963
950 951
3521 3524
214 215
3441 3444
885 888
1709 1712
2158 2159
2785 2788
3765 3768
3338 3339
2138 2139
2354 2355
3429 3432
1266 1267
1562 1563
3733 3736
1901 1904
797 800
1818 1819
2489 2492
3501 3504
2141 2144
3102 3103
2817 2820
3065 3068
1454 1455
789 792
2314 2315
1614 1615
2553 2556
1126 1127
1353 1356
1313 1316
1330 1331
3897 3900
1246 1247
266 267
602 603
222 223
25 28
1194 1195
3166 3167
3478 3479
3322 3323
3105 3108
397 400
3050 3051
3302 3303
861 864
1149 1152
1162 1163
1742 1743
621 624
1326 1327
2410 2411
2613 2616
1242 1243
2833 2836
1537 1540
2618 2619
281 284
3813 3816
3234 3235
2350 2351
517 520
3005 3008
221 224
202 203
206 207
3925 3928
798 799
1541 1544
1209 1212
3638 3639
1762 1763
2194 2195
2482 2483
1629 1632
605 608
1441 1444
633 636
445 448
2169 2172
1193 1196
3834 3835
3990 3991
854 855
1754 1755
3089 3092
3957 3960
2814 2815
766 767
1373 1376
1713 1716
1866 1867
1233 1236
925 928
3386 3387
3622 3623
1525 1528
3541 3544
1225 1228
2185 2188
2561 2564
3626 3627
3401 3404
829 832
2978 2979
2897 2900
461 464
3686 3687
217 220
3286 3287
3734 3735
3973 3976
1649 1652
3722 3723
241 244
446 447
245 248
3933 3936
1757 1760
3265 3268
1674 1675
2730 2731
493 496
1690 1691
1122 1123
433 436
3914 3915
954 955
2857 2860
678 679
3982 3983
2657 2660
1929 1932
3545 3548
2522 2523
1469 1472
3057 3060
3242 3243
2033 2036
1846 1847
918 919
3645 3648
2593 2596
2217 2220
2177 2180
3589 3592
833 836
2345 2348
1594 1595
3113 3116
2105 2108
2609 2612
1309 1312
1814 1815
521 524
2157 2160
877 880
1578 1579
1733 1736
1877 1880
3278 3279
3066 3067
5 8
1141 1144
1730 1731
781 784
809 812
2969 2972
1265 1268
3461 3464
3609 3612
1481 1484
2346 2347
1573 1576
2645 2648
3665 3668
2149 2152
3149 3152
2238 2239
3942 3943
3318 3319
3014 3015
1725 1728
554 555
1993 1996
497 500
2950 2951
902 903
1049 1052
322 323
1453 1456
3010 3011
2429 2432
3941 3944
2778 2779
2562 2563
785 788
1930 1931
2905 2908
3150 3151
1886 1887
3837 3840
2310 2311
2425 2428
890 891
3418 3419
3270 3271
1090 1091
802 803
765 768
1306 1307
566 567
1881 1884
2714 2715
2594 2595
3965 3968
3745 3748
1065 1068
1041 1044
2550 2551
3081 3084
2566 2567
14 15
2909 2912
3117 3120
3022 3023
2882 2883
3241 3244
2382 2383
1885 1888
2201 2204
2601 2604
1382 1383
2666 2667
973 976
2861 2864
1670 1671
1354 1355
1014 1015
3397 3400
1741 1744
1653 1656
2537 2540
2894 2895
818 819
2737 2740
2761 2764
1385 1388
3629 3632
3749 3752
254 255
2009 2012
2094 2095
3654 3655
2521 2524
3274 3275
2005 2008
1310 1311
717 720
1554 1555
3454 3455
1534 1535
1425 1428
3938 3939
3657 3660
3829 3832
2037 2040
2061 2064
586 587
2869 2872
3181 3184
2953 2956
3849 3852
1370 1371
289 292
1546 1547
282 283
3613 3616
49 52
146 147
2654 2655
3518 3519
1878 1879
578 579
97 100
1402 1403
705 708
2842 2843
1085 1088
2022 2023
373 376
3566 3567
1889 1892
3993 3996
3857 3860
1106 1107
1625 1628
130 131
2305 2308
757 760
1381 1384
1010 1011
3437 3440
510 511
2373 2376
641 644
3101 3104
981 984
406 407
3414 3415
3770 3771
230 231
1498 1499
1058 1059
2821 2824
2457 2460
1429 1432
2110 2111
581 584
153 156
909 912
3249 3252
1446 1447
2773 2776
2698 2699
2469 2472
2438 2439
2754 2755
2321 2324
1286 1287
3289 3292
858 859
2337 2340
1073 1076
2626 2627
154 155
3798 3799
3582 3583
2342 2343
806 807
2677 2680
1862 1863
1581 1584
2018 2019
2513 2516
2862 2863
62 63
3073 3076
2485 2488
2913 2916
929 932
2134 2135
730 731
2961 2964
1958 1959
1214 1215
3601 3604
109 112
2166 2167
2598 2599
2218 2219
1101 1104
3373 3376
457 460
2937 2940
2898 2899
2145 2148
2254 2255
129 132
1601 1604
874 875
993 996
3313 3316
2245 2248
3553 3556
1669 1672
3378 3379
917 920
249 252
361 364
2417 2420
2030 2031
2442 2443
3790 3791
3333 3336
3893 3896
1682 1683
2958 2959
738 739
1773 1776
2189 2192
357 360
638 639
3349 3352
1841 1844
1689 1692
2230 2231
126 127
2449 2452
1269 1272
2926 2927
3481 3484
2490 2491
3801 3804
3773 3776
3797 3800
1966 1967
1949 1952
1317 1320
2878 2879
1826 1827
442 443
1974 1975
53 56
1346 1347
3098 3099
2322 2323
1333 1336
1217 1220
1533 1536
2242 2243
409 412
3013 3016
3173 3176
2029 2032
1646 1647
3277 3280
3525 3528
1078 1079
2910 2911
1990 1991
3729 3732
349 352
1750 1751
1477 1480
2229 2232
1105 1108
1961 1964
3325 3328
3841 3844
3597 3600
3869 3872
3025 3028
1890 1891
3658 3659
54 55
2725 2728
1013 1016
3706 3707
330 331
2361 2364
1810 1811
2617 2620
2558 2559
857 860
3485 3488
1401 1404
114 115
3810 3811
1089 1092
1177 1180
549 552
2126 2127
2614 2615
1513 1516
1917 1920
2402 2403
1121 1124
1941 1944
246 247
1478 1479
3922 3923
1433 1436
561 564
898 899
3194 3195
2753 2756
3758 3759
553 556
1006 1007
2966 2967
3618 3619
2901 2904
1761 1764
3726 3727
2502 2503
3670 3671
2182 2183
1054 1055
1282 1283
3678 3679
3110 3111
1374 1375
2013 2016
42 43
706 707
1358 1359
1113 1116
3466 3467
761 764
1641 1644
3557 3560
3673 3676
398 399
825 828
1774 1775
3021 3024
2769 2772
1421 1424
2557 2560
37 40
550 551
3721 3724
98 99
2706 2707
1969 1972
3998 3999
165 168
2377 2380
1997 2000
2222 2223
630 631
1490 1491
2606 2607
841 844
3741 3744
1430 1431
3486 3487
2517 2520
3509 3512
966 967
94 95
525 528
665 668
3282 3283
2546 2547
3182 3183
1817 1820
1029 1032
518 519
226 227
2941 2944
3774 3775
2130 2131
1418 1419
189 192
3950 3951
922 923
66 67
3769 3772
2178 2179
1634 1635
449 452
2782 2783
545 548
210 211
2689 2692
1 4
2662 2663
2634 2635
1222 1223
3870 3871
514 515
533 536
2822 2823
3317 3320
273 276
2581 2584
1261 1264
746 747
3946 3947
2929 2932
2069 2072
2486 2487
2409 2412
3977 3980
3370 3371
101 104
46 47
1389 1392
2041 2044
961 964
614 615
2426 2427
1230 1231
1037 1040
1722 1723
169 172
1002 1003
745 748
3210 3211
805 808
2349 2352
346 347
2774 2775
1934 1935
645 648
426 427
2850 2851
610 611
2569 2572
1349 1352
3593 3596
725 728
3094 3095
2058 2059
3266 3267
3269 3272
3341 3344
3054 3055
2357 2360
234 235
842 843
733 736
930 931
1658 1659
422 423
594 595
1982 1983
2253 2256
977 980
3398 3399
1549 1552
1685 1688
158 159
2797 2800
3821 3824
3781 3784
1622 1623
3446 3447
698 699
2162 2163
3806 3807
3146 3147
2333 2336
3934 3935
646 647
338 339
3361 3364
3538 3539
1809 1812
722 723
3614 3615
3985 3988
945 948
2434 2435
2722 2723
145 148
3426 3427
2622 2623
2114 2115
394 395
573 576
2301 2304
2962 2963
290 291
1834 1835
3470 3471
3409 3412
1701 1704
1361 1364
3329 3332
2758 2759
122 123
846 847
3410 3411
2042 2043
534 535
77 80
1570 1571
1942 1943
654 655
441 444
3169 3172
3389 3392
3185 3188
530 531
3453 3456
1565 1568
3889 3892
309 312
3069 3072
2945 2948
1237 1240
3802 3803
701 704
1577 1580
1806 1807
2653 2656
1238 1239
1150 1151
65 68
69 72
3033 3036
3570 3571
2329 2332
2946 2947
3214 3215
1538 1539
937 940
1198 1199
2914 2915
2186 2187
2733 2736
2441 2444
1749 1752
2341 2344
773 776
758 759
1393 1396
2982 2983
3789 3792
3762 3763
3209 3212
3805 3808
853 856
2806 2807
3458 3459
865 868
2273 2276
70 71
110 111
1938 1939
405 408
3497 3500
821 824
1133 1136
3697 3700
1033 1036
1642 1643
3738 3739
793 796
3161 3164
22 23
901 904
1258 1259
606 607
2270 2271
1294 1295
3662 3663
3141 3144
1530 1531
3034 3035
1566 1567
2650 2651
2306 2307
2325 2328
1066 1067
3337 3340
2505 2508
3969 3972
3434 3435
350 351
2038 2039
2330 2331
2101 2104
2713 2716
2826 2827
650 651
2786 2787
2726 2727
1249 1252
2701 2704
1130 1131
822 823
1182 1183
3462 3463
3561 3564
45 48
3026 3027
2881 2884
1905 1908
1946 1947
2954 2955
1874 1875
1545 1548
2794 2795
1462 1463
326 327
2994 2995
2917 2920
3534 3535
1706 1707
257 260
2541 2544
3137 3140
337 340
686 687
1621 1624
1973 1976
1945 1948
213 216
2197 2200
1661 1664
1201 1204
1254 1255
1125 1128
3634 3635
849 852
2414 2415
3997 4000
2709 2712
749 752
862 863
10 11
2533 2536
3070 3071
250 251
801 804
3646 3647
529 532
2421 2424
1926 1927
162 163
1893 1896
754 755
1586 1587
3598 3599
958 959
1986 1987
3350 3351
3490 3491
2002 2003
2549 2552
1329 1332
1837 1840
477 480
2510 2511
2477 2480
1146 1147
1114 1115
1297 1300
2629 2632
2106 2107
473 476
974 975
277 280
649 652
2233 2236
3822 3823
1450 1451
1046 1047
1729 1732
2117 2120
3285 3288
3830 3831
1302 1303
141 144
3677 3680
2173 2176
3585 3588
734 735
265 268
1981 1984
1493 1496
2986 2987
3994 3995
2170 2171
2214 2215
2077 2080
1466 1467
2789 2792
2398 2399
2658 2659
513 516
237 240
3989 3992
1857 1860
1766 1767
1050 1051
2338 2339
1710 1711
3693 3696
2493 2496
317 320
1821 1824
3725 3728
1781 1784
658 659
3502 3503
1017 1020
2118 2119
2621 2624
982 983
1882 1883
229 232
2589 2592
1081 1084
1173 1176
2125 2128
2393 2396
270 271
2781 2784
306 307
1001 1004
589 592
3777 3780
2089 2092
866 867
3921 3924
2934 2935
2202 2203
429 432
1797 1800
3681 3684
1870 1871
3909 3912
1726 1727
3653 3656
238 239
2081 2084
133 136
558 559
777 780
1714 1715
2050 2051
2109 2112
673 676
1142 1143
3617 3620
1022 1023
314 315
3178 3179
3861 3864
3273 3276
2289 2292
2294 2295
3097 3100
1278 1279
3530 3531
1305 1308
1394 1395
1801 1804
3086 3087
1517 1520
3106 3107
2873 2876
1154 1155
1189 1192
2390 2391
557 560
1769 1772
3450 3451
1485 1488
3961 3964
2258 2259
941 944
465 468
1510 1511
1325 1328
3902 3903
90 91
2630 2631
2921 2924
1206 1207
2237 2240
2809 2812
3046 3047
450 451
562 563
3281 3284
494 495
3433 3436
590 591
1721 1724
3953 3956
3594 3595
1174 1175
2973 2976
354 355
2646 2647
3393 3396
125 128
570 571
3885 3888
3753 3756
150 151
2585 2588
1061 1064
469 472
2150 2151
453 456
657 660
3157 3160
2453 2456
1822 1823
1334 1335
297 300
3342 3343
897 900
1250 1251
1529 1532
3038 3039
2518 2519
1645 1648
3321 3324
1501 1504
1034 1035
2942 2943
1290 1291
2925 2928
718 719
3866 3867
1409 1412
1245 1248
3062 3063
2858 2859
3590 3591
2205 2208
82 83
2085 2088
2586 2587
2286 2287
313 316
3193 3196
3862 3863
3233 3236
3833 3836
3290 3291
782 783
1109 1112
1405 1408
1426 1427
946 947
193 196
2841 2844
2358 2359
2054 2055
2122 2123
3261 3264
2605 2608
598 599
3586 3587
3377 3380
537 540
2066 2067
2798 2799
2574 2575
1161 1164
693 696
2641 2644
2638 2639
1457 1460
626 627
3926 3927
1298 1299
741 744
3406 3407
194 195
2669 2672
61 64
1202 1203
3222 3223
3118 3119
3129 3132
2262 2263
157 160
478 479
3217 3220
2445 2448
2813 2816
1782 1783
3894 3895
3714 3715
2210 2211
1070 1071
3674 3675
2494 2495
2353 2356
2098 2099
1526 1527
2845 2848
3786 3787
886 887
1273 1276
430 431
3565 3568
1617 1620
1561 1564
3742 3743
3430 3431
413 416
3853 3856
3206 3207
3058 3059
729 732
1413 1416
117 120
3358 3359
2790 2791
810 811
482 483
2674 2675
1898 1899
3817 3820
2053 2056
3473 3476
1397 1400
3246 3247
1274 1275
3257 3260
2893 2896
677 680
2746 2747
2597 2600
3838 3839
2454 2455
2226 2227
1802 1803
386 387
2977 2980
2121 2124
50 51
3978 3979
3794 3795
3913 3916
3078 3079
302 303
914 915
3809 3812
41 44
3402 3403
3489 3492
6 7
998 999
870 871
174 175
3574 3575
1602 1603
1913 1916
2465 2468
3006 3007
1786 1787
2181 2184
3314 3315
2046 2047
753 756
3126 3127
3910 3911
1906 1907
149 152
414 415
3422 3423
389 392
78 79
3253 3256
685 688
1025 1028
33 36
3873 3876
3625 3628
298 299
3705 3708
2481 2484
2133 2136
2010 2011
1145 1148
2014 2015
2146 2147
3438 3439
490 491
2886 2887
3390 3391
2718 2719
3958 3959
3133 3136
1902 1903
3109 3112
3237 3240
957 960
3353 3356
2266 2267
3669 3672
2514 2515
978 979
3917 3920
2838 2839
2389 2392
166 167
3649 3652
3986 3987
370 371
2686 2687
3465 3468
3569 3572
1922 1923
274 275
2213 2216
1474 1475
1829 1832
2554 2555
498 499
2277 2280
2466 2467
2374 2375
617 620
201 204
3637 3640
2386 2387
1746 1747
1486 1487
1830 1831
2989 2992
2113 2116
1514 1515
1414 1415
186 187
786 787
1213 1216
3757 3760
2025 2028
1422 1423
1849 1852
3537 3540
2922 2923
1378 1379
93 96
1157 1160
2462 2463
1717 1720
1854 1855
2678 2679
538 539
2065 2068
1850 1851
2810 2811
1341 1344
89 92
2970 2971
358 359
3858 3859
3017 3020
1845 1848
714 715
2221 2224
1165 1168
694 695
3898 3899
3581 3584
3709 3712
1285 1288
3357 3360
642 643
1697 1700
1702 1703
1630 1631
1626 1627
1925 1928
2801 2804
1390 1391
2093 2096
669 672
1221 1224
1117 1120
1970 1971
726 727
1550 1551
3053 3056
1666 1667
2681 2684
293 296
1062 1063
3690 3691
2274 2275
3850 3851
2190 2191
2129 2132
1858 1859
1045 1048
3937 3940
26 27
2906 2907
305 308
3621 3624
378 379
2446 2447
489 492
1794 1795
625 628
3906 3907
1522 1523
3177 3180
2509 2512
1098 1099
2734 2735
3865 3868
2090 2091
774 775
2721 2724
2086 2087
1518 1519
2570 2571
310 311
1042 1043
622 623
3334 3335
3737 3740
366 367
106 107
3610 3611
2690 2691
1557 1560
750 751
2661 2664
170 171
3382 3383
2285 2288
2930 2931
3890 3891
3394 3395
2877 2880
597 600
3293 3296
1009 1012
986 987
2506 2507
3746 3747
1789 1792
837 840
3449 3452
29 32
1181 1184
1234 1235
1057 1060
889 892
3309 3312
181 184
3445 3448
3189 3192
1861 1864
3754 3755
3369 3372
574 575
905 908
3330 3331
2770 2771
3297 3300
3793 3796
3602 3603
3818 3819
393 396
218 219
2750 2751
470 471
1609 1612
1894 1895
2582 2583
2302 2303
2762 2763
2165 2168
942 943
1093 1096
3366 3367
2849 2852
850 851
1482 1483
418 419
377 380
1593 1596
1505 1508
3381 3384
1417 1420
2269 2272
2406 2407
3153 3156
3510 3511
190 191
1342 1343
1765 1768
3558 3559
2590 2591
3405 3408
3045 3048
921 924
713 716
2142 2143
2818 2819
2990 2991
1650 1651
113 116
2370 2371
17 20
949 952
3122 3123
381 384
1465 1468
173 176
2073 2076
997 1000
2534 2535
970 971
2034 2035
278 279
601 604
3346 3347
3029 3032
1610 1611
1293 1296
2241 2244
1909 1912
3125 3128
481 484
670 671
965 968
1777 1780
2378 2379
3505 3508
1662 1663
794 795
341 344
873 876
1053 1056
2450 2451
1758 1759
1497 1500
690 691
1953 1956
2529 2532
466 467
1985 1988
1097 1100
9 12
2902 2903
989 992
3949 3952
3197 3200
1914 1915
178 179
437 440
1094 1095
2766 2767
3845 3848
2297 2300
3074 3075
2538 2539
1318 1319
3778 3779
3170 3171
3162 3163
3082 3083
1998 1999
1853 1856
1865 1868
1082 1083
462 463
1745 1748
3226 3227
1030 1031
3886 3887
1657 1660
817 820
301 304
2793 2796
2637 2640
161 164
3258 3259
1613 1616
205 208
697 700
142 143
3842 3843
569 572
2717 2720
1638 1639
2854 2855
345 348
3413 3416
1778 1779
962 963
3918 3919
1790 1791
3905 3908
3514 3515
3134 3135
3930 3931
3201 3204
3326 3327
1921 1924
2 3
121 124
721 724
134 135
2021 2024
3766 3767
1205 1208
3442 3443
2853 2856
3186 3187
2749 2752
662 663
3498 3499
2694 2695
3666 3667
2729 2732
1681 1684
546 547
3533 3536
1542 1543
541 544
3121 3124
3306 3307
3250 3251
198 199
2710 2711
2265 2268
629 632
1301 1304
185 188
1445 1448
2837 2840
369 372
2074 2075
2026 2027
1957 1960
57 60
3477 3480
3546 3547
2542 2543
2573 2576
3554 3555
985 988
2765 2768
1005 1008
1698 1699
3085 3088
434 435
1954 1955
2525 2528
3633 3636
2250 2251
329 332
2293 2296
938 939
506 507
1134 1135
3049 3052
438 439
1153 1156
1918 1919
3529 3532
1965 1968
1873 1876
105 108
2834 2835
334 335
3230 3231
910 911
3190 3191
3142 3143
3710 3711
3901 3904
2702 2703
2154 2155
2885 2888
2317 2320
1558 1559
3682 3683
3689 3692
634 635
2501 2504
1210 1211
2918 2919
1026 1027
542 543
3213 3216
3093 3096
2625 2628
318 319
3301 3304
3130 3131
593 596
382 383
374 375
410 411
1314 1315
1253 1256
233 236
1793 1796
845 848
3114 3115
86 87
3198 3199
1458 1459
2738 2739
1410 1411
2326 2327
3562 3563
2705 2708
2334 2335
2498 2499
2757 2760
2933 2936
790 791
390 391
1606 1607
3718 3719
2001 2004
2981 2984
3846 3847
813 816
362 363
2526 2527
2846 2847
2198 2199
1605 1608
3878 3879
653 656
2281 2284
81 84
969 972
522 523
1585 1588
177 180
1553 1556
1994 1995
2649 2652
1369 1372
1813 1816
1705 1708
3262 3263
2369 2372
1989 1992
2070 2071
2137 2140
3578 3579
209 212
1270 1271
85 88
2161 2164
2413 2416
1574 1575
2430 2431
3882 3883
769 772
1678 1679
2957 2960
1589 1592
1753 1756
3881 3884
1398 1399
1166 1167
2602 2603
2365 2368
2874 2875
1158 1159
2866 2867
505 508
2437 2440
3573 3576
2474 2475
2998 2999
1798 1799
2082 2083
118 119
325 328
3158 3159
1590 1591
261 264
3713 3716
2497 2500
1665 1668
1977 1980
3970 3971
577 580
994 995
2401 2404
3661 3664
2174 2175
1386 1387
401 404
3517 3520
3374 3375
582 583
3037 3040
2458 2459
1470 1471
3482 3483
1129 1132
2206 2207
2577 2580
3474 3475
869 872
1118 1119
3650 3651
286 287
1366 1367
2993 2996
3945 3948
3421 3424
182 183
762 763
2078 2079
3606 3607
882 883
3814 3815
1506 1507
2949 2952
2405 2408
258 259
2693 2696
1502 1503
1473 1476
2965 2968
2433 2436
2777 2780
3981 3984
834 835
1086 1087
3717 3720
21 24
3041 3044
1582 1583
3522 3523
3457 3460
2261 2264
2745 2748
1277 1280
1257 1260
3018 3019
838 839
894 895
294 295
1357 1360
3513 3516
1190 1191
1637 1640
3750 3751
618 619
454 455
1933 1936
689 692
2889 2892
2097 2100
2670 2671
3002 3003
2461 2464
2153 2156
565 568
3642 3643
2290 2291
2282 2283
417 420
3641 3644
2006 2007
502 503
2985 2988
1910 1911
102 103
3354 3355
2610 2611
34 35
674 675
3549 3552
1077 1080
666 667
3761 3764
2578 2579
2418 2419
2397 2400
2225 2228
402 403
661 664
242 243
2545 2548
3469 3472
3030 3031
3362 3363
3542 3543
1362 1363
3730 3731
1597 1600
2246 2247
1434 1435
3605 3608
3077 3080
2394 2395
425 428
2673 2676
526 527
681 684
1350 1351
385 388
934 935
2825 2828
2530 2531
1598 1599
990 991
2049 2052
1686 1687
3974 3975
197 200
1694 1695
225 228
2685 2688
1406 1407
1693 1696
2633 2636
3294 3295
1978 1979
262 263
3205 3208
138 139
2741 2744
933 936
3245 3248
1718 1719
3685 3688
3174 3175
3165 3168
1825 1828
3221 3224
1038 1039
1770 1771
2473 2476
3506 3507
1461 1464
3702 3703
3305 3308
509 512
3966 3967
1338 1339
485 488
2045 2048
421 424
637 640
1569 1572
3254 3255
3701 3704
1021 1024
1734 1735
3825 3828
1897 1900
3929 3932
1521 1524
1869 1872
2829 2832
3493 3496
474 475
3009 3012
1654 1655
74 75
893 896
2938 2939
1442 1443
2234 2235
1137 1140
458 459
3061 3064
1229 1232
2102 2103
38 39
2278 2279
881 884
2381 2384
926 927
58 59
2362 2363
3785 3788
2890 2891
830 831
2209 2212
2865 2868
3229 3232
2665 2668
1074 1075
333 336
3042 3043
1321 1324
878 879
3138 3139
1018 1019
3550 3551
3225 3228
702 703
3494 3495
1197 1200
1785 1788
13 16
1438 1439
3145 3148
1950 1951
269 272
1437 1440
3345 3348
709 712
1226 1227
2870 2871
3854 3855
1449 1452
3365 3368
1365 1368
1737 1740
2385 2388
353 356
2193 2196
609 612
1169 1172
1673 1676
1494 1495
3385 3388
1322 1323
365 368
1069 1072
2249 2252
2997 3000
1186 1187
1138 1139
1178 1179
1618 1619
2642 2643
1937 1940
1289 1292
2805 2808
1345 1348
1805 1808
953 956
1241 1244
3238 3239
1185 1188
3698 3699
1833 1836
3202 3203
682 683
3425 3428
3090 3091
3218 3219
1489 1492
2697 2700
2422 2423
2478 2479
613 616
742 743
2470 2471
778 779
814 815
2366 2367
3962 3963
1337 1340
3877 3880
30 31
1377 1380
137 140
3154 3155
1218 1219
1677 1680
3954 3955
