1999
1011 3987
223 2776
1304 3694
1708 3290
1916 3082
1275 3723
468 2531
1775 3223
868 2131
927 2072
448 2551
1450 3548
119 2880
1869 3129
1691 3307
110 2889
1977 3021
587 2412
1044 3954
1849 3149
82 2917
627 2372
632 2367
573 2426
423 2576
997 2002
723 2276
713 2286
1312 3686
991 2008
1557 3441
923 2076
1340 3658
239 2760
1991 3007
738 2261
462 2537
1041 3957
840 2159
1689 3309
24 2975
1404 3594
1685 3313
310 2689
962 2037
867 2132
980 2019
347 2652
588 2411
29 2970
1716 3282
1864 3134
1098 3900
1059 3939
1287 3711
1785 3213
642 2357
1940 3058
857 2142
1615 3383
828 2171
309 2690
338 2661
1281 3717
1380 3618
388 2611
365 2634
633 2366
779 2220
491 2508
1637 3361
92 2907
1909 3089
1351 3647
164 2835
641 2358
196 2803
78 2921
1605 3393
1789 3209
692 2307
1999 2999
434 2565
280 2719
537 2462
1321 3677
879 2120
662 2337
1141 3857
194 2805
1665 3333
224 2775
648 2351
4 2995
161 2838
1595 3403
1451 3547
1113 3885
1060 3938
1244 3754
66 2933
673 2326
1995 3003
1417 3581
1677 3321
325 2674
961 2038
535 2464
1873 3125
979 2020
1183 3815
95 2904
1621 3377
782 2217
1612 3386
209 2790
55 2944
1518 3480
1016 3982
1267 3731
250 2749
988 2011
39 2960
1758 3240
700 2299
1798 3200
1284 3714
1532 3466
1481 3517
1861 3137
474 2525
285 2714
1541 3457
1157 3841
1238 3760
59 2940
1593 3405
1932 3066
117 2882
852 2147
42 2957
998 2001
1137 3861
1053 3945
733 2266
1119 3879
775 2224
789 2210
260 2739
1461 3537
964 2035
601 2398
1886 3112
1740 3258
825 2174
1723 3275
1393 3605
1957 3041
123 2876
64 2935
490 2509
555 2444
421 2578
231 2768
1920 3078
914 2085
702 2297
492 2507
910 2089
559 2440
1042 3956
1045 3953
730 2269
1315 3683
1520 3478
815 2184
848 2151
179 2820
531 2468
37 2962
1424 3574
1438 3560
364 2635
323 2676
1805 3193
545 2454
148 2851
1672 3326
748 2251
823 2176
1559 3439
30 2969
1464 3534
219 2780
751 2248
1092 3906
22 2977
400 2599
265 2734
727 2272
369 2630
954 2045
1958 3040
1436 3562
1082 3916
1539 3459
1704 3294
1606 3392
792 2207
1956 3042
1338 3660
1184 3814
520 2479
17 2982
763 2236
876 2123
1705 3293
1836 3162
660 2339
674 2325
1670 3328
458 2541
1598 3400
653 2346
949 2050
1781 3217
1427 3571
464 2535
1865 3133
89 2910
1926 3072
1699 3299
1069 3929
436 2563
1260 3738
333 2666
26 2973
1003 3995
534 2465
883 2116
1195 3803
505 2494
571 2428
681 2318
128 2871
1525 3473
1724 3274
497 2502
566 2433
306 2693
1365 3633
839 2160
1645 3353
607 2392
114 2885
1087 3911
944 2055
461 2538
1191 3807
1814 3184
827 2172
393 2606
1068 3930
346 2653
1522 3476
1721 3277
538 2461
1277 3721
1453 3545
60 2939
564 2435
1374 3624
471 2528
150 2849
683 2316
1725 3273
1420 3578
1583 3415
1788 3210
1194 3804
1139 3859
1575 3423
1950 3048
1629 3369
124 2875
659 2340
197 2802
1283 3715
173 2826
1935 3063
1353 3645
1817 3181
725 2274
1370 3628
1544 3454
415 2584
1688 3310
202 2797
1942 3056
1867 3131
203 2796
1250 3748
1334 3664
1959 3039
1548 3450
1478 3520
1794 3204
882 2117
201 2798
622 2377
1804 3194
1049 3949
176 2823
1165 3833
1361 3637
99 2900
267 2732
1792 3206
1178 3820
1538 3460
1635 3363
264 2735
1065 3933
1102 3896
118 2881
657 2342
116 2883
1341 3657
1808 3190
983 2016
1782 3216
191 2808
1609 3389
562 2437
1274 3724
226 2773
835 2164
595 2404
1038 3960
1008 3990
710 2289
366 2633
550 2449
583 2416
523 2476
528 2471
1105 3893
1074 3924
1253 3745
990 2009
113 2886
1219 3779
1516 3482
140 2859
1667 3331
1419 3579
358 2641
1046 3952
411 2588
1634 3364
981 2018
917 2082
504 2495
405 2594
860 2139
1257 3741
875 2124
1469 3529
1405 3593
774 2225
911 2088
945 2054
145 2854
210 2789
284 2715
1911 3087
804 2195
104 2895
1186 3812
1280 3718
785 2214
1813 3185
1941 3057
1294 3704
764 2235
165 2834
181 2818
305 2694
1801 3197
584 2415
1254 3744
1255 3743
1005 3993
1429 3569
289 2710
278 2721
1830 3168
1812 3186
1643 3355
1571 3427
678 2321
389 2610
1577 3421
1200 3798
1413 3585
216 2783
893 2106
1529 3469
878 2121
1791 3207
133 2866
874 2125
1943 3055
596 2403
1975 3023
136 2863
856 2143
1017 3981
1773 3225
1513 3485
1952 3046
1966 3032
1025 3973
1600 3398
326 2673
1268 3730
925 2074
1983 3015
1534 3464
1760 3238
623 2376
1293 3705
97 2902
1796 3202
1355 3643
174 2825
1158 3840
1077 3921
122 2877
184 2815
229 2770
1896 3102
971 2028
1458 3540
420 2579
750 2249
235 2764
1332 3666
1251 3747
610 2389
1023 3975
1198 3800
1998 3000
63 2936
308 2691
494 2505
1402 3596
1561 3437
301 2698
1135 3863
1891 3107
498 2501
1343 3655
989 2010
1085 3913
1215 3783
1585 3413
1686 3312
1976 3022
780 2219
125 2874
1587 3411
957 2042
604 2395
968 2031
447 2552
617 2382
1931 3067
896 2103
1263 3735
544 2455
276 2723
1401 3597
1996 3002
1421 3577
1160 3838
1617 3381
206 2793
540 2459
327 2672
199 2800
701 2298
1359 3639
1839 3159
1372 3626
761 2238
1296 3702
130 2869
1051 3947
230 2769
817 2182
1717 3281
302 2697
109 2890
536 2463
258 2741
1212 3786
1175 3823
1115 3883
1800 3198
427 2572
711 2288
1403 3595
967 2032
120 2879
183 2816
1772 3226
1473 3525
1980 3018
171 2828
696 2303
513 2486
1698 3300
1488 3510
459 2540
651 2348
1746 3252
335 2664
1073 3925
328 2671
1649 3349
1034 3964
1014 3984
1352 3646
1657 3341
1145 3853
937 2062
481 2518
1245 3753
438 2561
1301 3697
1809 3189
11 2988
1054 3944
743 2256
636 2363
693 2306
985 2014
1633 3365
1309 3689
778 2221
965 2034
901 2098
906 2093
1316 3682
994 2005
33 2966
1445 3553
1248 3750
483 2516
853 2146
1697 3301
1879 3119
149 2850
1784 3214
1671 3327
542 2457
777 2222
846 2153
1923 3075
249 2750
240 2759
53 2946
1681 3317
251 2748
58 2941
1412 3586
340 2659
1072 3926
753 2246
722 2277
1901 3097
1690 3308
439 2560
1936 3062
1857 3141
1856 3142
1090 3908
695 2304
247 2752
61 2938
1235 3763
429 2570
76 2923
1506 3492
375 2624
1997 3001
1028 3970
1031 3967
359 2640
1094 3904
1 2998
1898 3100
813 2186
71 2928
1056 3942
1232 3766
1164 3834
1018 3980
1906 3092
435 2564
1658 3340
922 2077
322 2677
320 2679
227 2772
1447 3551
1915 3083
34 2965
1443 3555
1193 3805
1104 3894
1258 3740
1356 3642
139 2860
182 2817
558 2441
177 2822
256 2743
1407 3591
293 2706
977 2022
1619 3379
766 2233
1840 3158
334 2665
670 2329
716 2283
1507 3491
930 2069
91 2908
19 2980
1225 3773
170 2829
858 2141
1205 3793
70 2929
639 2360
1222 3776
1727 3271
1692 3306
1039 3959
1827 3171
913 2086
1220 3778
1289 3709
1388 3610
950 2049
1070 3928
214 2785
1460 3538
1114 3884
1848 3150
841 2158
1187 3811
1063 3935
907 2092
759 2240
734 2265
788 2211
1588 3410
1406 3592
215 2784
1566 3432
222 2777
83 2916
1974 3024
1311 3687
1389 3609
298 2701
317 2682
1185 3813
47 2952
319 2680
1197 3801
1333 3665
356 2643
1597 3401
512 2487
1807 3191
1084 3914
245 2754
1862 3136
1111 3887
1180 3818
343 2656
1358 3640
624 2375
592 2407
8 2991
499 2500
1266 3732
1282 3716
424 2575
688 2311
1642 3356
1122 3876
1505 3493
686 2313
48 2951
1349 3649
1930 3068
1771 3227
1350 3648
363 2636
1673 3325
769 2230
1744 3254
649 2350
1379 3619
381 2618
321 2678
1498 3500
75 2924
1166 3832
502 2497
862 2137
1430 3568
1533 3465
1954 3044
606 2393
1096 3902
422 2577
187 2812
1050 3948
1010 3988
1320 3678
826 2173
726 2273
1568 3430
515 2484
495 2504
630 2369
1345 3653
297 2702
154 2845
1738 3260
441 2558
1477 3521
1530 3468
1715 3283
1207 3791
816 2183
1310 3688
1089 3909
1549 3449
1989 3009
1666 3332
756 2243
1007 3991
401 2598
246 2753
1892 3106
638 2361
1955 3043
200 2799
1387 3611
590 2409
1921 3077
1100 3898
1762 3236
1357 3641
1586 3412
1328 3670
1302 3696
736 2263
277 2722
744 2255
193 2806
1630 3368
1416 3582
1638 3360
270 2729
80 2919
1669 3329
1937 3061
654 2345
408 2591
1381 3617
16 2983
243 2756
1854 3144
213 2786
704 2295
1027 3971
102 2897
1159 3839
32 2967
646 2353
1882 3116
1229 3769
574 2425
1678 3320
377 2622
1526 3472
850 2149
65 2934
1558 3440
1948 3050
770 2229
362 2637
884 2115
675 2324
1592 3406
1029 3969
758 2241
1261 3737
1674 3324
1262 3736
533 2466
1130 3868
561 2438
1021 3977
394 2605
1786 3212
1581 3417
1555 3443
155 2844
1696 3302
665 2334
1080 3918
1682 3316
1684 3314
291 2708
898 2101
1227 3771
1385 3613
1528 3470
198 2801
292 2707
514 2485
1987 3011
615 2384
456 2543
664 2335
635 2364
703 2296
570 2429
732 2267
1209 3789
79 2920
1079 3919
1154 3844
1256 3742
1753 3245
1177 3821
1162 3836
324 2675
1679 3319
1375 3623
1362 3636
861 2138
208 2791
269 2730
1984 3014
1729 3269
1129 3869
1508 3490
1234 3764
1907 3091
303 2696
894 2105
920 2079
908 2091
1961 3037
1081 3917
238 2761
107 2892
836 2163
1095 3903
1512 3486
212 2787
556 2443
158 2841
1623 3375
1346 3652
1295 3703
554 2445
892 2107
390 2609
720 2279
1326 3672
296 2703
1336 3662
916 2083
575 2424
1239 3759
81 2918
1423 3575
1151 3847
1182 3816
1765 3233
1384 3614
1611 3387
1097 3901
440 2559
1466 3532
1631 3367
1213 3785
1224 3774
1482 3516
1602 3396
706 2293
1078 3920
1132 3866
881 2118
382 2617
509 2490
380 2619
842 2157
731 2268
1181 3817
680 2319
629 2370
1523 3475
1452 3546
368 2631
599 2400
1733 3265
597 2402
463 2536
1364 3634
1884 3114
1170 3828
677 2322
859 2140
1106 3892
437 2562
1837 3161
7 2992
349 2650
781 2218
1390 3608
1795 3203
23 2976
178 2821
386 2613
1001 3997
1847 3151
406 2593
485 2514
915 2084
93 2906
1112 3886
787 2212
351 2648
715 2284
1006 3992
1870 3128
1142 3856
1128 3870
626 2373
1190 3808
1489 3509
404 2595
682 2317
357 2642
1386 3612
138 2861
1013 3985
106 2893
924 2075
820 2179
68 2931
1978 3020
336 2663
1818 3180
995 2004
1579 3419
1368 3630
1449 3549
600 2399
1831 3167
1527 3471
956 2043
1889 3109
137 2862
1953 3045
1204 3794
941 2058
18 2981
1076 3922
1462 3536
522 2477
35 2964
233 2766
1109 3889
1750 3248
631 2368
1125 3873
1490 3508
810 2189
1826 3172
921 2078
818 2181
755 2244
1226 3772
372 2627
518 2481
1778 3220
605 2394
931 2068
1009 3989
1608 3390
1322 3676
1656 3342
1663 3335
1993 3005
69 2930
1147 3851
1500 3498
1252 3746
416 2583
1524 3474
963 2036
1064 3934
553 2446
1367 3631
1982 3016
331 2668
999 2000
1088 3910
1264 3734
663 2336
1754 3244
1594 3404
1925 3073
1851 3147
1793 3205
645 2354
244 2755
1763 3235
473 2526
288 2711
1192 3806
992 2007
824 2175
1751 3247
307 2692
1702 3296
973 2026
885 2114
1610 3388
1494 3504
806 2193
1455 3543
1272 3726
1859 3139
1150 3848
1211 3787
1573 3425
1797 3201
784 2215
672 2327
1981 3017
1033 3965
903 2096
1071 3927
1360 3638
211 2788
1249 3749
754 2245
1099 3899
1485 3513
378 2621
609 2390
1138 3860
1653 3345
1163 3835
1963 3035
1838 3160
1479 3519
1124 3874
1640 3358
1572 3426
936 2063
482 2517
1492 3506
1730 3268
126 2873
295 2704
880 2119
543 2456
1613 3385
808 2191
939 2060
1414 3584
895 2104
1484 3514
740 2259
255 2744
1876 3122
655 2344
1442 3556
603 2396
1286 3712
845 2154
273 2726
532 2467
379 2620
1196 3802
2 2997
737 2262
156 2843
1858 3140
36 2963
805 2194
1483 3515
1589 3409
479 2520
577 2422
652 2347
687 2312
671 2328
1134 3864
86 2913
432 2567
1811 3187
552 2447
1662 3336
865 2134
1467 3531
697 2302
1409 3589
315 2684
90 2909
873 2126
275 2724
160 2839
1970 3028
1828 3170
1061 3937
762 2237
218 2781
1123 3875
44 2955
1434 3564
589 2410
946 2053
261 2738
951 2048
1853 3145
803 2196
28 2971
1537 3461
1024 3974
1517 3481
1503 3495
972 2027
1992 3006
38 2961
794 2205
1300 3698
904 2095
1143 3855
1313 3685
1475 3523
220 2779
445 2554
795 2204
943 2056
507 2492
1486 3512
1875 3123
1161 3837
1133 3865
739 2260
822 2177
46 2953
1233 3765
611 2388
1344 3654
1652 3346
1216 3782
1243 3755
1127 3871
1622 3376
1607 3391
1683 3315
469 2530
773 2226
1431 3567
1317 3681
1030 3968
987 2012
1917 3081
1871 3127
1614 3384
262 2737
1821 3177
493 2506
1167 3831
612 2387
147 2852
237 2762
1719 3279
955 2044
628 2371
1471 3527
1062 3936
1880 3118
1067 3931
844 2155
594 2405
582 2417
1620 3378
1550 3448
1441 3557
299 2700
1582 3416
953 2046
1276 3722
1732 3266
866 2133
1639 3359
1399 3599
397 2602
938 2061
1774 3224
1777 3221
407 2592
1743 3255
263 2736
563 2436
1515 3483
661 2338
527 2472
376 2623
928 2071
637 2362
717 2282
1519 3479
503 2496
1912 3086
1002 3996
500 2499
1303 3695
1852 3146
57 2942
669 2330
311 2688
1206 3792
1066 3932
1706 3292
958 2041
252 2747
332 2667
718 2281
157 2842
1058 3940
142 2857
1576 3422
1203 3795
506 2493
1247 3751
1752 3246
272 2727
547 2452
1156 3842
312 2687
25 2974
689 2310
684 2315
234 2765
620 2379
614 2385
1057 3941
442 2557
745 2254
1149 3849
87 2912
50 2949
1330 3668
1371 3627
1012 3986
1755 3243
902 2097
1680 3318
294 2705
1636 3362
529 2470
872 2127
1603 3395
1121 3877
712 2287
729 2270
1654 3344
1531 3467
767 2232
1766 3232
477 2522
453 2546
153 2846
1868 3130
929 2070
168 2831
1218 3780
1019 3979
1910 3088
1319 3679
318 2681
287 2712
800 2199
1521 3477
166 2833
975 2024
1616 3382
73 2926
986 2013
668 2331
578 2421
163 2836
1459 3539
807 2192
1829 3169
1047 3951
1938 3060
144 2855
616 2383
62 2937
1834 3164
1285 3713
286 2713
952 2047
1152 3846
496 2503
132 2867
1815 3183
457 2542
797 2202
1710 3288
1776 3222
1701 3297
1855 3143
864 2135
1418 3580
1668 3330
1618 3380
1918 3080
1628 3370
960 2039
640 2359
1951 3047
1221 3777
666 2333
735 2264
608 2391
1396 3602
384 2615
676 2323
1632 3366
1048 3950
667 2332
698 2301
1237 3761
1742 3256
1546 3452
1540 3458
1306 3692
1457 3541
1962 3036
1366 3632
205 2794
1990 3008
1543 3455
1767 3231
1439 3559
1712 3286
1083 3915
1863 3135
1318 3680
1391 3607
466 2533
1292 3706
304 2695
947 2052
131 2868
1787 3211
565 2434
430 2569
1905 3093
501 2498
877 2122
1022 3976
72 2927
9 2990
329 2670
426 2573
1850 3148
242 2757
694 2305
1947 3051
1887 3111
268 2731
371 2628
5 2994
918 2081
476 2523
1551 3447
1894 3104
940 2059
360 2639
1279 3719
21 2978
568 2431
982 2017
1761 3237
1468 3530
385 2614
1305 3693
330 2669
796 2203
67 2932
1435 3563
370 2629
1273 3725
993 2006
549 2450
1964 3034
1985 3013
1560 3438
1979 3019
1904 3094
869 2130
634 2365
1893 3105
551 2448
771 2228
1103 3895
539 2460
1899 3099
1335 3663
1641 3357
772 2227
1881 3117
1720 3278
1354 3644
428 2571
1971 3027
1120 3878
1444 3554
1269 3729
1259 3739
241 2758
1816 3182
752 2247
1324 3674
1949 3049
108 2891
1172 3826
1545 3453
1210 3788
1509 3489
526 2473
143 2856
1903 3095
1661 3337
1934 3064
431 2568
1969 3029
656 2343
870 2129
1574 3424
189 2810
1567 3431
519 2480
919 2080
709 2290
460 2539
705 2294
1144 3854
1660 3338
1398 3600
560 2439
1913 3085
1428 3570
15 2984
1298 3700
1659 3339
1562 3436
1711 3287
1110 3888
966 2033
1895 3103
909 2090
444 2555
27 2972
111 2888
1759 3239
854 2145
100 2899
204 2795
1553 3445
847 2152
1745 3253
279 2720
1487 3511
1108 3890
1968 3030
56 2943
43 2956
1201 3797
399 2600
1502 3496
790 2209
719 2280
984 2015
1148 3850
266 2733
1700 3298
1514 3484
1731 3267
1919 3079
1043 3955
517 2482
1878 3120
900 2099
395 2604
625 2374
516 2483
1874 3124
1382 3616
548 2451
1825 3173
888 2111
714 2285
690 2309
1842 3156
403 2596
658 2341
135 2864
188 2811
1394 3604
1844 3154
1000 3998
1626 3372
530 2469
1747 3251
1470 3528
1454 3544
1202 3796
644 2355
1988 3010
1497 3501
899 2100
768 2231
707 2292
112 2887
31 2968
1411 3587
1020 3978
1944 3054
793 2206
721 2278
1026 3972
1433 3565
567 2432
1422 3576
1736 3262
1032 3966
1116 3882
151 2848
1179 3819
12 2987
1174 3824
1496 3502
1246 3752
1756 3242
489 2510
1703 3295
978 2021
290 2709
572 2427
1908 3090
1900 3098
942 2057
248 2751
1803 3195
314 2685
478 2521
1037 3961
271 2728
419 2580
1456 3542
1348 3650
480 2519
1373 3625
1570 3428
1596 3402
598 2401
1709 3289
1363 3635
1052 3946
1155 3843
799 2200
88 2911
1511 3487
121 2878
1739 3259
1883 3115
831 2168
1495 3503
383 2616
283 2716
1902 3096
1866 3132
809 2190
1890 3108
1693 3305
49 2950
54 2945
1768 3230
316 2683
1432 3566
791 2208
1734 3264
1140 3858
932 2067
1779 3219
1214 3784
1769 3229
1810 3188
392 2607
1408 3590
344 2655
355 2644
871 2128
1474 3524
217 2782
863 2136
557 2442
829 2170
253 2746
85 2914
1230 3768
1004 3994
974 2025
77 2922
1580 3418
1644 3354
129 2870
84 2915
207 2792
341 2658
98 2901
1650 3348
488 2511
1872 3126
1965 3033
1265 3733
1927 3071
446 2553
1337 3661
1231 3767
1599 3399
159 2840
115 2884
134 2865
811 2188
1675 3323
1648 3350
337 2662
1288 3710
1188 3810
350 2649
996 2003
1040 3958
1480 3518
1748 3250
1676 3322
1410 3588
433 2566
1749 3249
843 2156
1806 3192
367 2632
1820 3178
1646 3352
814 2185
1146 3852
1841 3157
146 2853
830 2169
101 2898
1208 3790
1563 3435
105 2894
1718 3280
1535 3463
1189 3809
1655 3343
1153 3845
1476 3522
1383 3615
621 2378
1569 3429
1578 3420
546 2453
970 2029
579 2420
765 2234
192 2807
1101 3897
948 2051
348 2651
855 2144
1314 3684
1107 3891
1835 3163
1823 3175
1695 3303
541 2458
162 2837
40 2959
1584 3414
1933 3065
185 2814
1651 3347
94 2905
1036 3962
786 2213
342 2657
1308 3690
180 2819
339 2660
832 2167
1472 3526
274 2725
1790 3208
1297 3701
1737 3261
1888 3110
728 2271
417 2582
1591 3407
1914 3084
486 2513
190 2809
1822 3176
1440 3558
1086 3912
398 2601
1714 3284
708 2291
1493 3505
1278 3720
969 2030
1687 3311
487 2512
802 2197
1824 3174
1627 3371
449 2550
1929 3069
141 2858
747 2252
1397 3601
935 2064
521 2478
1556 3442
281 2718
838 2161
45 2954
1236 3762
812 2187
1270 3728
757 2242
3 2996
195 2804
1843 3155
776 2223
1846 3152
1897 3101
1271 3727
282 2717
510 2489
591 2408
801 2198
508 2491
1331 3667
1240 3758
1217 3781
1325 3673
1819 3179
1400 3598
1242 3756
890 2109
581 2418
1173 3825
1291 3707
167 2832
1945 3053
1928 3070
470 2529
1664 3334
450 2549
525 2474
647 2352
1972 3026
1091 3907
1347 3651
1329 3669
418 2581
313 2686
613 2386
1601 3397
593 2406
1504 3494
912 2087
1939 3059
232 2767
254 2745
760 2239
643 2356
391 2608
889 2110
1342 3656
1171 3827
1802 3196
1075 3923
1726 3272
1552 3446
14 2985
10 2989
1994 3004
1542 3456
511 2488
353 2646
1960 3038
1055 3943
1547 3451
933 2066
1877 3121
454 2545
1093 3905
225 2774
1118 3880
103 2896
1448 3550
6 2993
20 2979
1973 3025
51 2948
1757 3241
524 2475
1625 3373
455 2544
1136 3862
1783 3215
1377 3621
1323 3675
685 2314
1131 3867
1035 3963
1707 3291
172 2827
586 2413
1722 3276
354 2645
691 2308
425 2574
1369 3629
1415 3583
619 2380
819 2180
1376 3622
1922 3076
1946 3052
374 2625
472 2527
169 2830
886 2113
1299 3699
152 2847
1463 3535
650 2349
834 2165
1446 3552
1647 3351
1327 3671
414 2585
186 2813
1770 3228
926 2073
1728 3270
1378 3620
1395 3603
1967 3031
373 2626
569 2430
1126 3872
1694 3304
1501 3497
1426 3572
1624 3374
934 2065
1168 3830
741 2258
783 2216
409 2590
602 2397
1536 3462
821 2178
959 2040
96 2903
396 2603
1741 3257
465 2534
1510 3488
1307 3691
74 2925
452 2547
475 2524
259 2740
413 2586
52 2947
300 2699
976 2023
1465 3533
749 2250
402 2597
849 2150
1176 3822
257 2742
1554 3444
1290 3708
887 2112
1885 3113
837 2162
833 2166
1199 3799
1713 3285
618 2381
1241 3757
1832 3166
1833 3165
1015 3983
127 2872
897 2102
1499 3499
41 2958
1924 3074
580 2419
1392 3606
1735 3263
1228 3770
1425 3573
746 2253
1604 3394
387 2612
467 2532
1437 3561
228 2771
221 2778
1169 3829
484 2515
576 2423
742 2257
891 2108
1764 3234
410 2589
1780 3218
1565 3433
1339 3659
175 2824
1117 3881
851 2148
1564 3434
352 2647
585 2414
905 2094
443 2556
1799 3199
451 2548
13 2986
679 2320
1845 3153
1590 3408
798 2201
699 2300
1860 3138
1986 3012
1491 3507
361 2638
724 2275
412 2587
1223 3775
345 2654
236 2763
