1998
501 3489
1406 1409
409 3620
178 180
1293 2899
3459 3460
2532 2533
112 3846
1726 1727
538 3430
644 3352
2611 2612
2471 2472
2887 2892
741 3377
3698 3699
611 3381
71 3871
426 3563
3067 3068
976 2969
560 3505
2782 2783
1589 2391
2890 2891
1568 1571
2233 2235
1856 1887
374 3664
623 3469
117 3839
234 3752
2625 2631
1295 1297
1413 2590
375 3662
3666 3667
1077 3032
222 3818
3305 3306
490 3507
259 3757
2356 2359
2827 2840
344 3622
348 349
864 866
304 3725
1574 1576
928 3198
663 665
1737 2210
1474 2509
529 3531
1382 1383
1670 2021
1210 1211
2613 2628
537 3433
828 3268
661 668
533 534
867 3148
2950 2954
2037 2156
1020 2920
1949 1950
3431 3432
1097 3016
377 3661
2503 2505
1094 1095
1626 2551
3109 3111
1193 1195
952 2995
1487 1490
733 3389
1855 1857
107 3943
1515 1524
179 3792
1501 2637
1999 2038
438 3587
226 3764
1915 1922
62 3967
481 3565
1226 2931
838 3264
707 3426
1055 1056
340 341
1717 1750
969 2977
1951 1960
891 896
2677 2678
819 823
676 677
982 2963
1486 2499
2922 2933
1477 1479
2368 2384
1866 1868
1109 2875
391 3593
70 3962
22 3915
648 3464
147 3906
1714 1867
612 613
1975 1977
502 3483
1208 2760
3122 3124
2928 2929
105 3850
82 3864
241 242
1554 1565
1031 3083
2927 2930
1485 2502
659 3322
3060 3065
946 3012
197 3778
2652 2654
999 3146
465 3527
2269 2270
816 3280
2507 2513
2550 2554
3199 3202
505 3477
775 3334
654 655
2619 2624
433 3592
326 3657
2946 2947
63 3966
3285 3288
804 806
2061 2071
422 3599
1569 1575
246 3779
627 633
387 388
314 3709
974 3165
1410 2726
575 583
1678 1691
2161 2171
3365 3366
402 3586
393 3647
3119 3123
2983 2986
754 3275
1130 1132
2960 2961
1262 2663
884 3126
2937 2941
1544 1550
961 3178
1392 2595
2011 2013
1779 1780
80 3865
1644 1731
1266 1286
1045 3076
1312 1313
2539 2541
2825 2826
965 971
585 587
2855 2864
2547 2548
59 3885
1296 2648
184 3790
2882 2885
1110 1116
1917 1921
2854 2862
1133 1142
484 3510
1900 1904
1647 1689
1909 1919
91 3952
544 3522
1186 2973
1641 2212
1415 2717
372 3669
2832 2833
1300 2638
2491 2492
1762 1765
1191 2799
1503 1504
181 3866
317 3675
1987 1993
1418 2705
656 3453
1603 1604
2918 2923
746 3283
3184 3185
90 3859
2714 2743
261 3727
3519 3520
2828 2837
1671 2019
3392 3393
2403 2405
3138 3139
1876 1889
1194 2972
1258 1259
2325 2326
688 3448
1250 2688
1181 2981
702 3437
9 3926
530 3446
3046 3047
277 3705
2340 2342
615 3380
2251 2255
1513 2477
2002 2010
212 3824
1656 1679
830 833
1314 1316
2738 2742
755 3272
517 3456
1121 2839
660 3319
254 3739
142 3809
737 3378
2842 2868
1658 2495
2563 2564
1395 1400
3356 3357
2211 2215
435 3591
1042 2902
1453 1455
243 3780
1529 2438
2152 2155
1818 2135
2561 2573
2740 2755
680 3311
2952 2953
1523 2469
325 3706
1022 2919
1472 2538
3055 3056
535 536
1494 2482
2142 2143
509 3473
2771 2773
1229 2915
1781 2159
365 370
1901 1905
1021 1028
3092 3094
657 658
1425 1427
2850 2866
121 3937
132 3928
712 726
1821 1828
1003 1008
131 3931
1135 1137
2649 2650
276 3711
1225 2932
1098 3010
498 3550
188 3851
2057 2060
474 3521
1502 2618
196 3835
488 3508
820 3190
567 571
1469 1471
840 3160
2736 2737
72 3961
1422 2589
224 3765
2349 2351
616 3379
646 647
1810 1816
1004 3137
949 3182
547 549
1967 2108
2098 2105
1843 2109
2938 2940
1163 2985
1294 2889
782 3227
1086 2877
46 3899
1660 2389
1733 1740
1241 1282
1342 1345
2451 2453
3302 3303
403 3584
805 3212
670 3315
1973 1992
2117 2122
1062 3054
825 826
3295 3299
845 855
626 3354
966 2989
967 2979
698 3440
3135 3136
907 3105
3004 3006
1304 1309
231 3795
883 3127
2531 2534
1291 1292
19 3917
2470 2473
1511 2480
2445 2449
2193 2200
1236 1283
457 3538
274 3714
552 3423
1131 2821
822 824
2424 2427
2844 2849
1458 2546
1218 2943
31 3980
1289 2903
1215 2754
1852 1964
778 3237
1707 1708
863 865
3328 3329
1053 1059
1091 1092
441 3552
2110 2115
649 3463
625 3363
2604 2606
1301 2636
306 3722
1470 1481
653 3461
18 3986
1144 1148
2706 2709
1014 3091
701 706
456 3539
1654 1683
1537 1538
1668 2032
171 3796
785 3225
2264 2272
643 3466
1044 3077
480 482
366 3672
3117 3120
288 3686
249 3769
914 3211
2402 2404
2390 2467
3130 3131
871 3144
2157 2160
2127 2129
447 3572
1246 2694
1204 1205
1390 2790
140 3812
164 3886
3129 3132
1461 1462
2703 2707
286 3691
1528 1530
835 3177
1783 1786
459 3537
1880 1884
2194 2195
271 3717
1268 1274
413 3615
846 3254
383 3652
515 3546
2644 2647
1219 2934
2784 2786
2383 2385
3626 3631
842 3256
312 3680
3099 3100
2584 2598
451 3542
546 3429
1002 3142
134 3925
3435 3441
2440 2442
504 506
902 905
2253 2254
2279 2288
154 3894
279 3704
1770 1772
3118 3128
3238 3241
2965 2966
2956 2958
809 3209
3277 3281
199 3834
452 3540
2303 2304
191 3785
1761 1763
1249 2689
622 3470
333 3702
469 3524
1402 1405
1099 1104
1784 1785
874 3243
3171 3172
832 836
1624 1625
2751 2753
159 3802
678 679
414 3577
2468 2483
35 3976
2659 2662
1613 2614
3062 3063
531 3444
1796 1809
1063 2900
1989 1990
1337 1339
1558 1559
316 3707
2058 2107
1386 1387
1983 1985
3490 3494
470 471
3340 3345
1024 1025
1886 1888
1824 1825
686 3449
269 270
3174 3175
1346 2630
594 3405
739 3291
512 3465
1858 1879
1637 2549
303 3726
1475 2508
1429 2702
1169 2984
444 3548
1795 1817
2 3930
334 3628
115 3841
491 3506
1551 2425
524 3535
1355 2798
289 3685
605 3387
910 3215
709 720
1669 2031
1432 2699
165 3798
227 3813
5 3993
3173 3176
2701 2711
751 3368
3088 3093
1758 1776
1136 1138
1548 1585
1349 1350
895 3112
399 3636
555 556
518 3455
1492 1495
172 3794
1476 1480
1435 2696
390 3649
2023 2027
607 608
1118 3008
889 3125
586 589
89 3953
1846 1849
1639 2217
238 3783
3327 3333
74 3960
460 3536
1839 1840
2510 2524
922 3203
1360 1378
885 888
1271 1273
732 3293
79 3867
1112 1114
1570 1573
2337 2343
143 3808
1636 2226
1073 3033
2073 2096
1185 2980
1798 1813
2302 2330
931 935
813 3287
1718 1719
2319 2321
2064 2065
1493 2486
1393 2594
32 3979
2333 2353
511 3472
1659 2494
2222 2245
315 3708
1505 1506
2446 2447
1713 1715
1655 2501
899 3220
1033 1035
173 3875
1673 1677
1248 1281
1883 1885
2040 2103
2728 2729
360 3678
941 3026
1306 1308
129 3819
3038 3049
2484 2485
78 81
148 3807
1385 1388
692 3443
1318 2819
3239 3240
1153 2996
1167 1168
1213 2948
1638 2224
440 3553
1744 1766
1426 2704
1748 1749
1877 1878
3114 3115
195 3843
235 3784
420 3603
301 307
353 354
731 3391
2197 2198
1657 2500
2177 2292
308 3720
543 3526
497 3555
2229 2230
2267 2271
1178 1179
37 3903
3384 3386
858 3252
1680 1681
40 3975
1332 2811
419 3606
2070 2090
1354 2805
879 3233
33 3978
577 578
499 3498
1591 1592
189 3848
3308 3310
2084 2087
523 3541
2400 2407
3013 3014
310 3682
10 3924
3712 3715
548 3512
2585 2588
1958 1965
1117 3009
113 3842
2397 2412
2234 2237
1924 1939
973 2970
1240 1242
943 3189
994 997
3075 3084
1334 2809
1048 1050
3186 3187
3085 3086
183 3860
1527 2439
415 3612
139 3814
2091 2092
1005 1006
1166 2806
1536 2428
43 3974
1910 1912
1221 1223
2667 2669
2310 2317
1085 2878
860 3246
968 2978
236 237
750 3370
761 3270
685 3307
45 3900
2781 2785
2239 2242
206 3829
2236 2244
844 3155
1403 1404
3402 3404
2162 2170
1933 1935
161 3800
1182 1184
202 3832
1329 1330
710 3419
272 3716
343 3695
2841 2869
768 769
1361 1374
2111 2113
2173 2182
711 3415
564 3414
2788 2789
2257 2295
978 3161
2431 2433
1497 1498
989 3150
245 3749
2734 2735
1595 2387
1946 1961
765 767
410 3616
1326 2816
1275 1277
1377 1384
282 3696
1755 1757
2529 2530
1376 2599
1723 1729
185 3787
122 3936
260 3756
979 3159
699 3439
1703 1709
1331 2814
2777 2778
152 3904
637 638
1260 2671
1564 1566
2756 2759
176 3869
1620 2569
992 3149
724 725
3194 3197
2767 2775
1414 1421
468 3569
1417 1419
2346 2347
42 3901
153 3898
2601 2602
2204 2219
1807 1808
120 2587
210 3771
2025 2029
223 3766
1441 2581
565 3412
3556 3559
3030 3041
1125 3001
2178 2290
25 3914
759 3349
1093 3018
909 3217
1741 1746
2536 2537
1106 1107
1724 1730
703 3436
2621 2622
794 3223
103 3946
911 3213
7 3992
110 3941
1845 1850
2715 2732
3735 3740
2083 2088
1067 2881
684 3309
250 3768
149 3806
3 3995
1379 1380
1478 2506
3688 3689
2218 2223
2249 2256
311 3710
361 3674
1037 2905
1971 1981
2213 2214
2411 2448
280 3742
717 718
416 3610
2414 2429
2633 2634
2557 2562
558 3418
757 758
1452 1456
1525 2464
363 3673
1923 1947
1305 2870
1942 1963
1252 2687
1734 1739
561 3417
3838 3840
367 3671
938 3045
545 3516
446 3573
1189 1190
427 3597
2265 2273
2944 2945
36 3905
429 3561
454 458
27 3912
244 3750
233 3753
576 3501
1352 2610
448 3547
792 796
356 357
2165 2167
1397 1398
998 3147
1445 2575
2676 2684
1535 2430
900 3108
2128 2133
24 3982
1047 1051
704 3434
1541 1586
3335 3336
1545 1546
500 3497
477 3514
4 3994
1129 3000
2474 2475
1251 1276
2308 2309
483 3564
2896 2898
1446 2692
1532 2435
2232 2238
2465 2466
144 3918
2166 2169
1192 2796
1459 1465
299 3683
1605 2382
2769 2772
916 3208
1782 1790
1672 2018
2059 2072
1017 1029
102 3947
1646 2521
734 3385
2525 2535
790 791
772 3341
232 3791
1777 1788
1071 3035
588 3486
17 3987
258 3728
669 671
894 3113
439 3554
23 3983
1549 1584
208 3773
3314 3318
2393 2458
1322 2818
2452 2454
617 3376
2515 2519
2997 2998
220 3767
1234 2910
158 3804
2320 2360
3343 3344
462 3534
803 3332
735 738
1555 1560
856 859
2006 2008
1994 1995
1651 1652
2186 2252
2372 2375
926 3200
1925 1936
2974 2975
1263 1265
1463 1464
614 3479
1151 1152
2020 2036
52 3972
875 3242
1539 2426
936 940
1552 1553
1143 2815
786 797
1443 2576
262 3723
1567 1579
1753 1754
2314 2316
3066 3073
1162 2808
2583 2586
897 3110
108 3942
162 3799
1336 1338
2514 2523
695 3296
957 2991
53 3971
2401 2406
1881 1882
1797 1803
2907 2908
963 964
1926 1927
919 3205
39 41
1302 2880
574 3503
752 753
1614 2609
2874 2876
3247 3257
2081 2089
126 3826
2641 2680
634 642
2489 2493
3579 3580
294 298
2130 2131
1323 1324
986 993
1894 1897
130 3932
604 609
1938 1940
877 3133
51 3889
1916 1918
1510 1512
1674 1675
47 3897
898 3221
1702 2012
2334 2352
14 3989
1516 1519
485 3558
2607 2608
1052 1061
2263 2278
2373 2374
880 882
2063 2066
1645 1695
21 3984
95 3951
2757 2758
2857 2859
2921 2935
263 3755
985 2942
1759 1760
16 3921
747 749
1998 2009
351 358
1065 2897
1988 1991
55 3888
1531 2437
1892 1893
2172 2174
2653 2656
1171 1173
401 3589
1315 1333
2730 2731
2936 2939
228 3810
2626 2627
182 3861
335 3627
1806 1811
1872 1895
1984 1986
2120 2121
1648 2520
405 3634
2260 2261
297 300
1621 1627
1725 1728
2616 2617
2395 2415
870 873
1556 1583
1202 2766
3156 3157
1577 1578
290 291
257 3734
683 3450
1500 2481
1335 1347
1177 2982
2733 2765
424 3568
1848 1854
1102 1103
2332 2355
812 3207
1311 2823
1038 1040
3908 3909
827 3278
2871 2872
467 3570
123 3935
1319 1320
1420 1423
933 3059
970 2976
817 3191
1325 2817
2189 2190
1198 1200
1170 2804
1543 1547
596 597
169 3878
934 3058
453 455
1134 1139
2674 2685
2565 2567
917 3206
2024 2026
2336 2338
1140 1141
1000 3143
1732 1736
1611 1612
437 3560
1180 1183
1124 3002
1978 1982
1661 2386
3371 3372
252 3761
476 3518
3258 3261
1161 2987
255 3736
956 2992
1952 1997
408 3582
962 2990
87 3862
975 3164
323 3658
486 487
1120 2843
1534 2432
694 3297
44 3973
13 3922
1792 2158
76 3958
1284 1285
192 3845
1862 1873
1412 2724
1841 2125
1206 2971
818 3279
1023 1026
1628 2296
2455 2457
2904 2909
3601 3604
283 3741
1407 2776
463 3571
2285 2286
329 3632
336 338
1526 2460
799 3216
3096 3106
218 3822
681 3452
568 3408
2339 2341
1615 2354
2034 2035
1617 2603
56 3887
2369 2380
2329 2331
3248 3251
309 3718
554 3421
559 3509
436 3588
2205 2206
138 3815
65 3877
320 3668
2462 2463
1930 1931
603 3388
2014 2016
96 3855
98 3949
519 3454
28 3911
54 3970
450 3544
3499 3500
2490 2497
1220 1222
787 788
937 3050
1064 3036
1863 1865
1499 2683
2119 2126
590 3407
591 3485
20 3985
321 3665
621 3471
1597 1601
1032 1034
951 955
1907 1908
516 3545
2526 2527
2906 2911
2540 2544
743 3373
94 3856
430 434
2307 2328
774 3259
780 3234
2184 2259
2988 2993
784 802
2568 2571
2949 2957
942 3025
264 3754
34 3977
229 3803
773 3339
12 3923
1317 1321
744 3284
2077 2079
412 3578
2820 2822
213 217
6 3929
125 3934
1794 2147
175 3873
2542 2543
1700 2015
1837 1838
445 3574
38 3902
1196 1197
190 3847
3087 3089
1127 2834
136 3920
68 3963
155 3893
771 3342
1742 1743
1557 1582
3320 3321
2511 2512
675 3312
368 369
221 3821
3655 3659
266 3746
203 3775
1364 1365
521 527
421 3602
995 996
1424 1428
878 3235
2305 2306
2100 2104
1288 2655
2517 2522
1433 2698
1590 2388
1396 1399
1819 1830
2176 2179
3020 3021
1701 1710
1081 1083
944 3023
776 3244
2289 2291
2408 2410
652 3462
1119 1122
1046 1049
104 3945
186 3786
2201 2246
2138 2139
798 801
674 3313
1254 1255
496 3502
3399 3401
1082 2879
1751 1752
869 3245
1932 1934
610 3480
92 3858
1711 1871
1232 2752
2067 2068
953 954
912 3101
350 3684
2651 2673
1368 1371
2434 2436
1057 1058
740 3289
977 2968
2741 2750
2768 2770
1054 3074
58 3968
141 3811
204 3831
2049 2053
532 3530
146 3913
2422 2423
781 3228
345 3694
700 3438
1278 1279
2399 2450
3140 3141
2416 2421
852 853
789 793
886 887
522 3543
760 3271
1036 2912
60 3884
49 3895
1664 2313
1261 2665
2042 2045
1517 1518
2076 2094
1351 2629
163 3890
1157 2813
2639 2640
2000 2001
352 3619
1799 1800
305 3724
396 400
1087 1088
950 3007
2148 2150
449 461
2202 2203
1649 1653
2298 2301
1482 1491
133 3927
1488 1489
1201 2787
2281 2282
2719 2720
194 3844
848 854
2371 2376
972 3166
93 3857
1801 1802
1299 2886
1096 3017
714 719
2516 2518
1018 1019
1944 1945
550 3427
15 3988
831 3267
268 3719
2153 2154
745 748
715 716
2642 2643
3231 3232
2478 2479
359 3681
618 3478
2591 2592
251 3744
728 3294
2917 2924
160 3801
1013 3095
1650 2504
1401 2779
2297 2299
2048 2050
101 3852
1041 3080
573 3504
3051 3053
876 3236
114 3939
1030 2913
696 722
2074 2095
3640 3642
381 3660
557 3420
2856 2858
67 3964
99 3948
815 3192
1199 2794
1111 1115
239 3751
2774 2780
1508 1509
1060 3072
525 526
2123 2124
1343 1344
932 3061
293 3732
1126 2838
641 3467
1521 2476
2051 2052
808 3210
584 3487
901 906
69 3872
2344 2350
872 3134
2207 2208
1356 2797
3495 3496
1684 1686
386 389
579 3493
214 216
135 3816
2853 2865
137 3919
843 3255
3079 3082
248 3747
342 3697
947 3183
128 3933
339 3700
1145 1155
2345 2348
520 3447
2030 2033
3097 3102
1540 1542
295 3731
1941 1943
3398 3413
2324 2327
908 3218
2660 2661
2275 2276
1596 1606
1899 1906
256 3758
2322 2323
1233 2745
713 721
1216 1228
292 3733
198 3777
983 987
385 3594
861 3153
157 3892
1623 2555
635 640
514 3457
1869 1870
265 3721
30 3907
651 3351
29 3910
2716 2725
929 3193
240 3781
1256 1269
691 3301
1188 2801
1079 3029
1911 1913
2577 2578
1238 1239
88 3954
73 3870
2054 2056
697 3442
1594 2615
1791 1793
2141 2146
1619 2570
705 3428
150 151
337 3625
2097 2106
3607 3609
890 3229
2168 2188
2846 2847
3410 3411
66 3965
1394 1411
606 3382
915 3064
2311 2312
1953 1956
624 3369
1778 1787
3323 3346
2829 2831
1835 2132
2681 2682
423 3575
1704 1948
1105 1108
75 3959
373 3611
2080 2086
193 3782
1408 2727
1773 1775
230 3797
2116 2151
2315 2318
347 3621
629 630
1598 1602
111 3940
807 3331
601 3395
2747 2748
3637 3641
2003 2007
2579 2582
3762 3763
3639 3643
1769 1771
1437 1439
2041 2102
2791 2793
1460 1466
599 600
11 3990
1756 1764
1768 2164
145 3916
1290 2901
2999 3005
215 3823
1001 1016
2181 2287
1373 1375
1690 1693
708 3425
2262 2293
1440 1444
2658 2672
764 3262
581 3491
2209 2216
2860 2861
247 3748
404 3635
1599 1600
503 3482
1362 1372
1235 1287
2231 2247
3347 3350
428 3562
1381 2795
1698 1722
201 3776
990 991
645 650
528 3532
406 3583
2199 2250
981 2964
1496 2686
980 3154
592 3484
209 3772
322 3663
3273 3274
319 3670
170 3876
1812 1815
1774 2163
881 3230
3222 3224
219 3770
1075 1076
1090 3019
331 3629
2848 2873
1823 1826
475 3566
1237 2744
397 3644
1822 1827
1902 1903
77 3868
1 3996
841 3158
1172 2803
382 3653
3788 3789
1070 1074
2763 2764
1159 2810
225 3817
1853 1890
473 3523
380 3600
1298 2888
2443 2444
834 3180
3070 3071
2258 2294
84 3956
913 3098
800 3214
1716 1789
1243 1244
2046 2047
118 3837
371 3617
3337 3338
566 3409
332 3703
3613 3614
1622 2566
313 3679
392 3648
2225 2243
2708 2710
1692 1694
1520 1522
1663 2361
730 3394
3304 3326
766 3348
1483 1484
903 904
628 631
2004 2005
267 273
2620 2623
2365 2367
620 3375
892 3121
2183 2274
2746 2749
287 3687
1712 1720
2075 2078
64 3879
3024 3027
2396 2456
1100 1101
127 3820
1080 1084
3037 3052
862 3151
378 379
1245 2713
3057 3069
582 3488
1447 1448
1616 2335
207 3827
364 3618
810 3330
1449 2560
693 3298
2739 2761
200 3833
2951 2955
1027 2914
1247 2690
1454 2556
3039 3043
2851 2867
61 3880
3654 3656
1015 3090
742 3374
1457 2691
632 3468
2574 2600
2496 2498
945 3015
3358 3359
1358 1359
1217 1224
1128 2830
1832 1842
1804 1805
1610 2357
2852 2863
3103 3104
1954 1996
168 3881
1270 1272
466 3525
2136 2140
762 3269
97 3950
285 3692
598 3481
1682 1685
100 3854
57 3969
2398 2409
464 3533
736 3383
1348 2807
1207 1209
1640 2545
86 3955
1697 2017
1010 1011
1353 2605
2695 2697
472 3567
984 2959
205 3774
2118 2149
1007 1009
1969 1970
3515 3517
478 3513
431 3596
2175 2180
829 3181
1473 2528
1581 1587
1357 1367
1160 2994
328 3646
493 494
1914 1937
1860 1864
1666 2300
1039 3081
327 3650
156 3805
50 3891
1561 1562
783 3226
2185 2187
1629 1630
507 3476
395 3590
417 3608
756 3361
432 3595
2962 2967
2893 2894
690 3445
3624 3633
1687 1688
1609 2358
1389 2792
1303 2635
540 541
3249 3250
124 3828
666 667
2487 2488
1507 1593
1431 2700
1979 1980
2370 2378
2666 2668
26 3981
3163 3167
1829 1847
1834 1836
346 3690
3040 3042
1450 2559
1745 1747
384 3651
2277 2284
539 3529
1957 1966
857 3253
2883 2884
83 3957
3195 3196
1814 1820
2800 2802
1859 1875
2055 2093
1676 1696
1267 1280
1665 1667
119 3836
2062 2069
278 3745
3355 3362
1174 1176
2220 2221
553 3422
664 672
1310 2632
1227 2916
636 639
662 673
2664 2670
682 3451
1451 2558
1699 1721
3290 3292
1735 1738
795 3219
2718 2722
1363 1366
3737 3738
187 3853
3276 3282
562 572
2228 2248
2280 2283
85 3863
2552 2553
1123 3003
960 3179
777 779
2377 2379
1767 2192
925 3201
508 3474
284 3693
1430 3830
443 3551
580 3492
1434 1438
442 3585
2413 2441
275 3713
3364 3367
687 689
1089 3022
1012 3107
3759 3760
296 3730
166 3883
3353 3360
1618 2572
1514 1533
770 3260
1861 1874
811 3300
174 3874
1635 2227
1955 1972
1072 3034
1253 1257
1264 2657
602 3390
510 3549
3316 3317
1436 2693
1442 2580
1705 1920
167 3882
489 3557
2191 2196
425 3598
569 570
2459 2461
1631 1632
1467 1468
513 3458
1369 1370
1831 1833
376 3605
3400 3403
492 495
595 3396
1078 3031
479 3511
1113 2845
1706 1896
814 3286
849 851
2240 2241
2394 2417
847 850
918 930
1844 1851
109 3849
893 3116
1662 2362
920 927
2134 2137
2363 2364
211 3825
1175 1187
1154 1156
1968 2039
1391 2596
1307 2824
1068 1069
48 3896
2925 2926
2144 2145
948 3011
1642 1643
921 3204
563 3416
1203 2762
2044 2099
1633 1634
821 3188
868 3145
1959 1962
1928 1929
1164 1165
2675 2679
3324 3325
939 3028
3168 3170
1212 1214
1588 2419
281 3701
302 3729
2645 2646
2721 2723
619 3475
729 3397
2366 2381
1416 2712
1563 1572
2043 2101
988 3152
2112 2114
411 3581
253 3743
1230 1231
542 3528
1607 1608
177 3793
1149 1150
2835 2836
551 3424
418 3576
2392 2418
3162 3169
839 3263
763 3266
958 959
106 3944
2593 2597
8 3991
1974 1976
2266 2268
1043 3078
1891 1898
355 362
923 924
593 3406
3676 3677
1327 1328
1158 2812
3044 3048
1066 2895
318 324
1146 1147
2082 2085
394 3645
837 3265
1340 1341
407 3623
2022 2028
330 3630
116 3938
1580 2420
723 727
398 3638
