2000
1113 2888
1533 2468
1973 2028
387 3614
491 3510
1858 2143
1583 2418
738 3263
1796 2205
1775 2226
805 3196
1013 2988
1669 2332
821 3180
515 3486
677 3324
197 3804
901 3100
1058 2943
503 3498
362 3639
1265 2736
1319 2682
1477 2524
1944 2057
942 3059
136 3865
251 3750
813 3188
175 3826
1453 2548
1914 2087
734 3267
129 3872
1556 2445
1409 2592
301 3700
1961 2040
787 3214
1272 2729
671 3330
358 3643
1337 2664
188 3813
1161 2840
1024 2977
1698 2303
1401 2600
797 3204
1498 2503
1395 2606
1465 2536
1147 2854
1138 2863
224 3777
1686 2315
64 3937
580 3421
1068 2933
1532 2469
1783 2218
1509 2492
96 3905
1710 2291
288 3713
1820 2181
1510 2491
996 3005
612 3389
1292 2709
924 3077
1769 2232
1392 2609
504 3497
138 3863
1568 2433
613 3388
13 3988
1101 2900
1702 2299
1124 2877
705 3296
253 3748
1418 2583
810 3191
1130 2871
951 3050
167 3834
1122 2879
1876 2125
359 3642
585 3416
1063 2938
1330 2671
991 3010
1506 2495
225 3776
547 3454
174 3827
429 3572
1362 2639
256 3745
530 3471
1683 2318
679 3322
189 3812
1588 2413
1189 2812
82 3919
1611 2390
1114 2887
1353 2648
1066 2935
285 3716
979 3022
1280 2721
795 3206
887 3114
1204 2797
247 3754
978 3023
1621 2380
1522 2479
1350 2651
1385 2616
315 3686
771 3230
1185 2816
1263 2738
354 3647
1887 2114
1212 2789
1084 2917
1011 2990
1027 2974
185 3816
203 3798
446 3555
440 3561
1921 2080
604 3397
1564 2437
1117 2884
875 3126
494 3507
1953 2048
1355 2646
1099 2902
436 3565
610 3391
1190 2811
455 3546
1917 2084
1545 2456
714 3287
1650 2351
743 3258
1248 2753
35 3966
273 3728
304 3697
1243 2758
1359 2642
1687 2314
1985 2016
1678 2323
1980 2021
516 3485
710 3291
1021 2980
1901 2100
986 3015
1446 2555
112 3889
1546 2455
320 3681
1211 2790
670 3331
1552 2449
497 3504
1003 2998
243 3758
376 3625
1869 2132
1717 2284
360 3641
662 3339
392 3609
1620 2381
1470 2531
551 3450
1329 2672
1444 2557
815 3186
427 3574
935 3066
22 3979
1587 2414
1676 2325
1325 2676
447 3554
1523 2478
682 3319
1930 2071
381 3620
457 3544
1543 2458
590 3411
349 3652
1277 2724
1734 2267
1041 2960
1792 2209
305 3696
1926 2075
1428 2573
472 3529
261 3740
1146 2855
385 3616
278 3723
291 3710
1181 2820
1127 2874
299 3702
1542 2459
470 3531
1172 2829
1595 2406
1575 2426
832 3169
820 3181
1745 2256
545 3456
1701 2300
632 3369
703 3298
1855 2146
312 3689
1219 2782
1781 2220
412 3589
1859 2142
1324 2677
560 3441
1150 2851
1709 2292
423 3578
1771 2230
402 3599
1743 2258
776 3225
943 3058
909 3092
784 3217
366 3635
1605 2396
745 3256
992 3009
1340 2661
1777 2224
147 3854
73 3928
1102 2899
1437 2564
1574 2427
146 3855
878 3123
1612 2389
404 3597
1581 2420
1740 2261
1645 2356
1959 2042
696 3305
767 3234
1764 2237
184 3817
1025 2976
1278 2723
1416 2585
833 3168
510 3491
460 3541
468 3533
182 3819
40 3961
386 3615
372 3629
375 3626
796 3205
534 3467
1383 2618
1782 2219
1160 2841
1681 2320
1835 2166
818 3183
563 3438
1279 2722
1048 2953
431 3570
1708 2293
383 3618
1584 2417
1191 2810
953 3048
222 3779
989 3012
907 3094
1103 2898
1801 2200
286 3715
1942 2059
655 3346
1758 2243
1819 2182
255 3746
398 3603
1338 2663
780 3221
758 3243
141 3860
827 3174
37 3964
665 3336
1841 2160
1053 2948
1268 2733
588 3413
1528 2473
324 3677
673 3328
403 3598
994 3007
950 3051
778 3223
1616 2385
957 3044
1209 2792
101 3900
1281 2720
14 3987
1499 2502
842 3159
586 3415
1093 2908
1833 2168
1815 2186
1727 2274
1996 2005
562 3439
18 3983
1982 2019
845 3156
200 3801
1357 2644
1393 2608
1148 2853
1797 2204
893 3108
1635 2366
657 3344
1199 2802
1480 2521
1739 2262
384 3617
1761 2240
335 3666
1638 2363
722 3279
157 3844
1166 2835
1774 2227
111 3890
1760 2241
892 3109
1228 2773
1162 2839
839 3162
923 3078
1875 2126
697 3304
1720 2281
155 3846
931 3070
1424 2577
1989 2012
1352 2649
1429 2572
889 3112
1890 2111
1837 2164
1902 2099
166 3835
36 3965
135 3866
1766 2235
1925 2076
1246 2755
933 3068
1642 2359
575 3426
193 3808
1958 2043
616 3385
1956 2045
1570 2431
629 3372
1403 2598
911 3090
30 3971
1596 2405
6 3995
888 3113
309 3692
1002 2999
719 3282
145 3856
1809 2192
518 3483
766 3235
945 3056
804 3197
1432 2569
1449 2552
1648 2353
110 3891
50 3951
221 3780
1347 2654
1940 2061
1110 2891
1968 2033
1975 2026
1601 2400
947 3054
1716 2285
95 3906
791 3210
269 3732
762 3239
1861 2140
318 3683
675 3326
1342 2659
744 3257
258 3743
737 3264
1897 2104
199 3802
1632 2369
1776 2225
1674 2327
153 3848
1538 2463
1851 2150
1458 2543
38 3963
568 3433
1014 2987
628 3373
1115 2886
748 3253
367 3634
1312 2689
1871 2130
1399 2602
1652 2349
841 3160
1464 2537
1028 2973
564 3437
774 3227
937 3064
1831 2170
1155 2846
1894 2107
886 3115
1460 2541
1152 2849
176 3825
1020 2981
1903 2098
1398 2603
1618 2383
759 3242
727 3274
500 3501
1892 2109
1922 2079
1426 2575
1473 2528
625 3376
549 3452
87 3914
289 3712
772 3229
1230 2771
1016 2985
5 3996
294 3707
731 3270
215 3786
1194 2807
347 3654
1108 2893
1154 2847
1294 2707
721 3280
448 3553
794 3207
1295 2706
1019 2982
1289 2712
600 3401
1671 2330
462 3539
684 3317
1032 2969
28 3973
1670 2331
691 3310
458 3543
552 3449
716 3285
1351 2650
882 3119
438 3563
894 3107
653 3348
501 3500
1174 2827
1466 2535
912 3089
492 3509
1140 2861
1378 2623
1747 2254
938 3063
1111 2890
981 3020
1334 2667
1097 2904
282 3719
17 3984
1936 2065
1534 2467
1971 2030
326 3675
1693 2308
676 3325
34 3967
1746 2255
1412 2589
522 3479
341 3660
1134 2867
606 3395
332 3669
1788 2213
1 4000
473 3528
1153 2848
1079 2922
930 3071
433 3568
489 3512
1264 2737
1081 2920
1688 2313
1691 2310
1224 2777
999 3002
528 3473
965 3036
117 3884
108 3893
1999 2002
831 3170
700 3301
808 3193
424 3577
1361 2640
624 3377
1803 2198
707 3294
1275 2726
1200 2801
852 3149
1723 2278
303 3698
1615 2386
107 3894
617 3384
1207 2794
1188 2813
689 3312
636 3365
1438 2563
445 3556
1828 2173
233 3768
1098 2903
713 3288
830 3171
908 3093
1107 2894
1626 2375
976 3025
49 3952
1731 2270
1661 2340
1667 2334
42 3959
1182 2819
1261 2740
428 3573
1144 2857
1598 2403
1515 2486
1829 2172
1196 2805
1112 2889
1614 2387
1300 2701
659 3342
1045 2956
1644 2357
1987 2014
850 3151
698 3303
1789 2212
1998 2003
681 3320
1811 2190
1579 2422
1067 2934
498 3503
1726 2275
1655 2346
1748 2253
535 3466
736 3265
430 3571
963 3038
569 3432
1580 2421
1131 2870
803 3198
1606 2395
1553 2448
417 3584
234 3767
1071 2930
1977 2024
1205 2796
1119 2882
826 3175
1022 2979
973 3028
1656 2345
1311 2690
1427 2574
1030 2971
452 3549
1610 2391
1750 2251
538 3463
76 3925
84 3917
248 3753
829 3172
997 3004
61 3940
685 3316
1554 2447
239 3762
645 3356
65 3936
1978 2023
1636 2365
1457 2544
71 3930
348 3653
1034 2967
1456 2545
968 3033
479 3522
1643 2358
1410 2591
263 3738
1790 2211
1176 2825
961 3040
1834 2167
658 3343
1197 2804
1653 2348
1891 2110
870 3131
1073 2928
1129 2872
1234 2767
75 3926
409 3592
862 3139
311 3690
1857 2144
1704 2297
790 3211
1689 2312
644 3357
1253 2748
927 3074
1382 2619
1116 2885
1286 2715
1151 2850
1695 2306
1169 2832
94 3907
843 3158
1525 2476
351 3650
432 3569
59 3942
85 3916
879 3122
1966 2035
1878 2123
775 3226
824 3177
394 3607
1448 2553
975 3026
297 3704
739 3262
1664 2337
391 3610
1860 2141
116 3885
1314 2687
365 3636
92 3909
379 3622
1924 2077
478 3523
1519 2482
1203 2798
355 3646
1447 2554
70 3931
751 3250
48 3953
1293 2708
1054 2947
1336 2665
1660 2341
541 3460
683 3318
1133 2868
1721 2280
140 3861
511 3490
369 3632
1874 2127
1055 2946
867 3134
171 3830
1607 2394
1817 2184
1452 2549
1908 2093
250 3751
1741 2260
1491 2510
555 3446
88 3913
1035 2966
321 3680
1440 2561
328 3673
1118 2883
958 3043
1274 2727
172 3829
443 3558
599 3402
1374 2627
46 3955
1794 2207
914 3087
1309 2692
441 3560
768 3233
276 3725
755 3246
1567 2434
967 3034
240 3761
741 3260
581 3420
1694 2307
649 3352
1183 2818
858 3143
1923 2078
589 3412
1233 2768
241 3760
526 3475
1511 2490
1933 2068
377 3624
330 3671
1423 2578
340 3661
605 3396
306 3695
1132 2869
1927 2074
1592 2409
1818 2183
405 3596
1798 2203
806 3195
1673 2328
1397 2604
944 3057
1586 2415
53 3948
1517 2484
537 3464
317 3684
1056 2945
1823 2178
1384 2617
1712 2289
1873 2128
207 3794
855 3146
783 3218
485 3516
10 3991
245 3756
8 3993
191 3810
1651 2350
1031 2970
149 3852
1609 2392
985 3016
1976 2025
525 3476
1231 2770
382 3619
576 3425
1226 2775
816 3185
205 3796
1430 2571
1321 2680
1548 2453
490 3511
1768 2233
237 3764
1547 2454
388 3613
602 3399
800 3201
1145 2856
339 3662
1303 2698
637 3364
1369 2632
1010 2991
926 3075
66 3935
1257 2744
1380 2621
1733 2268
1297 2704
1853 2148
884 3117
1910 2091
1679 2322
477 3524
1881 2120
456 3545
1050 2951
1932 2069
1962 2039
1377 2624
1232 2769
1405 2596
1171 2830
1912 2089
730 3271
1593 2408
1004 2997
78 3923
109 3892
1969 2032
1557 2444
1680 2321
817 3184
102 3899
869 3132
674 3327
847 3154
868 3133
1177 2824
1291 2710
1368 2633
334 3667
1690 2311
1700 2301
1370 2631
1487 2514
363 3638
204 3797
1273 2728
86 3915
574 3427
1630 2371
1993 2008
819 3182
426 3575
1939 2062
19 3982
885 3116
208 3793
1283 2718
89 3912
667 3334
726 3275
536 3465
1604 2397
1307 2694
1541 2460
782 3219
621 3380
1333 2668
314 3687
1408 2593
1784 2217
1012 2989
946 3055
1907 2094
1585 2416
11 3990
1049 2952
733 3268
1301 2700
1375 2626
962 3039
873 3128
913 3088
67 3934
32 3969
641 3360
1529 2472
983 3018
633 3368
484 3517
329 3672
44 3957
1256 2745
708 3293
350 3651
1445 2556
1088 2913
1213 2788
1239 2762
591 3410
466 3535
608 3393
249 3752
1434 2567
1254 2747
325 3676
1555 2446
1328 2673
583 3418
100 3901
177 3824
3 3998
264 3737
1852 2149
1247 2754
267 3734
344 3657
742 3259
1756 2245
1677 2324
1100 2901
1175 2826
825 3176
860 3141
1972 2029
79 3922
1163 2838
1589 2412
272 3729
1471 2530
507 3494
1488 2513
1128 2873
158 3843
1262 2739
781 3220
487 3514
631 3370
54 3947
834 3167
1227 2774
123 3878
987 3014
704 3297
906 3095
764 3237
1125 2876
640 3361
664 3337
883 3118
1512 2489
735 3266
1184 2817
1421 2580
1824 2177
851 3150
1520 2481
1647 2354
131 3870
1366 2635
1900 2101
1846 2155
1467 2534
921 3080
1157 2844
1928 2073
1571 2430
113 3888
895 3106
1000 3001
39 3962
1348 2653
1220 2781
1513 2488
559 3442
752 3249
1536 2465
955 3046
941 3060
1225 2776
1015 2986
1109 2892
1425 2576
1757 2244
1724 2277
1104 2897
1136 2865
12 3989
1474 2527
300 3701
1578 2423
227 3774
1354 2647
464 3537
1436 2565
223 3778
209 3792
80 3921
711 3290
226 3775
1562 2439
1619 2382
1075 2926
1411 2590
622 3379
1637 2364
1864 2137
1417 2584
1143 2858
1675 2326
352 3649
495 3506
1805 2196
1872 2129
688 3313
1839 2162
280 3721
1060 2941
740 3261
463 3538
465 3536
1646 2355
1806 2195
1121 2880
213 3788
1090 2911
1463 2538
1685 2316
1009 2992
395 3606
596 3405
891 3110
413 3588
1682 2319
959 3042
598 3403
910 3091
1970 2031
1360 2641
669 3332
1001 3000
1214 2787
814 3187
486 3515
897 3104
2 3999
1475 2526
1040 2961
416 3585
120 3881
1310 2691
1505 2496
1751 2250
1137 2864
1879 2122
1915 2086
903 3098
1603 2398
1317 2684
754 3247
607 3394
133 3868
1906 2095
265 3736
1657 2344
242 3759
1728 2273
1168 2833
1810 2191
902 3099
1576 2425
1255 2746
693 3308
836 3165
1083 2918
1752 2249
521 3480
1206 2795
837 3164
639 3362
1591 2410
1697 2304
619 3382
1516 2485
481 3520
313 3688
1341 2660
77 3924
573 3428
1880 2121
1827 2174
41 3960
846 3155
194 3807
1376 2625
1934 2067
216 3785
638 3363
1159 2842
1394 2607
650 3351
540 3461
854 3147
1847 2154
863 3138
717 3284
493 3508
211 3790
217 3784
1920 2081
1786 2215
542 3459
1305 2696
1736 2265
905 3096
1217 2784
611 3390
1960 2041
1089 2912
1941 2060
1508 2493
1979 2022
262 3739
1332 2669
1420 2581
274 3727
407 3594
1252 2749
687 3314
571 3430
56 3945
1854 2147
699 3302
1201 2800
23 3978
508 3493
517 3484
1296 2705
1767 2234
1849 2152
724 3277
1600 2401
162 3839
1662 2339
270 3731
874 3127
114 3887
60 3941
254 3747
1840 2161
848 3153
1413 2588
1825 2176
1271 2730
202 3799
1684 2317
524 3477
1843 2158
702 3299
43 3958
1627 2374
1521 2480
1560 2441
212 3789
630 3371
1763 2238
1059 2942
1404 2597
422 3579
1450 2551
1178 2823
337 3664
1913 2088
1156 2845
1251 2750
83 3918
527 3474
1725 2276
442 3559
1947 2054
786 3215
904 3097
1095 2906
488 3513
1344 2657
196 3805
58 3943
434 3567
119 3882
1072 2929
21 3980
1495 2506
132 3869
1431 2570
1391 2610
214 3787
1208 2793
531 3470
595 3406
898 3103
1229 2772
1244 2757
929 3072
1842 2159
1389 2612
201 3800
411 3590
268 3733
151 3850
63 3938
124 3877
1868 2133
1623 2378
1033 2968
1074 2927
410 3591
582 3419
20 3981
1981 2020
81 3920
872 3129
333 3668
1346 2655
408 3593
1042 2959
660 3341
1779 2222
1848 2153
1441 2560
643 3358
915 3086
1738 2263
1530 2471
1838 2163
1870 2131
1706 2295
27 3974
496 3505
406 3595
1807 2194
271 3730
835 3166
401 3600
295 3706
1526 2475
789 3212
1703 2298
1590 2411
1639 2362
1017 2984
137 3864
723 3278
1715 2286
181 3820
1707 2294
701 3300
1791 2210
399 3602
1202 2799
1443 2558
1414 2587
1952 2049
1613 2388
654 3347
118 3883
97 3904
584 3417
1909 2092
1889 2112
1765 2236
1345 2656
620 3381
459 3542
770 3231
1544 2457
593 3408
1304 2697
454 3547
1714 2287
1762 2239
1559 2442
532 3469
900 3101
1949 2052
822 3179
127 3874
601 3400
1476 2525
686 3315
1625 2376
31 3970
1850 2151
160 3841
1624 2377
1502 2499
1221 2780
1047 2954
1492 2509
1343 2658
1358 2643
1106 2895
995 3006
7 3994
509 3492
635 3366
1479 2522
1061 2940
467 3534
90 3911
614 3387
1215 2786
252 3749
425 3576
692 3309
346 3655
570 3431
1481 2520
756 3245
390 3611
1037 2964
1572 2429
1065 2936
712 3289
1120 2881
792 3209
57 3944
1770 2231
626 3375
690 3311
1260 2741
1249 2752
98 3903
1494 2507
373 3628
345 3656
1537 2464
1732 2269
1237 2764
1489 2512
543 3458
1141 2860
195 3806
553 3448
1649 2352
105 3896
104 3897
371 3630
1935 2066
1043 2958
1963 2038
343 3658
103 3898
750 3251
1893 2108
319 3682
556 3445
1390 2611
1316 2685
469 3532
809 3192
1167 2834
342 3659
1955 2046
1735 2266
592 3409
338 3663
1315 2686
187 3814
1236 2765
1856 2145
1322 2679
1149 2852
1719 2282
1551 2450
753 3248
728 3273
1051 2950
281 3720
1242 2759
1285 2716
1069 2932
186 3815
1641 2360
546 3455
1821 2180
1718 2283
539 3462
1270 2731
1266 2735
1371 2630
393 3608
1123 2878
579 3422
998 3003
1654 2347
1802 2199
587 3414
1052 2949
476 3525
647 3354
732 3269
1165 2836
1822 2179
678 3323
980 3021
773 3228
156 3845
1482 2519
122 3879
1235 2766
246 3755
29 3972
1785 2216
988 3013
1339 2662
877 3124
1250 2751
597 3404
1772 2229
765 3236
1469 2532
284 3717
513 3488
1877 2124
1550 2451
853 3148
609 3392
964 3037
519 3482
1496 2505
785 3216
1007 2994
1602 2399
1468 2533
514 3487
652 3349
718 3283
634 3367
220 3781
977 3024
1493 2508
1558 2443
179 3822
1485 2516
812 3189
1974 2027
1711 2290
444 3557
971 3030
451 3550
1954 2047
760 3241
1514 2487
45 3956
966 3035
578 3423
1313 2688
450 3551
389 3612
437 3564
1753 2248
25 3976
1896 2105
695 3306
219 3782
1308 2693
1918 2083
1904 2097
1984 2017
91 3910
142 3859
565 3436
396 3605
357 3644
1617 2384
130 3871
1335 2666
1995 2006
9 3992
512 3489
1965 2036
1164 2837
356 3645
1754 2247
51 3950
152 3849
666 3335
420 3581
623 3378
308 3693
1173 2828
471 3530
890 3111
823 3178
720 3281
368 3633
1633 2368
1957 2044
302 3699
1078 2923
1142 2859
502 3499
1945 2056
449 3552
1946 2055
414 3587
1439 2562
1057 2944
1845 2156
1372 2629
292 3709
1597 2404
1170 2831
1937 2064
322 3679
1884 2117
1490 2511
663 3338
881 3120
1696 2305
1462 2539
1629 2372
1997 2004
939 3062
126 3875
838 3163
1302 2699
1094 2907
1179 2822
125 3876
259 3742
1882 2119
1895 2106
747 3254
948 3053
1082 2919
533 3468
651 3350
1484 2517
1455 2546
1916 2085
918 3083
1948 2053
1407 2594
163 3838
956 3045
932 3069
1381 2620
1320 2681
296 3705
844 3157
1986 2015
62 3939
453 3548
1298 2703
828 3173
749 3252
1323 2678
1799 2202
415 3586
1023 2978
1198 2803
1594 2407
529 3472
954 3047
1062 2939
418 3583
1396 2605
1472 2529
115 3886
380 3621
1500 2501
190 3811
238 3763
1026 2975
1367 2634
1826 2175
1442 2559
1064 2937
1886 2115
1005 2996
178 3823
1729 2272
656 3345
1563 2438
1518 2483
1402 2599
1755 2246
1967 2034
150 3851
925 3076
1327 2674
715 3286
1085 2916
1988 2013
68 3933
370 3631
1577 2424
523 3478
1898 2103
1365 2636
694 3307
1749 2252
1018 2983
876 3125
400 3601
849 3152
397 3604
69 3932
1497 2504
1569 2432
374 3627
1245 2756
180 3821
1299 2702
1883 2118
1238 2763
520 3481
1599 2402
483 3518
74 3927
277 3724
1938 2063
1192 2809
1804 2197
236 3765
505 3496
1223 2778
1658 2343
323 3678
1634 2367
648 3353
934 3067
1415 2586
1668 2333
840 3161
1388 2613
1793 2208
603 3398
47 3954
561 3440
1507 2494
99 3902
1919 2082
327 3674
763 3238
1836 2165
618 3383
1451 2550
594 3407
1951 2050
435 3566
159 3842
974 3027
916 3085
1713 2288
1672 2329
917 3084
229 3772
1105 2896
761 3240
1608 2393
1582 2419
2000 2001
982 3019
558 3443
15 3986
554 3447
298 3703
4 3997
1659 2342
729 3272
287 3714
1459 2542
1092 2909
949 3052
1433 2568
1096 2905
769 3232
1899 2102
1435 2566
1865 2136
1628 2373
1400 2601
1379 2622
1331 2670
1086 2915
1290 2711
1269 2732
928 3073
802 3199
1222 2779
1808 2193
1931 2070
1549 2452
1524 2477
279 3722
1364 2637
859 3142
680 3321
864 3137
290 3711
1387 2614
1091 2910
1210 2791
1943 2058
1284 2717
257 3744
1080 2921
198 3803
353 3648
364 3637
1813 2188
1905 2096
865 3136
661 3340
1991 2010
1422 2579
615 3386
1038 2963
1730 2271
919 3082
168 3833
627 3374
1929 2072
170 3831
310 3691
331 3670
1795 2206
260 3741
128 3873
1699 2302
192 3809
799 3202
475 3526
1663 2338
72 3929
1862 2139
1076 2925
757 3244
1631 2370
231 3770
725 3276
1539 2462
16 3985
984 3017
1994 2007
1195 2806
1282 2719
183 3818
164 3837
139 3862
169 3832
1486 2515
1158 2843
1950 2051
1722 2279
1787 2214
461 3540
232 3769
960 3041
798 3203
206 3795
1386 2615
421 3580
1046 2955
970 3031
506 3495
1240 2761
93 3908
1885 2116
550 3451
572 3429
1087 2914
1504 2497
1759 2242
1259 2742
1373 2628
266 3735
793 3208
1800 2201
1419 2582
856 3145
1844 2157
1276 2725
419 3582
134 3867
857 3144
1126 2875
1483 2518
969 3032
244 3757
896 3105
668 3333
788 3213
1356 2645
567 3434
1964 2037
165 3836
26 3975
1780 2221
1566 2435
1622 2379
993 3008
1832 2169
275 3726
1461 2540
1665 2336
336 3665
1478 2523
557 3444
779 3222
1039 2962
1561 2440
811 3190
1744 2257
566 3435
1216 2785
480 3521
1540 2461
439 3562
1267 2734
1778 2223
307 3694
709 3292
1640 2361
378 3623
544 3457
801 3200
173 3828
1193 2808
940 3061
706 3295
871 3130
1258 2743
55 3946
474 3527
880 3121
24 3977
1816 2185
1029 2972
1990 2011
1306 2695
1288 2713
642 3359
1867 2134
1501 2500
1705 2296
1888 2113
1992 2009
1454 2547
577 3424
1186 2815
283 3718
210 3791
1187 2814
1008 2993
548 3453
228 3773
1326 2675
646 3355
1527 2474
1070 2931
1287 2714
33 3968
52 3949
1565 2436
777 3224
807 3194
218 3783
972 3029
1742 2259
144 3857
121 3880
1180 2821
1573 2428
920 3081
1737 2264
866 3135
1866 2135
746 3255
672 3329
1531 2470
1773 2228
361 3640
1666 2335
1139 2862
990 3011
1863 2138
1318 2683
1044 2957
1830 2171
293 3708
936 3065
1692 2309
499 3502
861 3140
1241 2760
143 3858
1535 2466
1349 2652
1077 2924
161 3840
148 3853
1503 2498
1006 2995
1363 2638
1406 2595
1911 2090
1983 2018
899 3102
482 3519
154 3847
1135 2866
1036 2965
952 3049
1814 2187
106 3895
230 3771
922 3079
316 3685
235 3766
1812 2189
1218 2783
