1996
490 492
1165 1167
2054 2056
2398 2400
3533 3535
918 920
2665 2667
33 35
1605 1607
1486 1488
1062 1064
2550 2552
3709 3711
2437 2439
2689 2691
2877 2879
3093 3095
702 704
3341 3343
3677 3679
2162 2164
3901 3903
1229 1231
2333 2335
2905 2907
1570 1572
2985 2987
269 271
2857 2859
3605 3607
3846 3848
1009 1011
1953 1955
5 7
3326 3328
3282 3284
3270 3272
2254 2256
638 640
3965 3967
3830 3832
3466 3468
1746 1748
286 288
3458 3460
2733 2735
2977 2979
866 868
1606 1608
1069 1071
1857 1859
3170 3172
3186 3188
3614 3616
789 791
694 696
1429 1431
3337 3339
1890 1892
2490 2492
1849 1851
3657 3659
3330 3332
1373 1375
3749 3751
1110 1112
2418 2420
1430 1432
957 959
2885 2887
1038 1040
3342 3344
3278 3280
1997 1999
3913 3915
3189 3191
3281 3283
3157 3159
94 96
1733 1735
138 140
217 219
2578 2580
390 392
1353 1355
3834 3836
1618 1620
3549 3551
2538 2540
3373 3375
1153 1155
2961 2963
174 176
3214 3216
250 252
3198 3200
3609 3611
146 148
2049 2051
3714 3716
849 851
2725 2727
3034 3036
2778 2780
3077 3079
3774 3776
3338 3340
1382 1384
1125 1127
2978 2980
1193 1195
990 992
2213 2215
3277 3279
122 124
3501 3503
3710 3712
1385 1387
1626 1628
1786 1788
1190 1192
10 12
3201 3203
3905 3907
1054 1056
1377 1379
3566 3568
1617 1619
2462 2464
785 787
285 287
3665 3667
105 107
821 823
1717 1719
3470 3472
1258 1260
398 400
786 788
2626 2628
1262 1264
1650 1652
3453 3455
3726 3728
2430 2432
2726 2728
926 928
2962 2964
3506 3508
2422 2424
817 819
2401 2403
3078 3080
1637 1639
113 115
946 948
625 627
3442 3444
1390 1392
1661 1663
2310 2312
3762 3764
2094 2096
1285 1287
190 192
3174 3176
3013 3015
2565 2567
2061 2063
3137 3139
3185 3187
1434 1436
941 943
3958 3960
914 916
417 419
2669 2671
930 932
1242 1244
893 895
3693 3695
3930 3932
14 16
2017 2019
1182 1184
3042 3044
1313 1315
2121 2123
2233 2235
1590 1592
1310 1312
2945 2947
3397 3399
2274 2276
89 91
3406 3408
653 655
329 331
2373 2375
521 523
2322 2324
517 519
2526 2528
1529 1531
1806 1808
2865 2867
206 208
1225 1227
3689 3691
2698 2700
3722 3724
746 748
1818 1820
2157 2159
358 360
2405 2407
2161 2163
609 611
2714 2716
3578 3580
1602 1604
230 232
1926 1928
1469 1471
3773 3775
3781 3783
2633 2635
3598 3600
1937 1939
3514 3516
1090 1092
1693 1695
998 1000
1030 1032
2010 2012
2221 2223
1977 1979
2006 2008
25 27
3405 3407
2609 2611
501 503
3753 3755
442 444
961 963
3393 3395
325 327
2249 2251
3162 3164
3974 3976
3149 3151
1162 1164
3610 3612
3890 3892
3529 3531
330 332
1477 1479
593 595
3238 3240
1033 1035
3730 3732
1113 1115
3478 3480
3793 3795
833 835
474 476
229 231
381 383
1497 1499
365 367
2461 2463
3314 3316
1050 1052
673 675
3534 3536
3889 3891
981 983
705 707
3702 3704
3261 3263
3973 3975
3969 3971
2838 2840
2841 2843
1166 1168
1001 1003
3622 3624
725 727
3765 3767
3350 3352
486 488
1145 1147
3738 3740
1574 1576
6 8
278 280
2970 2972
1026 1028
1710 1712
1662 1664
494 496
2293 2295
1061 1063
2414 2416
1753 1755
62 64
3990 3992
3233 3235
618 620
3850 3852
3814 3816
670 672
3073 3075
2650 2652
246 248
1978 1980
2370 2372
3018 3020
1422 1424
2269 2271
3125 3127
3385 3387
733 735
1817 1819
3477 3479
2637 2639
1154 1156
3865 3867
333 335
249 251
1197 1199
3853 3855
3097 3099
3173 3175
1386 1388
637 639
2037 2039
1729 1731
2225 2227
1562 1564
2677 2679
1406 1408
1114 1116
1577 1579
3694 3696
2982 2984
489 491
1546 1548
3594 3596
430 432
678 680
2889 2891
3150 3152
3978 3980
3346 3348
2974 2976
2541 2543
2742 2744
3169 3171
2997 2999
2602 2604
1086 1088
3490 3492
3210 3212
589 591
3510 3512
273 275
2086 2088
1138 1140
1281 1283
377 379
1781 1783
258 260
3274 3276
3362 3364
3074 3076
758 760
1846 1848
649 651
1841 1843
2709 2711
1449 1451
1654 1656
1517 1519
3002 3004
765 767
133 135
453 455
621 623
3302 3304
1973 1975
1649 1651
2470 2472
1425 1427
1838 1840
2457 2459
3265 3267
754 756
361 363
2038 2040
3370 3372
505 507
2558 2560
1326 1328
2142 2144
2786 2788
1042 1044
470 472
1362 1364
74 76
210 212
1118 1120
1282 1284
2909 2911
3542 3544
2361 2363
809 811
1466 1468
2670 2672
1549 1551
2021 2023
3106 3108
1438 1440
3461 3463
2853 2855
1398 1400
773 775
1066 1068
1678 1680
1910 1912
1561 1563
3882 3884
3957 3959
2833 2835
938 940
881 883
3854 3856
737 739
1330 1332
1122 1124
2246 2248
3554 3556
2173 2175
513 515
1934 1936
2481 2483
2149 2151
225 227
1870 1872
1249 1251
626 628
242 244
1765 1767
2429 2431
837 839
3154 3156
742 744
3833 3835
2250 2252
2125 2127
1278 1280
3345 3347
1270 1272
3349 3351
2146 2148
3530 3532
3602 3604
1137 1139
1886 1888
3653 3655
2658 2660
2474 2476
2057 2059
814 816
3237 3239
3809 3811
3197 3199
969 971
2525 2527
77 79
565 567
2385 2387
1625 1627
2241 2243
1873 1875
3966 3968
1266 1268
2613 2615
314 316
2762 2764
1274 1276
3782 3784
433 435
402 404
3837 3839
3845 3847
3333 3335
1346 1348
3493 3495
238 240
2165 2167
2469 2471
2957 2959
3037 3039
2710 2712
1565 1567
1689 1691
81 83
1909 1911
1186 1188
2673 2675
2237 2239
3937 3939
558 560
3985 3987
1005 1007
3222 3224
2561 2563
806 808
178 180
125 127
2390 2392
294 296
1317 1319
2338 2340
906 908
3213 3215
3673 3675
173 175
22 24
3409 3411
3286 3288
1585 1587
322 324
2230 2232
2950 2952
3230 3232
2713 2715
1893 1895
1297 1299
2994 2996
1070 1072
561 563
1209 1211
3590 3592
3298 3300
2118 2120
382 384
429 431
3518 3520
2137 2139
1121 1123
1653 1655
1681 1683
1778 1780
630 632
1773 1775
3177 3179
1018 1020
1473 1475
825 827
701 703
2617 2619
86 88
2174 2176
1205 1207
1294 1296
2749 2751
1538 1540
965 967
2109 2111
1802 1804
2753 2755
2506 2508
49 51
617 619
277 279
1265 1267
3705 3707
1981 1983
3798 3800
2750 2752
2734 2736
3358 3360
2569 2571
533 535
3049 3051
2130 2132
3637 3639
253 255
585 587
1146 1148
3785 3787
3650 3652
2234 2236
2421 2423
2570 2572
3441 3443
2314 2316
813 815
3146 3148
3010 3012
1889 1891
1758 1760
3626 3628
986 988
3681 3683
2190 2192
2070 2072
342 344
2745 2747
3294 3296
3438 3440
598 600
70 72
2790 2792
3674 3676
3981 3983
2965 2967
3757 3759
1421 1423
3954 3956
245 247
545 547
2925 2927
410 412
1221 1223
1334 1336
2874 2876
2534 2536
1610 1612
2686 2688
1017 1019
1834 1836
2062 2064
2245 2247
389 391
406 408
2593 2595
2530 2532
2769 2771
3414 3416
529 531
2649 2651
2114 2116
810 812
1073 1075
3866 3868
1482 1484
1541 1543
2406 2408
3894 3896
2949 2951
2397 2399
1325 1327
2746 2748
38 40
3541 3543
3557 3559
3033 3035
1993 1995
1754 1756
1290 1292
1389 1391
2330 2332
1810 1812
574 576
3402 3404
3805 3807
477 479
482 484
373 375
1074 1076
2914 2916
650 652
222 224
3254 3256
1573 1575
2009 2011
2594 2596
3374 3376
1418 1420
1210 1212
3934 3936
2509 2511
2705 2707
3377 3379
1041 1043
1793 1795
2097 2099
3881 3883
973 975
1445 1447
2825 2827
590 592
3758 3760
2210 2212
509 511
537 539
3570 3572
2737 2739
922 924
3401 3403
2638 2640
3621 3623
801 803
2489 2491
3717 3719
3418 3420
2766 2768
3026 3028
3725 3727
2134 2136
3869 3871
446 448
2214 2216
1094 1096
1761 1763
646 648
542 544
2869 2871
3114 3116
1233 1235
634 636
3794 3796
1698 1700
1021 1023
2969 2971
418 420
562 564
1129 1131
3061 3063
1450 1452
3206 3208
177 179
3413 3415
873 875
3645 3647
2305 2307
3118 3120
1961 1963
534 536
3250 3252
3821 3823
1470 1472
3065 3067
198 200
2645 2647
822 824
3321 3323
1446 1448
298 300
118 120
2693 2695
3849 3851
2830 2832
665 667
2834 2836
2757 2759
3633 3635
1454 1456
202 204
2185 2187
3713 3715
3194 3196
2514 2516
2365 2367
2990 2992
1726 1728
3597 3599
645 647
181 183
1905 1907
3862 3864
3234 3236
265 267
2906 2908
1437 1439
189 191
1409 1411
1106 1108
2701 2703
2402 2404
3465 3467
3601 3603
3469 3471
297 299
1581 1583
3818 3820
2498 2500
2378 2380
2522 2524
2817 2819
3750 3752
2030 2032
3582 3584
3009 3011
3953 3955
2717 2719
309 311
2754 2756
2069 2071
58 60
798 800
1505 1507
1677 1679
2493 2495
2502 2504
3122 3124
962 964
1289 1291
218 220
1134 1136
2922 2924
2477 2479
3070 3072
2517 2519
2478 2480
1666 1668
2630 2632
1866 1868
3181 3183
845 847
3165 3167
1306 1308
30 32
3494 3496
2802 2804
3129 3131
1065 1067
338 340
1734 1736
1181 1183
2482 2484
1222 1224
2553 2555
281 283
1401 1403
1601 1603
405 407
662 664
1426 1428
362 364
1337 1339
1010 1012
1149 1151
1198 1200
829 831
158 160
2 4
65 67
414 416
1142 1144
1081 1083
2077 2079
2366 2368
3473 3475
1250 1252
921 923
2846 2848
506 508
2257 2259
2282 2284
729 731
2729 2731
553 555
1078 1080
454 456
2685 2687
2346 2348
3433 3435
2773 2775
3545 3547
3053 3055
1622 1624
3662 3664
2921 2923
3094 3096
2102 2104
2993 2995
3638 3640
3690 3692
3658 3660
3806 3808
2014 2016
1713 1715
706 708
3522 3524
1214 1216
1309 1311
73 75
3454 3456
393 395
2201 2203
3878 3880
3625 3627
1994 1996
3389 3391
289 291
1237 1239
2329 2331
1913 1915
937 939
3113 3115
1097 1099
1022 1024
318 320
1286 1288
2317 2319
386 388
234 236
3929 3931
2141 2143
409 411
882 884
3513 3515
1006 1008
1521 1523
2013 2015
54 56
3701 3703
3426 3428
929 931
669 671
2842 2844
3310 3312
2270 2272
3178 3180
2238 2240
594 596
1342 1344
98 100
3110 3112
3182 3184
2882 2884
3777 3779
2902 2904
69 71
2913 2915
1769 1771
3066 3068
3670 3672
898 900
3733 3735
2334 2336
834 836
2494 2496
2910 2912
610 612
1658 1660
890 892
305 307
2858 2860
2410 2412
3025 3027
3885 3887
313 315
3290 3292
1722 1724
3589 3591
3946 3948
1241 1243
2557 2559
1906 1908
2598 2600
3221 3223
2253 2255
2178 2180
1946 1948
525 527
1253 1255
334 336
1141 1143
838 840
750 752
3462 3464
1933 1935
3398 3400
1102 1104
45 47
690 692
1718 1720
745 747
101 103
3022 3024
1465 1467
150 152
1045 1047
233 235
149 151
2521 2523
1854 1856
458 460
1510 1512
2434 2436
465 467
422 424
1526 1528
3058 3060
3558 3560
613 615
2542 2544
3102 3104
1329 1331
2438 2440
1133 1135
3145 3147
3457 3459
3629 3631
1957 1959
2821 2823
3786 3788
3838 3840
130 132
3069 3071
2937 2939
1506 1508
1633 1635
3630 3632
205 207
713 715
2002 2004
3486 3488
586 588
3029 3031
1789 1791
1938 1940
3961 3963
2702 2704
2194 2196
842 844
3585 3587
1302 1304
1338 1340
721 723
346 348
1378 1380
2849 2851
2306 2308
2954 2956
2621 2623
1077 1079
1921 1923
601 603
237 239
3481 3483
469 471
985 987
510 512
1578 1580
1 3
1925 1927
3526 3528
3241 3243
1201 1203
2337 2339
3778 3780
894 896
1670 1672
1305 1307
2641 2643
689 691
46 48
3918 3920
573 575
186 188
2501 2503
3742 3744
193 195
2586 2588
1410 1412
1174 1176
1194 1196
374 376
1226 1228
121 123
2453 2455
3005 3007
2133 2135
954 956
182 184
605 607
718 720
85 87
3334 3336
1545 1547
3926 3928
1234 1236
3825 3827
2529 2531
282 284
3502 3504
2722 2724
1782 1784
2518 2520
1929 1931
1825 1827
3698 3700
2302 2304
2301 2303
1941 1943
3366 3368
2549 2551
913 915
3497 3499
2078 2080
3606 3608
438 440
1185 1187
2738 2740
2537 2539
2850 2852
3361 3363
2893 2895
2562 2564
3318 3320
485 487
2358 2360
3273 3275
1522 1524
3482 3484
3970 3972
3301 3303
2341 2343
666 668
345 347
2441 2443
1917 1919
3017 3019
989 991
2761 2763
2662 2664
3521 3523
3593 3595
2777 2779
3810 3812
1762 1764
1109 1111
1489 1491
2466 2468
1738 1740
66 68
794 796
37 39
1046 1048
3857 3859
3289 3291
1593 1595
3446 3448
1894 1896
830 832
397 399
3317 3319
1441 1443
841 843
481 483
3577 3579
29 31
570 572
3485 3487
770 772
2657 2659
933 935
3989 3991
1478 1480
766 768
2073 2075
1414 1416
2813 2815
1814 1816
2797 2799
3938 3940
3202 3204
1594 1596
1705 1707
2917 2919
3062 3064
214 216
3190 3192
1869 1871
974 976
1218 1220
2294 2296
1714 1716
557 559
2182 2184
3085 3087
1690 1692
1686 1688
3089 3091
450 452
341 343
3421 3423
2629 2631
2353 2355
1721 1723
3253 3255
2897 2899
3218 3220
1366 1368
2433 2435
1950 1952
1161 1163
3437 3439
1830 1832
818 820
1674 1676
1898 1900
2278 2280
2265 2267
2930 2932
2089 2091
3429 3431
3646 3648
1002 1004
3801 3803
3686 3688
1177 1179
3205 3207
3305 3307
2789 2791
3381 3383
1553 1555
1301 1303
686 688
2653 2655
3369 3371
1101 1103
97 99
2678 2680
2277 2279
1053 1055
326 328
1737 1739
3613 3615
2546 2548
1458 1460
2605 2607
522 524
3642 3644
1037 1039
1542 1544
1877 1879
1293 1295
1173 1175
466 468
1821 1823
2117 2119
134 136
1029 1031
781 783
3649 3651
730 732
749 751
2590 2592
1902 1904
1914 1916
194 196
982 984
3962 3964
550 552
2486 2488
3417 3419
441 443
682 684
1254 1256
1554 1556
2878 2880
262 264
757 759
1369 1371
2730 2732
3030 3032
2601 2603
1189 1191
1897 1899
2690 2692
3618 3620
1998 2000
3661 3663
2261 2263
622 624
1370 1372
3933 3935
3293 3295
761 763
126 128
1082 1084
3046 3048
1261 1263
3790 3792
3706 3708
2473 2475
3669 3671
425 427
769 771
3721 3723
2350 2352
3138 3140
2177 2179
3014 3016
2918 2920
2666 2668
2297 2299
266 268
3761 3763
3769 3771
3562 3564
1673 1675
3038 3040
2202 2204
3942 3944
1314 1316
538 540
1630 1632
1954 1956
3877 3879
1702 1704
261 263
1685 1687
1462 1464
2497 2499
850 852
865 867
3902 3904
2862 2864
437 439
1697 1699
1597 1599
578 580
3893 3895
3134 3136
674 676
614 616
2614 2616
3741 3743
710 712
366 368
1206 1208
2822 2824
2050 2052
478 480
2805 2807
317 319
697 699
3322 3324
1766 1768
2158 2160
162 164
2829 2831
977 979
2513 2515
2454 2456
1949 1951
3822 3824
3297 3299
2582 2584
17 19
1861 1863
717 719
2861 2863
1801 1803
3802 3804
726 728
2281 2283
165 167
3382 3384
461 463
1842 1844
2870 2872
2886 2888
526 528
2973 2975
1774 1776
141 143
3697 3699
3581 3583
185 187
606 608
2229 2231
3045 3047
2342 2344
42 44
2610 2612
421 423
1645 1647
3986 3988
2126 2128
2218 2220
1922 1924
3425 3427
3306 3308
3269 3271
2794 2796
3745 3747
3121 3123
2318 2320
1701 1703
3422 3424
385 387
3950 3952
1589 1591
3054 3056
1442 1444
2442 2444
1098 1100
3245 3247
2697 2699
1202 1204
102 104
154 156
349 351
3193 3195
2029 2031
1509 1511
1157 1159
34 36
2082 2084
2449 2451
1881 1883
518 520
934 936
681 683
401 403
2674 2676
1350 1352
3569 3571
2458 2460
3550 3552
1614 1616
1805 1807
546 548
1794 1796
2034 2036
2258 2260
1918 1920
257 259
3006 3008
9 11
1878 1880
145 147
2873 2875
2074 2076
2845 2847
2018 2020
2285 2287
597 599
2106 2108
1230 1232
1245 1247
1269 1271
2682 2684
3001 3003
698 700
170 172
997 999
293 295
902 904
2145 2147
2798 2800
2170 2172
3654 3656
1966 1968
254 256
3873 3875
1238 1240
1582 1584
658 660
1989 1991
2289 2291
1657 1659
870 872
942 944
3242 3244
274 276
2793 2795
209 211
3489 3491
2809 2811
3266 3268
657 659
226 228
354 356
2349 2351
434 436
142 144
1945 1947
1394 1396
738 740
2721 2723
3262 3264
1057 1059
2369 2371
1453 1455
2426 2428
114 116
1646 1648
413 415
1333 1335
1217 1219
1845 1847
394 396
2417 2419
1837 1839
3886 3888
1865 1867
3586 3588
2101 2103
1665 1667
1550 1552
2181 2183
1901 1903
1169 1171
2810 2812
18 20
2646 2648
2946 2948
629 631
1725 1727
2025 2027
3861 3863
3617 3619
213 215
2298 2300
2290 2292
2465 2467
1213 1215
2581 2583
3354 3356
166 168
78 80
2122 2124
1969 1971
2485 2487
1985 1987
1970 1972
2966 2968
2386 2388
3130 3132
301 303
2189 2191
3258 3260
2642 2644
3766 3768
2510 2512
2781 2783
302 304
2718 2720
2450 2452
161 163
1025 1027
2814 2816
3574 3576
337 339
1833 1835
1757 1759
878 880
321 323
993 995
1457 1459
3217 3219
677 679
3829 3831
978 980
1822 1824
846 848
2273 2275
2166 2168
2325 2327
2022 2024
350 352
1341 1343
1813 1815
1481 1483
889 891
2554 2556
633 635
1530 1532
2186 2188
3105 3107
1498 1500
2625 2627
1034 1036
2706 2708
1494 1496
2226 2228
2026 2028
2533 2535
3754 3756
41 43
3133 3135
3021 3023
1797 1799
3249 3251
2826 2828
3770 3772
1257 1259
541 543
877 879
3325 3327
2998 3000
201 203
2206 2208
1273 1275
857 859
1502 1504
1178 1180
1126 1128
3126 3128
2890 2892
970 972
3921 3923
2198 2200
2129 2131
3573 3575
1518 1520
1117 1119
1361 1363
1609 1611
1742 1744
3870 3872
3941 3943
1569 1571
3357 3359
1958 1960
426 428
3797 3799
3909 3911
734 736
1130 1132
1974 1976
1461 1463
369 371
778 780
2065 2067
1885 1887
1014 1016
2942 2944
498 500
3498 3500
2785 2787
2981 2983
445 447
1874 1876
2898 2900
2585 2587
2901 2903
1513 1515
1089 1091
3746 3748
3082 3084
2622 2624
3813 3815
270 272
3166 3168
2681 2683
897 899
709 711
457 459
3226 3228
917 919
1853 1855
1586 1588
3390 3392
582 584
2389 2391
1862 1864
1882 1884
1694 1696
2169 2171
901 903
2153 2155
3841 3843
1105 1107
1402 1404
2105 2107
2377 2379
1485 1487
790 792
958 960
3505 3507
2801 2803
378 380
13 15
2362 2364
1433 1435
945 947
2837 2839
2934 2936
1990 1992
3081 3083
3313 3315
3161 3163
2209 2211
2953 2955
966 968
3041 3043
2589 2591
569 571
3729 3731
2989 2991
602 604
1013 1015
2081 2083
3925 3927
1349 1351
221 223
3949 3951
2217 2219
661 663
2042 2044
1641 1643
1345 1347
2154 2156
3430 3432
741 743
1322 1324
853 855
3353 3355
3718 3720
1354 1356
3386 3388
3977 3979
2197 2199
1826 1828
2381 2383
1298 1300
2446 2448
2309 2311
3257 3259
3737 3739
82 84
777 779
106 108
1049 1051
2774 2776
905 907
1365 1367
2926 2928
3561 3563
2409 2411
2573 2575
3474 3476
3117 3119
2545 2547
3898 3900
3057 3059
1634 1636
2033 2035
1638 1640
874 876
3897 3899
2113 2115
1321 1323
502 504
2758 2760
3225 3227
1986 1988
2866 2868
1982 1984
1158 1160
3445 3447
3678 3680
3153 3155
1621 1623
1533 1535
1629 1631
3101 3103
2321 2323
2093 2095
2354 2356
497 499
1501 1503
2566 2568
473 475
241 243
53 55
1730 1732
3246 3248
3449 3451
2262 2264
3517 3519
2266 2268
2958 2960
2654 2656
797 799
2782 2784
2138 2140
2806 2808
1357 1359
554 556
886 888
1557 1559
1405 1407
493 495
3874 3876
370 372
153 155
3826 3828
3546 3548
802 804
3098 3100
3789 3791
774 776
2357 2359
3682 3684
2741 2743
581 583
2098 2100
2222 2224
2577 2579
2090 2092
2110 2112
1490 1492
1858 1860
2046 2048
3666 3668
3209 3211
3982 3984
3945 3947
869 871
93 95
3158 3160
514 516
61 63
2394 2396
793 795
2986 2988
3329 3331
1085 1087
3109 3111
1749 1751
1558 1560
3910 3912
2053 2055
2286 2288
1745 1747
762 764
1381 1383
1093 1095
109 111
2413 2415
1741 1743
1942 1944
1669 1671
949 951
1777 1779
3410 3412
994 996
693 695
909 911
1474 1476
530 532
805 807
2001 2003
3378 3380
3553 3555
3086 3088
169 171
306 308
3141 3143
357 359
1393 1395
2445 2447
3365 3367
1058 1060
1790 1792
2041 2043
861 863
2345 2347
2606 2608
722 724
714 716
753 755
21 23
3922 3924
2085 2087
1246 1248
2005 2007
1706 1708
2193 2195
2818 2820
1850 1852
110 112
2393 2395
577 579
2382 2384
1318 1320
782 784
3842 3844
3734 3736
3641 3643
2765 2767
3634 3636
3817 3819
1493 1495
1770 1772
3090 3092
462 464
1358 1360
90 92
566 568
2881 2883
3537 3539
197 199
157 159
2066 2068
2618 2620
1514 1516
290 292
2933 2935
925 927
1417 1419
2045 2047
2770 2772
2597 2599
2854 2856
2326 2328
2941 2943
3906 3908
1642 1644
1150 1152
549 551
1930 1932
2661 2663
3285 3287
1397 1399
2205 2207
950 952
3858 3860
2505 2507
2150 2152
1525 1527
1962 1964
26 28
1809 1811
3394 3396
3309 3311
858 860
642 644
353 355
1785 1787
1170 1172
1374 1376
1598 1600
1829 1831
137 139
3917 3919
854 856
862 864
826 828
2894 2896
449 451
3525 3527
685 687
3538 3540
1965 1967
1566 1568
1277 1279
2634 2636
2374 2376
2574 2576
57 59
3050 3052
1534 1536
1613 1615
2242 2244
3509 3511
3142 3144
129 131
3914 3916
310 312
1750 1752
3565 3567
3450 3452
1709 1711
2313 2315
1537 1539
1682 1684
50 52
1413 1415
654 656
2425 2427
117 119
885 887
910 912
2929 2931
2694 2696
3685 3687
953 955
2058 2060
1798 1800
2938 2940
3229 3231
641 643
3434 3436
