1997
2887 2890
291 294
2305 2308
2799 2802
2491 2494
93 96
3407 3410
1525 1528
3571 3574
1001 1004
3505 3508
3507 3510
3355 3358
3623 3626
1051 1054
1527 1530
2141 2144
3369 3372
1255 1258
2085 2088
3091 3094
359 362
3961 3964
2633 2636
1615 1618
255 258
1851 1854
165 168
1767 1770
407 410
995 998
331 334
2257 2260
3071 3074
1025 1028
299 302
2407 2410
3319 3322
1929 1932
3947 3950
949 952
1927 1930
579 582
1363 1366
1901 1904
2077 2080
1489 1492
1871 1874
381 384
1897 1900
3895 3898
1459 1462
855 858
3279 3282
307 310
2431 2434
3989 3992
2687 2690
3681 3684
3031 3034
633 636
3567 3570
1457 1460
3419 3422
2819 2822
2823 2826
3525 3528
3069 3072
1127 1130
1289 1292
1403 1406
187 190
1667 1670
3439 3442
25 28
249 252
261 264
1939 1942
417 420
2993 2996
2303 2306
2487 2490
3463 3466
37 40
1153 1156
1669 1672
2297 2300
2337 2340
3083 3086
777 780
1537 1540
51 54
2719 2722
169 172
3179 3182
3905 3908
3943 3946
3283 3286
1689 1692
2673 2676
2359 2362
2595 2598
3479 3482
297 300
1917 1920
867 870
2469 2472
3959 3962
3057 3060
1105 1108
3227 3230
1437 1440
3329 3332
1113 1116
463 466
1231 1234
989 992
1379 1382
939 942
1809 1812
1125 1128
3105 3108
3167 3170
2151 2154
909 912
3499 3502
657 660
2865 2868
3585 3588
707 710
3081 3084
3143 3146
133 136
3919 3922
2369 2372
2911 2914
3441 3444
2329 2332
1805 1808
1855 1858
41 44
2055 2058
3297 3300
2727 2730
2759 2762
2511 2514
841 844
2227 2230
1099 1102
935 938
1553 1556
1439 1442
953 956
3243 3246
477 480
1369 1372
259 262
3735 3738
1177 1180
3015 3018
3035 3038
1039 1042
3953 3956
533 536
1511 1514
1219 1222
3405 3408
2653 2656
1011 1014
1103 1106
3177 3180
2955 2958
689 692
1649 1652
2549 2552
717 720
2717 2720
3027 3030
1095 1098
2989 2992
1911 1914
3249 3252
681 684
911 914
975 978
281 284
3041 3044
117 120
1583 1586
3303 3306
2923 2926
1683 1686
2975 2978
163 166
2513 2516
2809 2812
561 564
1085 1088
3267 3270
1395 1398
3809 3812
719 722
2171 2174
1283 1286
2631 2634
1645 1648
703 706
3643 3646
1847 1850
2175 2178
3229 3232
791 794
131 134
3821 3824
1607 1610
1145 1148
1773 1776
3723 3726
1633 1636
1539 1542
1347 1350
363 366
3519 3522
1429 1432
823 826
2073 2076
239 242
2391 2394
1275 1278
2153 2156
3807 3810
2591 2594
1549 1552
2041 2044
3359 3362
215 218
3101 3104
3409 3412
1059 1062
3865 3868
2159 2162
863 866
245 248
3375 3378
3597 3600
3529 3532
2181 2184
2473 2476
2163 2166
1779 1782
2289 2292
3 6
2571 2574
977 980
1843 1846
1943 1946
2409 2412
609 612
2939 2942
1955 1958
95 98
2619 2622
1211 1214
3749 3752
3107 3110
1401 1404
545 548
3475 3478
2973 2976
1047 1050
741 744
1495 1498
3831 3834
3665 3668
2677 2680
563 566
1703 1706
2435 2438
1119 1122
2841 2844
3371 3374
121 124
2537 2540
2715 2718
2657 2660
2893 2896
859 862
125 128
1893 1896
787 790
1575 1578
1461 1464
2045 2048
1709 1712
1017 1020
2353 2356
3559 3562
3215 3218
1241 1244
2071 2074
765 768
2859 2862
127 130
1625 1628
3765 3768
3003 3006
3855 3858
2711 2714
3097 3100
3981 3984
3551 3554
1827 1830
3799 3802
1267 1270
3779 3782
1499 1502
2021 2024
3149 3152
3607 3610
1793 1796
503 506
2411 2414
3145 3148
201 204
659 662
1295 1298
1889 1892
2463 2466
3727 3730
1967 1970
2519 2522
1659 1662
1385 1388
3255 3258
1479 1482
1247 1250
427 430
3497 3500
3411 3414
2333 2336
3561 3564
897 900
2629 2632
459 462
2967 2970
3763 3766
1163 1166
2501 2504
3183 3186
1243 1246
1389 1392
921 924
2963 2966
2255 2258
1727 1730
1577 1580
1941 1944
329 332
2451 2454
2847 2850
377 380
669 672
2203 2206
2573 2576
3085 3088
2531 2534
3557 3560
3161 3164
1419 1422
3625 3628
2943 2946
1949 1952
3287 3290
2497 2500
3353 3356
731 734
3929 3932
1933 1936
539 542
3447 3450
1909 1912
3691 3694
3331 3334
217 220
2251 2254
2225 2228
3307 3310
801 804
2423 2426
2115 2118
2259 2262
1769 1772
2351 2354
3349 3352
3459 3462
2999 3002
1791 1794
1903 1906
3339 3342
2299 2302
1895 1898
973 976
2367 2370
1777 1780
141 144
1971 1974
2489 2492
1505 1508
573 576
1441 1444
2937 2940
1343 1346
1835 1838
2733 2736
2273 2276
3175 3178
1175 1178
3293 3296
2905 2908
1853 1856
3593 3596
3413 3416
3755 3758
1367 1370
3671 3674
3971 3974
1531 1534
1685 1688
159 162
2363 2366
3309 3312
2443 2446
1905 1908
485 488
1747 1750
443 446
2317 2320
97 100
2821 2824
831 834
2459 2462
3991 3994
517 520
2109 2112
623 626
3139 3142
3617 3620
1863 1866
2601 2604
1155 1158
3357 3360
2413 2416
3907 3910
2995 2998
3137 3140
3265 3268
3391 3394
2039 2042
109 112
481 484
793 796
1557 1560
413 416
1449 1452
737 740
845 848
3689 3692
2117 2120
3011 3014
1179 1182
547 550
2705 2708
2931 2934
149 152
491 494
2777 2780
2283 2286
3801 3804
3449 3452
631 634
2757 2760
577 580
2193 2196
1465 1468
2421 2424
1041 1044
2131 2134
2913 2916
1291 1294
3241 3244
3965 3968
553 556
817 820
1811 1814
747 750
3715 3718
1101 1104
2853 2856
2567 2570
3455 3458
455 458
2805 2808
3205 3208
1961 1964
345 348
153 156
2067 2070
35 38
1925 1928
2689 2692
1997 2000
7 10
1411 1414
1199 1202
3523 3526
1353 1356
2123 2126
3115 3118
961 964
1639 1642
1463 1466
2529 2532
405 408
2233 2236
1043 1046
3333 3336
933 936
273 276
2789 2792
3653 3656
617 620
1781 1784
3849 3852
1957 1960
1729 1732
2433 2436
1551 1554
2253 2256
2395 2398
389 392
3087 3090
993 996
3385 3388
3921 3924
2221 2224
1021 1024
2891 2894
3037 3040
1257 1260
3233 3236
1733 1736
3925 3928
1823 1826
461 464
2773 2776
2703 2706
3911 3914
1653 1656
2927 2930
849 852
1075 1078
535 538
2981 2984
3389 3392
2565 2568
19 22
2135 2138
857 860
3569 3572
2685 2688
2347 2350
1789 1792
285 288
2637 2640
3217 3220
759 762
1673 1676
1701 1704
903 906
1303 1306
889 892
1775 1778
457 460
2609 2612
3259 3262
1427 1430
313 316
3645 3648
2883 2886
3379 3382
3473 3476
3023 3026
2293 2296
3189 3192
55 58
1635 1638
983 986
3521 3524
785 788
1621 1624
795 798
2585 2588
5 8
113 116
2541 2544
1735 1738
2355 2358
3975 3978
321 324
527 530
3451 3454
1535 1538
913 916
1005 1008
3545 3548
2007 2010
2017 2020
2343 2346
1931 1934
1599 1602
3717 3720
3827 3830
2647 2650
3075 3078
619 622
3711 3714
3093 3096
3923 3926
3915 3918
603 606
3875 3878
1117 1120
2959 2962
2229 2232
3281 3284
1759 1762
3743 3746
2617 2620
1079 1082
1937 1940
2987 2990
1547 1550
2239 2242
3709 3712
2285 2288
2793 2796
2119 2122
3157 3160
581 584
453 456
1979 1982
587 590
191 194
571 574
1393 1396
2603 2606
1521 1524
1919 1922
3797 3800
1349 1352
1327 1330
1 4
2101 2104
3363 3366
1445 1448
3001 3004
3705 3708
2195 2198
1071 1074
709 712
1675 1678
173 176
497 500
3209 3212
727 730
397 400
1109 1112
2209 2212
319 322
739 742
1663 1666
241 244
3131 3134
2139 2142
1581 1584
2985 2988
3347 3350
2133 2136
107 110
1573 1576
3251 3254
2235 2238
247 250
3221 3224
2439 2442
3511 3514
1141 1144
2383 2386
2965 2968
3435 3438
1693 1696
541 544
1097 1100
3621 3624
3113 3116
103 106
471 474
1261 1264
2321 2324
385 388
3817 3820
2791 2794
2089 2092
2069 2072
3873 3876
3147 3150
2275 2278
3899 3902
143 146
519 522
2751 2754
959 962
733 736
445 448
1387 1390
2787 2790
3201 3204
1321 1324
3211 3214
1973 1976
2597 2600
1173 1176
3893 3896
2105 2108
2049 2052
1935 1938
1913 1916
861 864
89 92
3955 3958
3495 3498
1715 1718
3847 3850
2871 2874
2455 2458
3305 3308
1629 1632
2 3993
1655 1658
1277 1280
105 108
2797 2800
1881 1884
1191 1194
767 770
2375 2378
3659 3662
317 320
2291 2294
1209 1212
17 20
2607 2610
147 150
3741 3744
3577 3580
283 286
2385 2388
3851 3854
3575 3578
3675 3678
3263 3266
2481 2484
3491 3494
1951 1954
1725 1728
3603 3606
1315 1318
887 890
1129 1132
1147 1150
1381 1384
2665 2668
1189 1192
1723 1726
3315 3318
3317 3320
1705 1708
2485 2488
3051 3054
525 528
265 268
3469 3472
1355 1358
3377 3380
2803 2806
723 726
1471 1474
1031 1034
2775 2778
2161 2164
139 142
625 628
2145 2148
1529 1532
1431 1434
3423 3426
11 14
3285 3288
1425 1428
3767 3770
3983 3986
2059 2062
75 78
1345 1348
2741 2744
1423 1426
815 818
1671 1674
3813 3816
3047 3050
871 874
1447 1450
183 186
2561 2564
1991 1994
387 390
3587 3590
1947 1950
2917 2920
839 842
267 270
3135 3138
2713 2716
2509 2512
1513 1516
3667 3670
323 326
399 402
2949 2952
2877 2880
923 926
3791 3794
2663 2666
3341 3344
907 910
2753 2756
929 932
3939 3942
1183 1186
1455 1458
3443 3446
1249 1252
3549 3552
1015 1018
189 192
403 406
3837 3840
2527 2530
2817 2820
2659 2662
3945 3948
1545 1548
1313 1316
9 12
237 240
2879 2882
2885 2888
1563 1566
1861 1864
595 598
309 312
3683 3686
2325 2328
2037 2040
1301 1304
3583 3586
3337 3340
531 534
197 200
1467 1470
1469 1472
1335 1338
1833 1836
67 70
2697 2700
1519 1522
209 212
1605 1608
2031 2034
2831 2834
3703 3706
2627 2630
3199 3202
2969 2972
2219 2222
1643 1646
3669 3672
1515 1518
2327 2330
1417 1420
3509 3512
507 510
3109 3112
3839 3842
3881 3884
3197 3200
3059 3062
1603 1606
2057 2060
3885 3888
2875 2878
465 468
2547 2550
467 470
2515 2518
1053 1056
2895 2898
1351 1354
3099 3102
3747 3750
1969 1972
2477 2480
783 786
1485 1488
1795 1798
3007 3010
513 516
3501 3504
1619 1622
2043 2046
2691 2694
2125 2128
2313 2316
1831 1834
837 840
71 74
2899 2902
3185 3188
3291 3294
1647 1650
3605 3608
2157 2160
2539 2542
635 638
193 196
1507 1510
2833 2836
941 944
3429 3432
673 676
661 664
3775 3778
2201 2204
835 838
821 824
1623 1626
1487 1490
1719 1722
3537 3540
3933 3936
3273 3276
2223 2226
1281 1284
2397 2400
1799 1802
3787 3790
2925 2928
2533 2536
1169 1172
3325 3328
3103 3106
3401 3404
2771 2774
219 222
1319 1322
1061 1064
667 670
1841 1844
3841 3844
3719 3722
3631 3634
355 358
2807 2810
1817 1820
1245 1248
1151 1154
761 764
3415 3418
1297 1300
883 886
3987 3990
3707 3710
379 382
3739 3742
47 50
3299 3302
987 990
353 356
2743 2746
2563 2566
2013 2016
615 618
1627 1630
3125 3128
2465 2468
327 330
2415 2418
3187 3190
1983 1986
2749 2752
819 822
271 274
487 490
2625 2628
1821 1824
951 954
509 512
1707 1710
2523 2526
3151 3154
2249 2252
1743 1746
3737 3740
3909 3912
1887 1890
2557 2560
2611 2614
2361 2364
361 364
1205 1208
677 680
3835 3838
1785 1788
1035 1038
2129 2132
851 854
3725 3728
2187 2190
2079 2082
685 688
3599 3602
891 894
2837 2840
489 492
3517 3520
2197 2200
3733 3736
3067 3070
1749 1752
691 694
1435 1438
543 546
1501 1504
675 678
2857 2860
1585 1588
357 360
1273 1276
1963 1966
651 654
13 16
1187 1190
99 102
1661 1664
1359 1362
3663 3666
931 934
3679 3682
745 748
1165 1168
2671 2674
85 88
3165 3168
2795 2798
1239 1242
3877 3880
3321 3324
2761 2764
87 90
2051 2054
2961 2964
1849 1852
425 428
3527 3530
3615 3618
1317 1320
2461 2464
2725 2728
3673 3676
1131 1134
735 738
2723 2726
3857 3860
799 802
1801 1804
2731 2734
809 812
2447 2450
3651 3654
2213 2216
1711 1714
2063 2066
2909 2912
2081 2084
1473 1476
1409 1412
3859 3862
2319 2322
3871 3874
223 226
1999 2002
3351 3354
1415 1418
1089 1092
2683 2686
213 216
645 648
2265 2268
207 210
653 656
2769 2772
3565 3568
3159 3162
3295 3298
293 296
1713 1716
1115 1118
1003 1006
1543 1546
53 56
1755 1758
1407 1410
2441 2444
1679 1682
749 752
473 476
1213 1216
2147 2150
2001 2004
1027 1030
2323 2326
2379 2382
2087 2090
2271 2274
3465 3468
755 758
1159 1162
2425 2428
2555 2558
2583 2586
1829 1832
2217 2220
1745 1748
2311 2314
3903 3906
773 776
3173 3176
3951 3954
2189 2192
2149 2152
2027 2030
1133 1136
2581 2584
2855 2858
2945 2948
395 398
1651 1654
1593 1596
2301 2304
73 76
1503 1506
2845 2848
1069 1072
27 30
2745 2748
1899 1902
1497 1500
3239 3242
3619 3622
3869 3872
2851 2854
2183 2186
111 114
1569 1572
3761 3764
2263 2266
559 562
743 746
979 982
1993 1996
985 988
3237 3240
303 306
2763 2766
699 702
3483 3486
1475 1478
537 540
2915 2918
1699 1702
1657 1660
2315 2318
757 760
2921 2924
181 184
999 1002
2091 2094
221 224
2881 2884
3773 3776
3751 3754
789 792
2047 2050
91 94
3731 3734
607 610
1987 1990
2785 2788
3247 3250
1203 1206
1091 1094
3367 3370
1533 1536
1161 1164
2457 2460
3383 3386
3269 3272
647 650
1361 1364
3387 3390
3613 3616
1491 1494
2453 2456
807 810
2621 2624
1287 1290
257 260
2127 2130
971 974
1019 1022
1223 1226
1839 1842
3399 3402
3445 3448
1687 1690
3043 3046
1517 1520
1797 1800
2245 2248
3039 3042
1305 1308
1063 1066
3913 3916
343 346
499 502
763 766
2377 2380
1541 1544
2381 2384
711 714
423 426
301 304
3235 3238
3373 3376
915 918
729 732
1323 1326
3213 3216
1293 1296
1875 1878
2053 2056
2169 2172
3503 3506
2495 2498
83 86
325 328
2767 2770
3181 3184
2701 2704
393 396
23 26
3581 3584
3769 3772
3111 3114
1959 1962
3573 3576
3633 3636
1299 1302
1885 1888
1477 1480
2709 2712
3793 3796
1681 1684
369 372
505 508
3699 3702
3431 3434
1869 1872
3393 3396
2405 2408
431 434
1237 1240
3153 3156
1523 1526
1073 1076
1717 1720
2521 2524
865 868
3701 3704
1631 1634
895 898
2587 2590
1207 1210
1587 1590
3729 3732
1579 1582
2919 2922
1433 1436
29 32
3641 3644
2137 2140
3017 3020
555 558
1867 1870
3053 3056
901 904
1857 1860
893 896
269 272
3697 3700
1617 1620
2403 2406
1819 1822
3657 3660
3595 3598
601 604
3541 3544
2295 2298
3123 3126
415 418
2267 2270
1325 1328
2357 2360
3163 3166
1081 1084
3539 3542
3677 3680
2779 2782
2835 2838
1891 1894
2173 2176
605 608
2849 2852
277 280
575 578
3119 3122
2901 2904
3223 3226
2243 2246
1981 1984
2827 2830
3457 3460
2035 2038
1787 1790
411 414
2199 2202
123 126
649 652
1915 1918
3117 3120
3021 3024
565 568
3453 3456
179 182
3425 3428
335 338
2471 2474
383 386
3045 3048
1859 1862
593 596
3579 3582
805 808
3061 3064
1453 1456
1065 1068
3397 3400
1329 1332
449 452
905 908
43 46
45 48
1595 1598
2165 2168
3637 3640
493 496
2503 2506
629 632
843 846
963 966
3879 3882
2605 2608
63 66
15 18
57 60
1641 1644
3931 3934
3649 3652
2651 2654
511 514
557 560
991 994
1123 1126
263 266
2953 2956
2569 2572
3639 3642
2947 2950
2215 2218
3019 3022
705 708
1923 1926
2889 2892
2427 2430
725 728
1907 1910
2417 2420
2023 2026
3949 3952
177 180
2111 2114
2287 2290
401 404
881 884
1215 1218
3421 3424
1613 1616
2065 2068
781 784
1509 1512
3777 3780
3661 3664
1965 1968
1493 1496
2019 2022
643 646
2675 2678
3713 3716
3543 3546
2207 2210
167 170
3693 3696
3783 3786
3647 3650
1023 1026
3025 3028
441 444
3535 3538
1373 1376
3193 3196
2003 2006
521 524
3345 3348
1331 1334
2099 2102
2729 2732
803 806
3789 3792
567 570
3219 3222
899 902
119 122
3489 3492
1813 1816
3433 3436
2869 2872
2991 2994
287 290
3891 3894
3845 3848
2997 3000
2499 2502
2261 2264
1877 1880
1333 1336
2643 2646
211 214
3861 3864
1197 1200
61 64
339 342
2829 2832
2005 2008
847 850
2505 2508
523 526
2167 2170
2957 2960
2579 2582
3261 3264
2929 2932
3771 3774
1087 1090
1399 1402
529 532
1397 1400
135 138
3195 3198
3513 3516
1037 1040
797 800
101 104
1567 1570
879 882
475 478
683 686
3563 3566
1107 1110
3823 3826
315 318
447 450
3553 3556
1697 1700
2185 2188
3685 3688
3141 3144
1873 1876
2903 2906
3065 3068
3531 3534
3361 3364
229 232
3427 3430
3757 3760
373 376
1077 1080
3973 3976
3437 3440
2429 2432
3487 3490
1083 1086
829 832
1421 1424
33 36
1601 1604
2645 2648
3477 3480
2401 2404
2517 2520
3721 3724
925 928
2277 2280
79 82
2971 2974
1765 1768
3957 3960
2373 2376
3381 3384
2721 2724
1375 1378
3033 3036
2449 2452
421 424
3171 3174
2345 2348
2093 2096
2241 2244
157 160
3301 3304
2075 2078
2661 2664
997 1000
3635 3638
2437 2440
2331 2334
2979 2982
1137 1140
1033 1036
3395 3398
2393 2396
2033 2036
1229 1232
3275 3278
2935 2938
551 554
3079 3082
49 52
3753 3756
3901 3904
2479 2482
2467 2470
311 314
2237 2240
955 958
2867 2870
1307 1310
501 504
1233 1236
2589 2592
1337 1340
2839 2842
3843 3846
1665 1668
1483 1486
2951 2954
2155 2158
3815 3818
1221 1224
3609 3612
2693 2696
2543 2546
2575 2578
1365 1368
2419 2422
597 600
225 228
1837 1840
1121 1124
1093 1096
3627 3630
1921 1924
3963 3966
1591 1594
3327 3330
2941 2944
351 354
175 178
775 778
1865 1868
583 586
3013 3016
1259 1262
2667 2670
627 630
1985 1988
3129 3132
2015 2018
433 436
2863 2866
981 984
2493 2496
2475 2478
1737 1740
701 704
2623 2626
2029 2032
753 756
2635 2638
419 422
1067 1070
2483 2486
1741 1744
231 234
3271 3274
2593 2596
665 668
3481 3484
655 658
1285 1288
1771 1774
2121 2124
2811 2814
599 602
591 594
1149 1152
3555 3558
1339 1342
3245 3248
1807 1810
2387 2390
3941 3944
3533 3536
1167 1170
2247 2250
235 238
877 880
1751 1754
3969 3972
3311 3314
1111 1114
279 282
3225 3228
3365 3368
2707 2710
2507 2510
2103 2106
2113 2116
825 828
2389 2392
2813 2816
917 920
3979 3982
2341 2344
1311 1314
2747 2750
2545 2548
3759 3762
1481 1484
569 572
965 968
697 700
2737 2740
2061 2064
1217 1220
947 950
3231 3234
1009 1012
65 68
3655 3658
1045 1048
1761 1764
349 352
1383 1386
1185 1188
2143 2146
2599 2602
3253 3256
2009 2012
1977 1980
203 206
639 642
3887 3890
1995 1998
341 344
3073 3076
1377 1380
927 930
3811 3814
1565 1568
1561 1564
853 856
713 716
3257 3260
957 960
1251 1254
2735 2738
185 188
2977 2980
1309 1312
1879 1882
243 246
1181 1184
585 588
1597 1600
2983 2986
2681 2684
1269 1272
1695 1698
2279 2282
2269 2272
3935 3938
751 754
3203 3206
3089 3092
2371 2374
1405 1408
721 724
1265 1268
2615 2618
1193 1196
171 174
637 640
483 486
2551 2554
1763 1766
31 34
233 236
3977 3980
2669 2672
3833 3836
1945 1948
3863 3866
693 696
2783 2786
2577 2580
3985 3988
1739 1742
81 84
439 442
679 682
161 164
2349 2352
1049 1052
937 940
3967 3970
1263 1266
3055 3058
875 878
3403 3406
2211 2214
251 254
1157 1160
641 644
1007 1010
2535 2538
695 698
469 472
1637 1640
2907 2910
3795 3798
515 518
289 292
227 230
275 278
885 888
2011 2014
2843 2846
451 454
2679 2682
3745 3748
3461 3464
3547 3550
1225 1228
3853 3856
2825 2828
2655 2658
155 158
69 72
2231 2234
2335 2338
2083 2086
2339 2342
813 816
3207 3210
967 970
771 774
2649 2652
3687 3690
1677 1680
137 140
2861 2864
1883 1886
769 772
3611 3614
1803 1806
687 690
2641 2644
3471 3474
115 118
3417 3420
365 368
1357 1360
621 624
253 256
3485 3488
2639 2642
613 616
2097 2100
2107 2110
3121 3124
3589 3592
333 336
1143 1146
2025 2028
1341 1344
3277 3280
2781 2784
2281 2284
1135 1138
39 42
663 666
2739 2742
671 674
2613 2616
549 552
811 814
919 922
3029 3032
3515 3518
479 482
1731 1734
151 154
3805 3808
827 830
1139 1142
2191 2194
969 972
3313 3316
3343 3346
2177 2180
3785 3788
1443 1446
3889 3892
145 148
1279 1282
3095 3098
3629 3632
2801 2804
367 370
2399 2402
3867 3870
1753 1756
715 718
3883 3886
1253 1256
1783 1786
1609 1612
77 80
3169 3172
3063 3066
1391 1394
2095 2098
199 202
2755 2758
1953 1956
3467 3470
1757 1760
2553 2556
1029 1032
429 432
3133 3136
1825 1828
2309 2312
3825 3828
1195 1198
1451 1454
2897 2900
2873 2876
3127 3130
3819 3822
3323 3326
1611 1614
495 498
3897 3900
1975 1978
3009 3012
1171 1174
3077 3080
3803 3806
205 208
3781 3784
833 836
2179 2182
1589 1592
3829 3832
371 374
1271 1274
1691 1694
1057 1060
2815 2818
2525 2528
305 308
59 62
347 350
2765 2768
375 378
2933 2936
779 782
435 438
3917 3920
2307 2310
3937 3940
3591 3594
1555 1558
3493 3496
3695 3698
2445 2448
391 394
437 440
3289 3292
1989 1992
3601 3604
3191 3194
3155 3158
3927 3930
337 340
943 946
1227 1230
873 876
195 198
2695 2698
295 298
2559 2562
1721 1724
611 614
3005 3008
945 948
1815 1818
129 132
1013 1016
2699 2702
3049 3052
409 412
1845 1848
1559 1562
1413 1416
1235 1238
3335 3338
1055 1058
869 872
1571 1574
1201 1204
589 592
21 24
2205 2208
1371 1374
2365 2368
