1999
240 2239
995 2994
116 2115
1989 3988
718 2717
1249 3248
1545 3544
1814 3813
1379 3378
853 2852
1030 3029
1068 3067
1903 3902
848 2847
509 2508
1175 3174
1626 3625
1768 3767
961 2960
1321 3320
368 2367
248 2247
257 2256
215 2214
100 2099
870 2869
1353 3352
1590 3589
912 2911
313 2312
1281 3280
1399 3398
1001 3000
902 2901
1078 3077
44 2043
880 2879
1414 3413
1488 3487
732 2731
478 2477
1060 3059
588 2587
1109 3108
741 2740
923 2922
374 2373
1190 3189
1316 3315
158 2157
874 2873
911 2910
803 2802
210 2209
1283 3282
508 2507
877 2876
1747 3746
1681 3680
1734 3733
832 2831
1050 3049
1251 3250
679 2678
397 2396
381 2380
600 2599
199 2198
612 2611
532 2531
198 2197
1071 3070
494 2493
1843 3842
597 2596
1478 3477
625 2624
1186 3185
1244 3243
972 2971
1201 3200
1660 3659
1104 3103
482 2481
1042 3041
1148 3147
1630 3629
1462 3461
126 2125
1286 3285
1648 3647
1822 3821
80 2079
722 2721
1126 3125
152 2151
1183 3182
1712 3711
1881 3880
927 2926
1549 3548
1285 3284
1613 3612
736 2735
1974 3973
809 2808
1831 3830
795 2794
363 2362
79 2078
487 2486
191 2190
1179 3178
1347 3346
125 2124
1025 3024
1513 3512
1325 3324
1873 3872
549 2548
418 2417
1888 3887
1503 3502
354 2353
1638 3637
1204 3203
357 2356
1372 3371
326 2325
239 2238
186 2185
815 2814
279 2278
939 2938
584 2583
274 2273
1987 3986
337 2336
1214 3213
1789 3788
973 2972
4 2003
500 2499
942 2941
677 2676
1450 3449
1320 3319
1859 3858
1593 3592
527 2526
780 2779
569 2568
219 2218
28 2027
1946 3945
1000 2999
1308 3307
1972 3971
1967 3966
1700 3699
394 2393
449 2448
518 2517
1088 3087
225 2224
1596 3595
435 2434
1385 3384
31 2030
1771 3770
1692 3691
1315 3314
165 2164
543 2542
838 2837
1056 3055
645 2644
1309 3308
67 2066
1823 3822
670 2669
981 2980
1403 3402
565 2564
759 2758
1576 3575
921 2920
805 2804
439 2438
1484 3483
1037 3036
1618 3617
1064 3063
886 2885
737 2736
254 2253
1933 3932
1835 3834
669 2668
1049 3048
273 2272
1271 3270
651 2650
1622 3621
771 2770
1323 3322
434 2433
1863 3862
1885 3884
1609 3608
294 2293
1435 3434
1765 3764
1016 3015
1260 3259
175 2174
823 2822
10 2009
730 2729
649 2648
1839 3838
551 2550
1294 3293
1550 3549
1158 3157
107 2106
567 2566
1690 3689
212 2211
932 2931
155 2154
919 2918
1215 3214
142 2141
878 2877
1631 3630
633 2632
676 2675
1346 3345
371 2370
1117 3116
1927 3926
1367 3366
292 2291
1975 3974
530 2529
754 2753
1020 3019
1982 3981
1147 3146
56 2055
554 2553
306 2305
1416 3415
391 2390
1857 3856
1477 3476
1115 3114
463 2462
1003 3002
205 2204
514 2513
1468 3467
82 2081
1900 3899
825 2824
1670 3669
172 2171
898 2897
1093 3092
216 2215
290 2289
1901 3900
979 2978
49 2048
193 2192
105 2104
1389 3388
1157 3156
1129 3128
1075 3074
1305 3304
426 2425
367 2366
1218 3217
1226 3225
1004 3003
1896 3895
1011 3010
1612 3611
1087 3086
101 2100
189 2188
243 2242
404 2403
1782 3781
1556 3555
470 2469
129 2128
602 2601
1162 3161
1292 3291
1013 3012
1313 3312
896 2895
840 2839
1489 3488
819 2818
1498 3497
1033 3032
836 2835
64 2063
1628 3627
662 2661
1268 3267
380 2379
1284 3283
1492 3491
689 2688
209 2208
1094 3093
1250 3249
1248 3247
594 2593
1180 3179
1131 3130
829 2828
524 2523
312 2311
559 2558
1439 3438
444 2443
1216 3215
708 2707
118 2117
715 2714
864 2863
1928 3927
520 2519
1387 3386
1867 3866
1724 3723
431 2430
122 2121
272 2271
1909 3908
1530 3529
164 2163
1401 3400
1605 3604
1776 3775
375 2374
1322 3321
1034 3033
1119 3118
744 2743
766 2765
1365 3364
76 2075
629 2628
85 2084
63 2062
293 2292
783 2782
1985 3984
860 2859
1538 3537
800 2799
1400 3399
1669 3668
1154 3153
1533 3532
1581 3580
807 2806
1629 3628
890 2889
1866 3865
1222 3221
410 2409
231 2230
1671 3670
319 2318
891 2890
1257 3256
1915 3914
1759 3758
1880 3879
710 2709
1846 3845
235 2234
1833 3832
1608 3607
1340 3339
145 2144
246 2245
376 2375
1083 3082
785 2784
442 2441
586 2585
1809 3808
1328 3327
344 2343
1830 3829
699 2698
1604 3603
342 2341
787 2786
636 2635
1840 3839
1755 3754
1241 3240
1651 3650
984 2983
1695 3694
1603 3602
1332 3331
81 2080
1299 3298
619 2618
262 2261
756 2755
178 2177
1255 3254
1123 3122
1233 3232
963 2962
1781 3780
859 2858
541 2540
547 2546
412 2411
495 2494
1168 3167
493 2492
233 2232
748 2747
1937 3936
993 2992
90 2089
1446 3445
299 2298
1067 3066
33 2032
1610 3609
1794 3793
1978 3977
1150 3149
106 2105
1541 3540
951 2950
791 2790
1705 3704
1273 3272
1708 3707
1779 3778
1895 3894
613 2612
618 2617
458 2457
727 2726
1395 3394
747 2746
506 2505
1757 3756
1736 3735
241 2240
1052 3051
1143 3142
810 2809
160 2159
987 2986
907 2906
1132 3131
1616 3615
827 2826
750 2749
249 2248
356 2355
325 2324
1763 3762
1633 3632
1893 3892
1635 3634
304 2303
934 2933
1176 3175
481 2480
1144 3143
1644 3643
811 2810
694 2693
1024 3023
30 2029
1570 3569
575 2574
903 2902
1806 3805
163 2162
521 2520
400 2399
957 2956
892 2891
779 2778
250 2249
384 2383
1557 3556
113 2112
1702 3701
204 2203
1085 3084
1196 3195
950 2949
1106 3105
1662 3661
1563 3562
456 2455
855 2854
1270 3269
630 2629
302 2301
281 2280
202 2201
1407 3406
1382 3381
1730 3729
1904 3903
1585 3584
37 2036
317 2316
1627 3626
1262 3261
170 2169
1728 3727
1461 3460
1929 3928
135 2134
19 2018
1772 3771
1908 3907
109 2108
1097 3096
1027 3026
642 2641
333 2332
1208 3207
377 2376
593 2592
1703 3702
952 2951
489 2488
596 2595
1396 3395
1110 3109
1673 3672
1366 3365
75 2074
1523 3522
1668 3667
1737 3736
704 2703
1487 3486
1091 3090
761 2760
1601 3600
918 2917
297 2296
678 2677
327 2326
207 2206
956 2955
1685 3684
1940 3939
1089 3088
1856 3855
497 2496
1711 3710
93 2092
1942 3941
77 2076
1887 3886
1361 3360
1725 3724
1267 3266
531 2530
1138 3137
850 2849
1592 3591
622 2621
98 2097
775 2774
1697 3696
875 2874
1057 3056
1886 3885
1419 3418
1827 3826
943 2942
1289 3288
657 2656
884 2883
937 2936
1392 3391
1922 3921
835 2834
571 2570
1466 3465
1877 3876
868 2867
1177 3176
1878 3877
259 2258
46 2045
719 2718
1962 3961
483 2482
1282 3281
1438 3437
876 2875
1066 3065
948 2947
1410 3409
1777 3776
822 2821
477 2476
933 2932
1153 3152
1770 3769
757 2756
303 2302
26 2025
194 2193
1892 3891
1128 3127
149 2148
222 2221
646 2645
914 2913
1452 3451
1803 3802
1643 3642
1542 3541
1072 3071
725 2724
1528 3527
760 2759
1672 3671
498 2497
1977 3976
253 2252
897 2896
1430 3429
360 2359
1434 3433
1595 3594
136 2135
828 2827
830 2829
1820 3819
1649 3648
962 2961
1187 3186
851 2850
382 2381
1035 3034
1555 3554
1493 3492
159 2158
1341 3340
157 2156
692 2691
555 2554
1659 3658
18 2017
25 2024
339 2338
1040 3039
889 2888
1502 3501
1456 3455
929 2928
1775 3774
320 2319
195 2194
578 2577
1384 3383
1254 3253
833 2832
1918 3917
1116 3115
1552 3551
1998 3997
1993 3992
958 2957
1932 3931
1521 3520
352 2351
1632 3631
751 2750
66 2065
1720 3719
213 2212
1274 3273
1948 3947
1415 3414
1748 3747
459 2458
1184 3183
1427 3426
562 2561
405 2404
1691 3690
1800 3799
1817 3816
1539 3538
1921 3920
260 2259
1476 3475
844 2843
601 2600
965 2964
1855 3854
1422 3421
969 2968
359 2358
1507 3506
1288 3287
167 2166
1059 3058
1954 3953
1486 3485
137 2136
1499 3498
265 2264
1625 3624
871 2870
667 2666
358 2357
801 2800
474 2473
1849 3848
966 2965
1342 3341
214 2213
986 2985
161 2160
1070 3069
1510 3509
1479 3478
1935 3934
221 2220
179 2178
1647 3646
1735 3734
1861 3860
68 2067
24 2023
45 2044
1532 3531
654 2653
624 2623
1256 3255
967 2966
460 2459
533 2532
1277 3276
1767 3766
288 2287
516 2515
1573 3572
1029 3028
631 2630
804 2803
48 2047
1199 3198
572 2571
660 2659
908 2907
3 2002
626 2625
1891 3890
1230 3229
20 2019
1679 3678
1014 3013
839 2838
1423 3422
1028 3027
1335 3334
296 2295
1457 3456
1744 3743
89 2088
1431 3430
1543 3542
1394 3393
421 2420
208 2207
1359 3358
686 2685
792 2791
1448 3447
351 2350
1534 3533
1160 3159
436 2435
749 2748
1444 3443
1247 3246
1193 3192
398 2397
174 2173
133 2132
1354 3353
1445 3444
777 2776
990 2989
616 2615
1090 3089
824 2823
1578 3577
798 2797
540 2539
1228 3227
611 2610
1707 3706
1139 3138
432 2431
1788 3787
1926 3925
1655 3654
1494 3493
931 2930
1149 3148
328 2327
1243 3242
1916 3915
1356 3355
1854 3853
674 2673
438 2437
1408 3407
1191 3190
1203 3202
639 2638
1793 3792
1390 3389
1086 3085
773 2772
1787 3786
738 2737
1721 3720
1531 3530
1847 3846
1344 3343
1076 3075
385 2384
217 2216
1287 3286
258 2257
847 2846
615 2614
1751 3750
1522 3521
141 2140
1804 3803
1418 3417
1331 3330
1774 3773
1920 3919
464 2463
728 2727
1432 3431
1151 3150
341 2340
134 2133
1252 3251
746 2745
1472 3471
517 2516
271 2270
1301 3300
881 2880
1124 3123
73 2072
1999 3998
634 2633
1237 3236
1876 3875
1913 3912
637 2636
1155 3154
742 2741
842 2841
1370 3369
717 2716
309 2308
1006 3005
8 2007
1742 3741
52 2051
488 2487
1417 3416
1141 3140
974 2973
437 2436
1302 3301
441 2440
1848 3847
1912 3911
171 2170
1682 3681
182 2181
683 2682
525 2524
1224 3223
94 2093
1311 3310
1073 3072
1437 3436
1501 3500
632 2631
23 2022
1678 3677
1623 3622
131 2130
941 2940
568 2567
1107 3106
74 2073
856 2855
659 2658
140 2139
917 2916
883 2882
867 2866
821 2820
1330 3329
128 2127
1362 3361
1963 3962
916 2915
1862 3861
980 2979
1357 3356
1674 3673
1428 3427
1310 3309
545 2544
60 2059
955 2954
383 2382
1995 3994
1819 3818
120 2119
1723 3722
1074 3073
1051 3050
1077 3076
51 2050
1718 3717
1575 3574
924 2923
424 2423
770 2769
1564 3563
1297 3296
1919 3918
1943 3942
1553 3552
1145 3144
124 2123
1838 3837
1406 3405
332 2331
1514 3513
610 2609
1582 3581
417 2416
1818 3817
1923 3922
1577 3576
1860 3859
55 2054
318 2317
177 2176
1991 3990
1851 3850
1836 3835
1234 3233
1653 3652
564 2563
812 2811
664 2663
1420 3419
1426 3425
1716 3715
1637 3636
831 2830
1264 3263
1198 3197
1163 3162
691 2690
1306 3305
1745 3744
425 2424
1656 3655
1964 3963
709 2708
1065 3064
784 2783
153 2152
577 2576
1055 3054
1164 3163
389 2388
1683 3682
226 2225
1263 3262
1699 3698
1231 3230
1813 3812
1496 3495
899 2898
861 2860
1661 3660
1778 3777
1746 3745
5 2004
1136 3135
1687 3686
985 2984
885 2884
1907 3906
1259 3258
813 2812
430 2429
476 2475
1337 3336
1098 3097
21 2020
887 2886
92 2091
1548 3547
132 2131
1988 3987
1099 3098
1108 3107
1463 3462
69 2068
688 2687
1666 3665
537 2536
211 2210
42 2041
788 2787
945 2944
1713 3712
1715 3714
845 2844
1166 3165
534 2533
484 2483
148 2147
1200 3199
1009 3008
84 2083
1388 3387
1658 3657
1300 3299
1971 3970
283 2282
1615 3614
1352 3351
820 2819
863 2862
1409 3408
450 2449
1278 3277
369 2368
1992 3991
176 2175
1738 3737
305 2304
913 2912
1973 3972
1986 3985
162 2161
1547 3546
399 2398
1527 3526
188 2187
1161 3160
706 2705
920 2919
322 2321
1178 3177
227 2226
1801 3800
1227 3226
1872 3871
1429 3428
1017 3016
1996 3995
1295 3294
1949 3948
1970 3969
786 2785
6 2005
1598 3597
816 2815
1339 3338
1240 3239
1652 3651
180 2179
244 2243
97 2096
1483 3482
644 2643
1019 3018
818 2817
1689 3688
1360 3359
1559 3558
1636 3635
526 2525
1597 3596
1526 3525
1235 3234
103 2102
1338 3337
420 2419
1815 3814
1515 3514
826 2825
797 2796
447 2446
695 2694
1795 3794
724 2723
1269 3268
1805 3804
1279 3278
598 2597
1369 3368
423 2422
1219 3218
496 2495
1667 3666
873 2872
1022 3021
609 2608
2 2001
841 2840
1583 3582
1941 3940
1739 3738
1586 3585
814 2813
1675 3674
1491 3490
419 2418
245 2244
647 2646
1641 3640
583 2582
1790 3789
287 2286
1045 3044
989 2988
1516 3515
975 2974
362 2361
440 2439
1544 3543
711 2710
307 2306
909 2908
1966 3965
277 2276
1646 3645
455 2454
1621 3620
1440 3439
433 2432
263 2262
606 2605
1561 3560
1560 3559
599 2598
682 2681
408 2407
1791 3790
1568 3567
782 2781
338 2337
1657 3656
1798 3797
416 2415
452 2451
1211 3210
1159 3158
1405 3404
230 2229
558 2557
700 2699
1524 3523
1936 3935
858 2857
723 2722
130 2129
468 2467
1693 3692
1740 3739
1558 3557
1194 3193
1786 3785
1101 3100
656 2655
1441 3440
1246 3245
1517 3516
1731 3730
1677 3676
1944 3943
1189 3188
411 2410
70 2069
743 2742
1378 3377
1007 3006
538 2537
1135 3134
1212 3211
1102 3101
1968 3967
1505 3504
1663 3662
668 2667
1381 3380
422 2421
251 2250
505 2504
846 2845
556 2555
1327 3326
27 2026
1808 3807
1280 3279
1095 3094
1785 3784
146 2145
983 2982
87 2086
513 2512
1298 3297
1508 3507
91 2090
862 2861
1350 3349
150 2149
1213 3212
793 2792
1018 3017
949 2948
1509 3508
1874 3873
685 2684
762 2761
1137 3136
490 2489
582 2581
857 2856
507 2506
1910 3909
960 2959
767 2766
635 2634
12 2011
872 2871
96 2095
1588 3587
1979 3978
1696 3695
1506 3505
1749 3748
264 2263
315 2314
379 2378
1220 3219
1924 3923
1574 3573
1930 3929
192 2191
650 2649
1773 3772
755 2754
1236 3235
721 2720
331 2330
1976 3975
1165 3164
1865 3864
1475 3474
904 2903
926 2925
1082 3081
466 2465
220 2219
1766 3765
617 2616
1480 3479
1103 3102
1258 3257
1889 3888
1192 3191
511 2510
768 2767
1602 3601
104 2103
1455 3454
713 2712
512 2511
553 2552
1511 3510
34 2033
1654 3653
402 2401
168 2167
1600 3599
301 2300
930 2929
255 2254
71 2070
522 2521
550 2549
576 2575
837 2836
355 2354
11 2010
1134 3133
1743 3742
1871 3870
731 2730
9 2008
763 2762
1053 3052
623 2622
1202 3201
1958 3957
1951 3950
573 2572
994 2993
323 2322
781 2780
982 2981
1047 3046
953 2952
1529 3528
350 2349
673 2672
581 2580
181 2180
401 2400
716 2715
1048 3047
652 2651
1704 3703
627 2626
1008 3007
1832 3831
817 2816
806 2805
702 2701
286 2285
1825 3824
1897 3896
1398 3397
1205 3204
396 2395
1032 3031
121 2120
1617 3616
223 2222
1664 3663
621 2620
378 2377
485 2484
1449 3448
1504 3503
935 2934
479 2478
552 2551
1043 3042
364 2363
1729 3728
270 2269
1983 3982
461 2460
1383 3382
1021 3020
1882 3881
108 2107
1686 3685
1810 3809
1500 3499
1447 3446
1650 3649
1980 3979
752 2751
1812 3811
852 2851
1185 3184
1591 3590
1890 3889
796 2795
72 2071
298 2297
1054 3053
1495 3494
1242 3241
1314 3313
1069 3068
247 2246
1639 3638
671 2670
238 2237
869 2868
473 2472
1870 3869
1518 3517
185 2184
1884 3883
1324 3323
1345 3344
1536 3535
843 2842
1039 3038
1732 3731
1333 3332
1261 3260
144 2143
733 2732
1122 3121
388 2387
502 2501
38 2037
492 2491
334 2333
590 2589
769 2768
1421 3420
1195 3194
321 2320
1902 3901
1619 3618
620 2619
970 2969
1706 3705
143 2142
999 2998
54 2053
99 2098
280 2279
1829 3828
655 2654
1436 3435
1753 3752
112 2111
1092 3091
289 2288
1329 3328
295 2294
1750 3749
542 2541
905 2904
275 2274
544 2543
1038 3037
1709 3708
764 2763
1121 3120
13 2012
237 2236
1312 3311
794 2793
925 2924
1614 3613
735 2734
1965 3964
268 2267
906 2905
753 2752
114 2113
1587 3586
1142 3141
566 2565
406 2405
1451 3450
123 2122
1276 3275
510 2509
587 2586
190 2189
988 2987
1761 3760
1080 3079
1374 3373
111 2110
997 2996
1947 3946
745 2744
414 2413
1960 3959
998 2997
648 2647
1607 3606
1634 3633
1125 3124
666 2665
1223 3222
1512 3511
349 2348
1579 3578
1469 3468
1566 3565
1719 3718
608 2607
29 2028
1375 3374
954 2953
1424 3423
206 2205
491 2490
1520 3519
1473 3472
1169 3168
1380 3379
1760 3759
267 2266
1397 3396
324 2323
454 2453
1326 3325
808 2807
1304 3303
690 2689
503 2502
151 2150
1572 3571
16 2015
765 2764
1580 3579
734 2733
1232 3231
940 2939
1758 3757
1334 3333
1684 3683
1519 3518
1221 3220
643 2642
50 2049
1955 3954
1063 3062
127 2126
1733 3732
1296 3295
57 2056
529 2528
86 2085
1834 3833
1939 3938
1111 3110
1391 3390
1525 3524
1640 3639
138 2137
1611 3610
1858 3857
698 2697
1841 3840
1225 3224
895 2894
1569 3568
1275 3274
365 2364
316 2315
591 2590
1931 3930
47 2046
372 2371
697 2696
774 2773
1562 3561
1167 3166
1442 3441
1386 3385
1894 3893
641 2640
1130 3129
663 2662
1905 3904
776 2775
347 2346
22 2021
446 2445
139 2138
1058 3057
705 2704
276 2275
579 2578
1898 3897
218 2217
640 2639
1368 3367
607 2606
187 2186
1373 3372
345 2344
1318 3317
1824 3823
1879 3878
1645 3644
409 2408
1565 3564
1210 3209
1015 3014
1961 3960
7 2006
1594 3593
1714 3713
1238 3237
684 2683
336 2335
429 2428
1816 3815
560 2559
156 2155
1062 3061
1412 3411
1883 3882
169 2168
1799 3798
528 2527
915 2914
893 2892
712 2711
1959 3958
1152 3151
1146 3145
978 2977
865 2864
1864 3863
1540 3539
1404 3403
658 2657
1474 3473
1620 3619
1465 3464
1688 3687
1358 3357
475 2474
1722 3721
346 2345
486 2485
415 2414
772 2771
614 2613
790 2789
1780 3779
1726 3725
40 2039
15 2014
740 2739
1969 3968
653 2652
1272 3271
1458 3457
1485 3484
726 2725
1182 3181
1796 3795
1868 3867
1826 3825
570 2569
1355 3354
1343 3342
348 2347
1453 3452
605 2604
739 2738
1206 3205
1377 3376
154 2153
879 2878
758 2757
61 2060
1118 3117
1665 3664
284 2283
714 2713
403 2402
1253 3252
936 2935
1002 3001
407 2406
1925 3924
183 2182
62 2061
173 2172
1411 3410
604 2603
361 2360
386 2385
1571 3570
947 2946
628 2627
1041 3040
866 2865
427 2426
910 2909
392 2391
1546 3545
448 2447
1363 3362
1291 3290
43 2042
53 2052
1589 3588
1551 3550
1934 3933
661 2660
959 2958
1994 3993
789 2788
1853 3852
95 2094
83 2082
78 2077
1402 3401
1784 3783
1348 3347
1156 3155
17 2016
256 2255
574 2573
1114 3113
1433 3432
589 2588
991 2990
1956 3955
1762 3761
1917 3916
1624 3623
900 2899
373 2372
729 2728
1170 3169
1842 3841
1046 3045
1084 3083
1096 3095
1044 3043
1319 3318
1081 3080
1467 3466
467 2466
1764 3763
1120 3119
1701 3700
462 2461
1584 3583
557 2556
1454 3453
1266 3265
117 2116
453 2452
428 2427
971 2970
229 2228
1079 3078
1112 3111
1336 3335
88 2087
1482 3481
992 2991
1845 3844
603 2602
515 2514
343 2342
1953 3952
1844 3843
1127 3126
1364 3363
922 2921
703 2702
200 2199
300 2299
675 2674
469 2468
938 2937
802 2801
329 2328
1911 3910
203 2202
1460 3459
393 2392
1464 3463
110 2109
1957 3956
387 2386
536 2535
1481 3480
1010 3009
535 2534
1606 3605
119 2118
1952 3951
1471 3470
1490 3489
1754 3753
1217 3216
1680 3679
1 2000
638 2637
996 2995
1265 3264
1990 3989
928 2927
115 2114
946 2945
36 2035
1899 3898
457 2456
1459 3458
1821 3820
1133 3132
1026 3025
1181 3180
519 2518
1293 3292
1869 3868
976 2975
1100 3099
278 2277
1875 3874
1376 3375
1783 3782
1023 3022
1828 3827
1174 3173
901 2900
1797 3796
854 2853
1188 3187
41 2040
335 2334
1950 3949
184 2183
964 2963
1036 3035
548 2547
1906 3905
1945 3944
1741 3740
546 2545
1756 3755
1197 3196
563 2562
977 2976
308 2307
888 2887
1031 3030
561 2560
314 2313
311 2310
523 2522
340 2339
1351 3350
1752 3751
232 2231
696 2695
944 2943
1997 3996
1850 3849
1113 3112
1938 3937
1105 3104
1802 3801
693 2692
1443 3442
166 2165
58 2057
1981 3980
778 2777
390 2389
472 2471
1307 3306
1535 3534
14 2013
1984 3983
196 2195
197 2196
504 2503
585 2584
687 2686
370 2369
285 2284
445 2444
1171 3170
501 2500
1807 3806
1229 3228
1425 3424
1005 3004
1837 3836
1239 3238
1290 3289
102 2101
252 2251
413 2412
234 2233
480 2479
849 2848
665 2664
291 2290
310 2309
1207 3206
1349 3348
539 2538
580 2579
1173 3172
465 2464
1554 3553
1599 3598
451 2450
1537 3536
681 2680
1769 3768
1140 3139
330 2329
1727 3726
282 2281
1470 3469
353 2352
1245 3244
1676 3675
1061 3060
680 2679
834 2833
201 2200
59 2058
224 2223
471 2470
1710 3709
1317 3316
672 2671
1413 3412
1694 3693
242 2241
1852 3851
366 2365
443 2442
1172 3171
894 2893
1811 3810
1914 3913
32 2031
39 2038
266 2265
236 2235
1717 3716
1497 3496
968 2967
701 2700
35 2034
269 2268
1303 3302
595 2594
499 2498
707 2706
1371 3370
1642 3641
720 2719
1567 3566
1209 3208
1012 3011
1393 3392
592 2591
228 2227
799 2798
1698 3697
261 2260
147 2146
882 2881
395 2394
65 2064
1792 3791
