2000
2767 2770
3317 3320
3421 3424
511 514
1391 1394
1403 1406
3411 3414
1081 1084
2719 2722
497 500
1919 1922
3105 3108
1435 1438
1815 1818
3151 3154
1249 1252
2987 2990
2277 2280
3369 3372
2831 2834
2043 2046
1449 1452
2673 2676
863 866
2503 2506
3577 3580
2567 2570
1421 1424
2915 2918
1149 1152
1047 1050
2707 2710
157 160
623 626
2309 2312
1151 1154
1019 1022
2595 2598
2997 3000
2105 2108
1993 1996
519 522
651 654
2297 2300
3315 3318
1991 1994
1069 1072
2991 2994
775 778
2787 2790
2541 2544
3389 3392
2097 2100
1141 1144
3417 3420
3941 3944
3501 3504
3261 3264
1487 1490
685 688
561 564
895 898
1377 1380
3153 3156
1827 1830
2279 2282
3521 3524
1937 1940
2357 2360
3263 3266
2743 2746
2177 2180
3321 3324
533 536
101 104
983 986
1771 1774
3529 3532
1685 1688
2973 2976
447 450
3043 3046
1833 1836
2613 2616
3345 3348
2665 2668
371 374
3319 3322
2849 2852
887 890
2543 2546
1415 1418
2961 2964
1447 1450
559 562
2671 2674
1871 1874
1335 1338
773 776
579 582
3109 3112
767 770
2715 2718
3617 3620
3607 3610
2109 2112
2251 2254
3233 3236
3103 3106
2621 2624
1309 1312
2227 2230
463 466
2521 2524
707 710
2437 2440
1913 1916
771 774
2209 2212
339 342
1637 1640
1843 1846
1689 1692
323 326
3591 3594
3363 3366
855 858
1457 1460
3903 3906
2675 2678
3975 3978
1935 1938
479 482
1213 1216
3845 3848
3947 3950
2893 2896
2811 2814
1229 1232
975 978
2091 2094
1639 1642
3215 3218
2867 2870
3953 3956
1021 1024
3049 3052
245 248
169 172
2409 2412
597 600
933 936
2075 2078
2459 2462
2487 2490
239 242
2913 2916
1911 1914
2333 2336
961 964
1657 1660
991 994
675 678
2443 2446
1999 2002
487 490
205 208
917 920
2139 2142
3409 3412
3187 3190
2923 2926
841 844
2135 2138
1515 1518
1419 1422
3095 3098
3639 3642
867 870
2661 2664
3227 3230
3247 3250
939 942
697 700
217 220
1425 1428
1025 1028
2115 2118
883 886
2693 2696
3325 3328
467 470
973 976
2301 2304
2481 2484
583 586
2201 2204
1631 1634
3543 3546
2601 2604
2123 2126
3349 3352
191 194
2079 2082
259 262
743 746
1971 1974
2221 2224
541 544
391 394
2121 2124
2119 2122
2243 2246
1333 1336
3327 3330
997 1000
1305 1308
2873 2876
1373 1376
3983 3986
379 382
1381 1384
1195 1198
1805 1808
185 188
1609 1612
3485 3488
315 318
3787 3790
1327 1330
1365 1368
37 40
1869 1872
1071 1074
2 3999
3917 3920
1891 1894
1371 1374
47 50
3303 3306
2669 2672
3163 3166
1185 1188
749 752
3079 3082
3457 3460
723 726
3775 3778
1341 1344
3643 3646
2063 2066
921 924
3045 3048
3877 3880
1607 1610
1287 1290
3199 3202
449 452
935 938
2781 2784
435 438
1011 1014
3513 3516
3575 3578
2141 2144
1225 1228
2343 2346
1621 1624
2925 2928
3083 3086
643 646
1417 1420
1711 1714
207 210
3995 3998
1257 1260
2475 2478
69 72
2019 2022
679 682
3055 3058
2883 2886
853 856
3683 3686
1321 1324
3955 3958
2463 2466
2979 2982
1161 1164
2451 2454
3849 3852
1807 1810
159 162
3655 3658
1801 1804
1187 1190
2187 2190
2947 2950
2383 2386
627 630
469 472
3267 3270
989 992
2389 2392
1169 1172
1395 1398
3139 3142
3309 3312
1267 1270
441 444
3813 3816
1107 1110
2907 2910
403 406
1063 1066
661 664
1437 1440
2381 2384
247 250
2489 2492
2275 2278
389 392
3051 3054
1745 1748
2783 2786
2399 2402
3667 3670
1041 1044
733 736
505 508
1755 1758
2857 2860
1705 1708
899 902
1577 1580
513 516
1511 1514
2003 2006
1015 1018
2223 2226
2733 2736
693 696
1823 1826
3465 3468
3571 3574
1599 1602
235 238
2163 2166
1291 1294
985 988
1697 1700
57 60
2995 2998
377 380
3597 3600
2347 2350
1787 1790
3537 3540
2265 2268
2999 3002
3135 3138
1537 1540
3859 3862
3637 3640
73 76
1781 1784
1983 1986
2969 2972
3307 3310
925 928
977 980
459 462
1789 1792
3009 3012
103 106
3229 3232
809 812
1691 1694
3203 3206
2657 2660
2479 2482
2495 2498
2085 2088
3355 3358
1535 1538
3503 3506
3357 3360
1049 1052
1091 1094
2695 2698
2627 2630
2393 2396
2565 2568
2561 2564
267 270
2649 2652
241 244
423 426
3089 3092
1615 1618
3927 3930
3741 3744
2151 2154
1013 1016
2193 2196
915 918
65 68
2359 2362
2057 2060
1949 1952
969 972
2737 2740
2171 2174
3037 3040
3253 3256
3549 3552
905 908
2099 2102
2949 2952
3463 3466
1173 1176
951 954
3751 3754
395 398
1721 1724
869 872
2327 2330
1751 1754
1981 1984
3157 3160
359 362
1059 1062
3221 3224
11 14
413 416
2853 2856
889 892
1779 1782
1715 1718
755 758
531 534
2659 2662
473 476
599 602
691 694
715 718
223 226
2473 2476
2891 2894
527 530
3435 3438
3147 3150
3439 3442
2255 2258
1157 1160
213 216
3899 3902
255 258
155 158
1653 1656
971 974
1137 1140
91 94
269 272
837 840
2843 2846
3087 3090
1393 1396
937 940
3869 3872
1507 1510
89 92
3661 3664
1219 1222
1329 1332
2745 2748
211 214
71 74
2467 2470
2697 2700
1839 1842
2861 2864
3965 3968
861 864
3705 3708
1189 1192
263 266
2901 2904
1865 1868
1595 1598
1915 1918
351 354
3753 3756
385 388
567 570
2067 2070
2839 2842
3433 3436
161 164
2199 2202
909 912
1343 1346
1469 1472
1795 1798
303 306
3241 3244
17 20
3731 3734
2337 2340
2757 2760
279 282
327 330
129 132
1701 1704
321 324
667 670
2291 2294
1941 1944
3915 3918
1147 1150
2653 2656
1945 1948
1571 1574
999 1002
1171 1174
3673 3676
2527 2530
3377 3380
3631 3634
3987 3990
829 832
1953 1956
2611 2614
1163 1166
2397 2400
2639 2642
1073 1076
1235 1238
1605 1608
3609 3612
1387 1390
1763 1766
3901 3904
2367 2370
31 34
3997 4000
879 882
3831 3834
1923 1926
1017 1020
369 372
1093 1096
3695 3698
1799 1802
1351 1354
2533 2536
3937 3940
2981 2984
3633 3636
2837 2840
453 456
397 400
1633 1636
2699 2702
2073 2076
537 540
593 596
1479 1482
3301 3304
2583 2586
307 310
1251 1254
415 418
381 384
3541 3544
257 260
2469 2472
2191 2194
2735 2738
2185 2188
2181 2184
3361 3364
2165 2168
3517 3520
365 368
3397 3400
3889 3892
2143 2146
3871 3874
845 848
2233 2236
3531 3534
2161 2164
3605 3608
1265 1268
631 634
1117 1120
873 876
3059 3062
2985 2988
1907 1910
1233 1236
1259 1262
1883 1886
3837 3840
699 702
2505 2508
3945 3948
3547 3550
2259 2262
3527 3530
3311 3314
1545 1548
2723 2726
443 446
3911 3914
2211 2214
2051 2054
3539 3542
3341 3344
1125 1128
3509 3512
931 934
1649 1652
3483 3486
2875 2878
3025 3028
2775 2778
491 494
3651 3654
2089 2092
1103 1106
2573 2576
3785 3788
427 430
1581 1584
839 842
3491 3494
2331 2334
3957 3960
2411 2414
219 222
25 28
3179 3182
3621 3624
2113 2116
325 328
2769 2772
2817 2820
3749 3752
55 58
825 828
2761 2764
2407 2410
2921 2924
3737 3740
3205 3208
1975 1978
457 460
471 474
2095 2098
2299 2302
19 22
2391 2394
613 616
1035 1038
3011 3014
9 12
3767 3770
3297 3300
3599 3602
2395 2398
735 738
1135 1138
1445 1448
2215 2218
135 138
3071 3074
2059 2062
3629 3632
781 784
131 134
805 808
2525 2528
3461 3464
1211 1214
575 578
2239 2242
1527 1530
1037 1040
2041 2044
3723 3726
3073 3076
2829 2832
3399 3402
3453 3456
3551 3554
3313 3316
3625 3628
1597 1600
1879 1882
3427 3430
2617 2620
2833 2836
3561 3564
1543 1546
2371 2374
3699 3702
1055 1058
3681 3684
1713 1716
3387 3390
21 24
1499 1502
2441 2444
1191 1194
3447 3450
2691 2694
1239 1242
1989 1992
927 930
2509 2512
1817 1820
2813 2816
3843 3846
2477 2480
3033 3036
2963 2966
1681 1684
411 414
3437 3440
179 182
525 528
509 512
1831 1834
3285 3288
2515 2518
1289 1292
2249 2252
1455 1458
1929 1932
3989 3992
3293 3296
1933 1936
1303 1306
1977 1980
1591 1594
1361 1364
1349 1352
1475 1478
3477 3480
1491 1494
1275 1278
3077 3080
1165 1168
2013 2016
3081 3084
3487 3490
3493 3496
175 178
421 424
2689 2692
425 428
543 546
3581 3584
3627 3630
2683 2686
93 96
1585 1588
3691 3694
3305 3308
2197 2200
1297 1300
2009 2012
2905 2908
1659 1662
3119 3122
3031 3034
1687 1690
1551 1554
1559 1562
2405 2408
3429 3432
3523 3526
785 788
281 284
1253 1256
181 184
1397 1400
1951 1954
2701 2704
2741 2744
1369 1372
1307 1310
2679 2682
3029 3032
2413 2416
2623 2626
1139 1142
2345 2348
3075 3078
1769 1772
45 48
1645 1648
1921 1924
2247 2250
2789 2792
51 54
3815 3818
1589 1592
995 998
3161 3164
817 820
1737 1740
1237 1240
569 572
3295 3298
1671 1674
1747 1750
85 88
727 730
2027 2030
335 338
3353 3356
3663 3666
3249 3252
405 408
2379 2382
481 484
2461 2464
2219 2222
3839 3842
945 948
2415 2418
981 984
3299 3302
1905 1908
615 618
1431 1434
2375 2378
1875 1878
717 720
1313 1316
1997 2000
2153 2156
2117 2120
2127 2130
1707 1710
3455 3458
151 154
499 502
3343 3346
1205 1208
437 440
1001 1004
265 268
2605 2608
2545 2548
3291 3294
3711 3714
1279 1282
331 334
913 916
3099 3102
3559 3562
2729 2732
893 896
3053 3056
1727 1730
1777 1780
1085 1088
2885 2888
1065 1068
249 252
3715 3718
1979 1982
2903 2906
963 966
3847 3850
2087 2090
119 122
1739 1742
1925 1928
2329 2332
1493 1496
3873 3876
1009 1012
1587 1590
3979 3982
1603 1606
1355 1358
401 404
2585 2588
3069 3072
289 292
49 52
1269 1272
1061 1064
1481 1484
353 356
2751 2754
2909 2912
199 202
665 668
1677 1680
2369 2372
79 82
3013 3016
2881 2884
897 900
127 130
2213 2216
1743 1746
601 604
1717 1720
903 906
2023 2026
3337 3340
2001 2004
2847 2850
1113 1116
799 802
2643 2646
2031 2034
3943 3946
3569 3572
3219 3222
747 750
3335 3338
2039 2042
979 982
345 348
2365 2368
769 772
215 218
2685 2688
2749 2752
3879 3882
2285 2288
1569 1572
1561 1564
341 344
1987 1990
3171 3174
3931 3934
1825 1828
2419 2422
3743 3746
557 560
2231 2234
3431 3434
1539 1542
1531 1534
1733 1736
2647 2650
2593 2596
2065 2068
3351 3354
3519 3522
2577 2580
1849 1852
807 810
3757 3760
2295 2298
3593 3596
3445 3448
587 590
3207 3210
673 676
2429 2432
815 818
1079 1082
1837 1840
3063 3066
3001 3004
3497 3500
545 548
115 118
1803 1806
3155 3158
2485 2488
337 340
2887 2890
653 656
143 146
2929 2932
1533 1536
993 996
1153 1156
123 126
417 420
3891 3894
1423 1426
3191 3194
2989 2992
3469 3472
2725 2728
3969 3972
461 464
2427 2430
243 246
2081 2084
2433 2436
1323 1326
3887 3890
2287 2290
1223 1226
671 674
1067 1070
831 834
2225 2228
419 422
1451 1454
1123 1126
529 532
1963 1966
2859 2862
1033 1036
1473 1476
87 90
3993 3996
3725 3728
2591 2594
1039 1042
1503 1506
3853 3856
3201 3204
3175 3178
3791 3794
745 748
1231 1234
1663 1666
1573 1576
3393 3396
731 734
1277 1280
2823 2826
941 944
3555 3558
367 370
2269 2272
2771 2774
2841 2844
477 480
3855 3858
495 498
955 958
2007 2010
1441 1444
2439 2442
2045 2048
919 922
943 946
3867 3870
3243 3246
2355 2358
2785 2788
3923 3926
105 108
409 412
2029 2032
3213 3216
3653 3656
2071 2074
3365 3368
2157 2160
1183 1186
1811 1814
2483 2486
2581 2584
689 692
3821 3824
1179 1182
465 468
3189 3192
1909 1912
1209 1212
3131 3134
1529 1532
291 294
2911 2914
2005 2008
1731 1734
1583 1586
3985 3988
677 680
3657 3660
547 550
133 136
3977 3980
1857 1860
1413 1416
2339 2342
637 640
2711 2714
1337 1340
1867 1870
843 846
1669 1672
3689 3692
1293 1296
3347 3350
3765 3768
813 816
3535 3538
3143 3146
753 756
3257 3260
2631 2634
2207 2210
2361 2364
967 970
1525 1528
2879 2882
3935 3938
3747 3750
3693 3696
3323 3326
2445 2448
2703 2706
15 18
573 576
1409 1412
1719 1722
2705 2708
1283 1286
811 814
1959 1962
2293 2296
2385 2388
3835 3838
835 838
2491 2494
847 850
2933 2936
3367 3370
1181 1184
589 592
3961 3964
3677 3680
3391 3394
2563 2566
2235 2238
659 662
663 666
2519 2522
1829 1832
1855 1858
1819 1822
2535 2538
3587 3590
125 128
203 206
1339 1342
2529 2532
3817 3820
2597 2600
1121 1124
183 186
833 836
2341 2344
3897 3900
1243 1246
645 648
1029 1032
901 904
1099 1102
75 78
965 968
1319 1322
3413 3416
2763 2766
1299 1302
763 766
619 622
3265 3268
1359 1362
3981 3984
2717 2720
2423 2426
3773 3776
3197 3200
1207 1210
1301 1304
1129 1132
2821 2824
877 880
2797 2800
319 322
2935 2938
2053 2056
59 62
3841 3844
2827 2830
305 308
2017 2020
189 192
3761 3764
3511 3514
445 448
2155 2158
3057 3060
3913 3916
1083 1086
1109 1112
97 100
687 690
1887 1890
3459 3462
2971 2974
431 434
647 650
2551 2554
3125 3128
1673 1676
3687 3690
317 320
1643 1646
3275 3278
563 566
1363 1366
3827 3830
297 300
3727 3730
3759 3762
555 558
3471 3474
1957 1960
7 10
13 16
1955 1958
2863 2866
1115 1118
3991 3994
2175 2178
3329 3332
1661 1664
2615 2618
3959 3962
2281 2284
2055 2058
3895 3898
3003 3006
2709 2712
783 786
1463 1466
33 36
1665 1668
3061 3064
1497 1500
1097 1100
3623 3626
1619 1622
2241 2244
3929 3932
3287 3290
53 56
3583 3586
167 170
2635 2638
3701 3704
2919 2922
229 232
3235 3238
1199 1202
1399 1402
2217 2220
823 826
1895 1898
711 714
1699 1702
1217 1220
1785 1788
1077 1080
3823 3826
3951 3954
2319 2322
1965 1968
2435 2438
1089 1092
2283 2286
2793 2796
1617 1620
2033 2036
2317 2320
2625 2628
2061 2064
1927 1930
1783 1786
3289 3292
1641 1644
227 230
39 42
313 316
2845 2848
3481 3484
2713 2716
29 32
3281 3284
2349 2352
607 610
1813 1816
761 764
2547 2550
2825 2828
1943 1946
719 722
1695 1698
3861 3864
1759 1762
493 496
2835 2838
3339 3342
2779 2782
911 914
3865 3868
629 632
3169 3172
2801 2804
3739 3742
1519 1522
705 708
3893 3896
907 910
789 792
283 286
3489 3492
2937 2940
77 80
2351 2354
2575 2578
1931 1934
1679 1682
2957 2960
3735 3738
2641 2644
1471 1474
3405 3408
2069 2072
177 180
3331 3334
1197 1200
233 236
1127 1130
111 114
2363 2366
1043 1046
2271 2274
3123 3126
3645 3648
1367 1370
3211 3214
209 212
2777 2780
1797 1800
3333 3336
1601 1604
273 276
3799 3802
3875 3878
3579 3582
1227 1230
61 64
187 190
947 950
1263 1266
585 588
147 150
3659 3662
2727 2730
2125 2128
3217 3220
2311 2314
683 686
3933 3936
725 728
633 636
3195 3198
3545 3548
433 436
801 804
1177 1180
1741 1744
2011 2014
1453 1456
1459 1462
571 574
475 478
1247 1250
3507 3510
2773 2776
1693 1696
95 98
2681 2684
2183 2186
517 520
3359 3362
1995 1998
3781 3784
2993 2996
1861 1864
3777 3780
1285 1288
3789 3792
2651 2654
1557 1560
2261 2264
549 552
2871 2874
2129 2132
1143 1146
1027 1030
343 346
2083 2086
2865 2868
949 952
3729 3732
1505 1508
3113 3116
99 102
1101 1104
2103 2106
3141 3144
3795 3798
713 716
451 454
2471 2474
1023 1026
1467 1470
2589 2592
3721 3724
1133 1136
2819 2822
3635 3638
2667 2670
2455 2458
2137 2140
3717 3720
821 824
3467 3470
1723 1726
1667 1670
2553 2556
1635 1638
2431 2434
173 176
737 740
2289 2292
857 860
777 780
2869 2872
1007 1010
2807 2810
641 644
2303 2306
1793 1796
2453 2456
1159 1162
3601 3604
2387 2390
3005 3008
145 148
2753 2756
1273 1276
2015 2018
2107 2110
3797 3800
1483 1486
3225 3228
605 608
363 366
3021 3024
2335 2338
3755 3758
1311 1314
251 254
2855 2858
81 84
3649 3652
3949 3952
3007 3010
1753 1756
3669 3672
3185 3188
113 116
535 538
2263 2266
2093 2096
2939 2942
361 364
2025 2028
293 296
3921 3924
2323 2326
3745 3748
261 264
277 280
501 504
1357 1360
795 798
793 796
2237 2240
695 698
2189 2192
3097 3100
3015 3018
2603 2606
107 110
2731 2734
1389 1392
787 790
3967 3970
285 288
2809 2812
2619 2622
2557 2560
2305 2308
2555 2558
295 298
3407 3410
2571 2574
3475 3478
195 198
2267 2270
171 174
1261 1264
649 652
539 542
1757 1760
165 168
3907 3910
2955 2958
2739 2742
2501 2504
621 624
2791 2794
3807 3810
3919 3922
2975 2978
3885 3888
953 956
1873 1876
1947 1950
609 612
881 884
2203 2206
1325 1328
2815 2818
729 732
3259 3262
3149 3152
3973 3976
635 638
591 594
1765 1768
3603 3606
3909 3912
3803 3806
489 492
3925 3928
1593 1596
3193 3196
5 8
1939 1942
399 402
83 86
3091 3094
1489 1492
849 852
197 200
3115 3118
1405 1408
1 4
3111 3114
779 782
3423 3426
803 806
2229 2232
2421 2424
3525 3528
153 156
149 152
301 304
485 488
311 314
2037 2040
3779 3782
3 6
929 932
2499 2502
2765 2768
851 854
2523 2526
3709 3712
1903 1906
3515 3518
1315 1318
3565 3568
2967 2970
1791 1794
3017 3020
1105 1108
3209 3212
375 378
1255 1258
2943 2946
3419 3422
3665 3668
1851 1854
27 30
1613 1616
3939 3942
1893 1896
701 704
2677 2680
2599 2602
3093 3096
3697 3700
3719 3722
2049 2052
1985 1988
3443 3446
3963 3966
383 386
2111 2114
3231 3234
483 486
3181 3184
1961 1964
3825 3828
1201 1204
1167 1170
221 224
681 684
2965 2968
3271 3274
3371 3374
349 352
1885 1888
287 290
347 350
581 584
109 112
1385 1388
1899 1902
3793 3796
865 868
1859 1862
2721 2724
751 754
299 302
1901 1904
3707 3710
3563 3566
3173 3176
2637 2640
3183 3186
3641 3644
1295 1298
1541 1544
2953 2956
669 672
2377 2380
577 580
3833 3836
3269 3272
3065 3068
2417 2420
791 794
721 724
3039 3042
231 234
1973 1976
1119 1122
1749 1752
1003 1006
201 204
163 166
2795 2798
1031 1034
1347 1350
507 510
3167 3170
1111 1114
1443 1446
1281 1284
2513 2516
595 598
1075 1078
565 568
1709 1712
1057 1060
3395 3398
2607 2610
373 376
523 526
3851 3854
3763 3766
2655 2658
3451 3454
1553 1556
1835 1838
1331 1334
1703 1706
1383 1386
657 660
2131 2134
1271 1274
611 614
1477 1480
35 38
551 554
2353 2356
1509 1512
2257 2260
3127 3130
957 960
2917 2920
1215 1218
3283 3286
357 360
1917 1920
503 506
3829 3832
1345 1348
2931 2934
959 962
23 26
3801 3804
429 432
1629 1632
237 240
2941 2944
1429 1432
2629 2632
3809 3812
2307 2310
1523 1526
1175 1178
2897 2900
2447 2450
2517 2520
439 442
2983 2986
2945 2948
1563 1566
759 762
271 274
3769 3772
1439 1442
1655 1658
3783 3786
1087 1090
3137 3140
3019 3022
2559 2562
2899 2902
2145 2148
1969 1972
3035 3038
1881 1884
1967 1970
2687 2690
2205 2208
885 888
709 712
2759 2762
1145 1148
3425 3428
2021 2024
2321 2324
333 336
3027 3030
2531 2534
1841 1844
3223 3226
2449 2452
1221 1224
3703 3706
1761 1764
741 744
2805 2808
1579 1582
2457 2460
3117 3120
141 144
2273 2276
3107 3110
1863 1866
121 124
1845 1848
2313 2316
3085 3088
1565 1568
1547 1550
3671 3674
1155 1158
2497 2500
3505 3508
3619 3622
1521 1524
3553 3556
1353 1356
3383 3386
871 874
3679 3682
2539 2542
3401 3404
2511 2514
1729 1732
2173 2176
329 332
2977 2980
407 410
1095 1098
1241 1244
2755 2758
3573 3576
3239 3242
1485 1488
3883 3886
2609 2612
2035 2038
225 228
2895 2898
1853 1856
3615 3618
455 458
2315 2318
1427 1430
2799 2802
1193 1196
891 894
3251 3254
275 278
3121 3124
3379 3382
3473 3476
3819 3822
1465 1468
3165 3168
3495 3498
3255 3258
1245 1248
2645 2648
1495 1498
3133 3136
1513 1516
3381 3384
3279 3282
3441 3444
1053 1056
1555 1558
2927 2930
2167 2170
3449 3452
2101 2104
3177 3180
193 196
3595 3598
355 358
1375 1378
3881 3884
1767 1770
1623 1626
1611 1614
1735 1738
2325 2328
2587 2590
63 66
703 706
3047 3050
3375 3378
1575 1578
2169 2172
3145 3148
1131 1134
827 830
2147 2150
67 70
1821 1824
1401 1404
1625 1628
1683 1686
3101 3104
639 642
3733 3736
387 390
1627 1630
3811 3814
3647 3650
3557 3560
1461 1464
1517 1520
2245 2248
3585 3588
3611 3614
2851 2854
3277 3280
2569 2572
2959 2962
1379 1382
3023 3026
859 862
3971 3974
1889 1892
3499 3502
3905 3908
3589 3592
2877 2880
3805 3808
3857 3860
3237 3240
2373 2376
515 518
1773 1776
2403 2406
3415 3418
521 524
923 926
3863 3866
3129 3132
1203 1206
3771 3774
2159 2162
2149 2152
2507 2510
2537 2540
2195 2198
617 620
2401 2404
3159 3162
3533 3536
3685 3688
3067 3070
797 800
1411 1414
3713 3716
3373 3376
1725 1728
2493 2496
139 142
2133 2136
253 256
2179 2182
2465 2468
2579 2582
393 396
3041 3044
2633 2636
2253 2256
3273 3276
2747 2750
2425 2428
819 822
739 742
2803 2806
3385 3388
603 606
309 312
1675 1678
2889 2892
3403 3406
1317 1320
1549 1552
1809 1812
625 628
2951 2954
1433 1436
757 760
2047 2050
655 658
1501 1504
1045 1048
41 44
765 768
2549 2552
137 140
1877 1880
875 878
3479 3482
1775 1778
2663 2666
1407 1410
1647 1650
117 120
987 990
1567 1570
553 556
43 46
1005 1008
1847 1850
1651 1654
3567 3570
1051 1054
3245 3248
1897 1900
2077 2080
3675 3678
3613 3616
