13125
13125
17159
16298
2360
13125
7460
16298
4637
17159
4637
16298
4637
8671
4637
4637
7174
4637
17159
4637
17159
17159
16298
4637
13125
4637
17159
17159
8671
13125
5977
17159
4637
13125
8671
17159
16298
17159
4637
8671
13125
22488
13125
4637
8671
16298
8671
4637
8671
17159
16298
16298
8671
13125
16298
4637
17159
8671
8671
17159
8671
4637
13125
4637
17159
17159
4637
4637
13125
11047
4637
17159
23905
8671
4637
13933
16298
8671
13125
13125
8671
13125
24401
4637
8671
13125
8671
8671
4637
4637
17339
4637
16298
17159
4637
16298
13125
17159
4637
8671
2512
6398
8671
4637
4637
13125
8671
17159
13125
8671
16298
11261
17159
17159
16298
12654
17159
8671
4637
8671
4637
4637
17159
4637
16298
4637
16298
17159
4344
8671
17159
4637
4637
4637
13125
16298
14113
13125
4848
4637
13125
4637
4637
4637
4637
16298
17159
13125
4637
8671
4637
17159
8671
13125
17159
17159
8671
16298
17159
4637
8671
17159
13125
4058
8671
8671
16298
13125
8671
4637
4637
8671
13125
13125
4637
16298
4637
4637
17159
13125
8671
4637
4637
13125
17159
8671
17159
10174
17159
4637
17159
8671
17159
4637
1794
8671
4637
4450
16298
13125
16298
9244
4637
4637
4637
4637
7016
17159
16298
4637
8671
4637
8671
20136
4637
13125
4637
17159
17159
8671
13125
4637
13125
8671
17159
4637
4637
4637
4637
8671
4637
17159
4637
8671
16298
17159
17159
4637
8671
17159
8671
5437
4637
4637
4495
392
13125
13125
4637
8671
17159
4618
8671
13125
2649
8671
5864
4637
4637
13125
