1
100
744 934
263 530
509 701
257 753
120 257
352 712
706 844
109 394
331 367
170 933
848 918
869 973
224 981
550 593
165 170
428 552
191 625
636 921
311 945
485 863
302 364
237 711
432 877
398 930
492 676
191 345
135 426
31 630
127 728
335 744
105 761
621 750
257 933
573 614
491 510
120 406
50 696
328 720
498 825
597 650
185 357
94 246
8 307
510 755
353 666
739 784
691 802
331 338
196 657
12 964
43 428
107 969
2 213
481 511
572 659
332 815
565 848
198 626
439 932
19 488
152 188
180 914
751 996
751 914
135 563
274 548
522 831
141 558
679 727
504 598
409 894
239 989
86 94
189 721
212 747
388 711
210 888
104 669
474 901
106 675
184 953
371 788
303 411
111 906
401 997
143 586
48 861
732 925
159 387
220 401
56 416
683 875
7 62
269 603
366 471
519 724
90 107
131 320
656 733
975 994
