22957
24211
15721
22407
13044
18566
8983
13791
162
11502
13401
16915
6942
24129
11643
1107
22240
14415
306
20106
15464
6708
4179
7844
937
838
23934
18025
5517
13482
16996
224
2459
8740
24290
12990
17493
5530
14393
6736
15066
107
8891
6438
1108
2834
14773
6601
15506
23760
10876
17328
2218
24850
9315
10504
18406
10901
1475
657
7625
7992
20119
12150
11962
5530
5221
20663
11558
18206
1933
21851
13627
4796
21661
10055
13922
22031
6663
7167
1546
10357
19174
10784
162
12992
9409
1328
21996
8623
20614
17279
16221
15738
3461
1132
6975
11711
1033
8373
1997
1205
22538
8308
17424
13960
21775
17263
3152
17590
220
17396
6062
10273
23009
6328
10626
24226
15843
8507
600
19219
16285
8999
5212
5265
12957
9546
24380
6121
3800
4743
1825
6348
20355
11839
17665
16894
2936
4826
1020
14912
13767
17755
361
13711
3150
11371
8590
24841
8577
13570
6418
9795
8176
14918
24079
19308
836
10917
18023
16506
15997
21628
11105
18983
10824
16534
9697
9182
15837
4354
16375
23203
7805
23001
7973
6350
268
5874
12275
8750
19621
1965
15432
18028
9219
13072
5561
18672
16290
14688
20947
7091
20605
2791
12014
9827
21005
12867
24700
16869
1933
962
19974
4298
20987
24270
13236
22242
7983
9128
4661
16844
9638
24590
23545
24330
2589
11238
3454
596
3047
13867
16563
5513
14346
5531
1588
14418
6818
9637
10887
23493
12074
17179
16251
15696
24202
760
23030
7912
1073
7199
664
7017
14352
10525
17513
11672
11281
4868
4988
22678
11196
323
9290
5877
18982
1186
19853
13902
18739
9561
369
16279
11693
20425
12534
12086
18423
17527
3675
13452
7381
15711
1246
9444
21610
14329
5916
7966
16732
10603
2333
1732
21354
808
18145
3571
3951
14026
5831
7117
8176
10601
18481
16497
578
9322
19491
18518
9469
6422
20990
15083
7360
9276
6089
22683
10048
12267
3069
98
338
14308
3684
14139
20325
17049
15148
14341
8973
3189
22147
14186
19915
915
17051
7406
18542
13442
20183
12787
19190
22602
16559
2589
5390
7756
17560
6502
24893
15135
22051
8443
19136
5139
20638
13741
23865
1698
7677
1179
16522
9567
21063
19063
24553
6571
21829
2871
10597
15243
14573
22111
17445
10345
2781
9277
4579
14287
23718
6866
18058
353
12064
24239
15175
6526
21820
2590
164
17935
5266
1213
18094
15144
305
4251
19297
8040
1977
12541
17497
6934
18042
21315
18800
1166
22722
23559
14164
14769
14296
18992
3998
18083
19133
11885
15182
17439
15358
1062
10704
7866
10975
23758
8566
22426
8155
20153
23561
23461
13649
10003
20497
20875
5010
3553
15715
7502
22202
10426
2366
5677
12647
12699
18546
19737
12566
11462
6207
17989
23932
11008
2369
5697
17027
