MIT
Waterloo
Georgia Tech
Harvard
Toronto
UIUC
Purdue
Swarthmore
Wisconsin-Madison
Columbia
UCF
UBC
Cornell
UC Berkeley
USC
Stanford
UT Austin
Emory
CMU
UMich
Virginia Tech
UBCO
Uwashington
Princeton
Texas A&M
3290
2565
2292
2689
2519
2326
2620
2387
2114
1784
2112
1902
2328
2101
2135
2132
2242
1500
1692
2039
1540
1701
2180
1432
1907
3539
2908
2302
2699
2804
2326
2620
2572
2114
1873
2112
1916
2655
2101
2209
2168
2242
1500
1692
2226
1690
1701
2180
1552
1945
2402
2545
2198
2168
2062
2178
2082
2161
2477
2374
2167
2131
2034
2023
1988
2014
2112
1920
2040
1840
1662
2224
1746
2343
1437
2500
2997
2284
2412
2199
2297
2150
2161
2477
2376
2293
2212
2060
2023
1988
2014
2112
1920
2151
2083
1945
2308
1746
2343
1482
2340
2111
2780
2021
2018
2502
2128
2182
2131
2535
2352
2377
1765
2101
2134
2043
1576
2270
1920
1500
1962
1500
1500
1500
1500
2538
2203
2780
2115
2190
2502
2152
2182
2306
2589
2372
2560
1857
2285
2134
2101
1576
2497
2045
1500
1962
1500
1500
1500
1500
