on   -30 18   -5 44   -26 27
on   -39 11   -42 11   -21 24
on   -15 37   -40 13   -34 11
on   -35 18   -49 3   1 47
on   -47 1   1 46   -41 5
on   -21 30   -35 13   -42 6
on   -8 38   -12 40   -7 42
on   -32 15   -13 32   -46 6
on   -14 32   -1 43   -24 23
on   -33 17   -35 13   -48 -4
off   -16 3   15 27   18 29
on   -43 3   -2 47   -13 37
off   -3 11   26 43   5 15
on   -46 5   -31 18   -11 38
off   3 16   -16 -4   12 27
on   -20 34   -15 33   -38 8
off   -15 1   24 36   -34 -17
on   -9 41   -12 35   -31 14
off   -37 -26   5 22   -21 -6
on   -36 11   -36 9   -2 48
on   54773 68186   40310 59224   18696 38855
on   -59692 -40401   46990 62256   -49226 -30694
on   -10376 16621   10635 46552   -77490 -71637
on   -22269 -3652   -76714 -48585   36728 73246
on   -22745 -2954   48442 69290   -70552 -43579
on   -78794 -49431   -8839 1925   35486 50544
on   43529 60156   -65897 -38176   7937 13805
on   -42693 -18915   -5934 23304   62885 80521
on   -43979 -7380   9723 33145   -92687 -56530
on   -10987 -880   -75784 -65221   -39387 -21132
on   -12363 16622   -5393 25595   70874 93912
on   42783 62981   32424 56534   -38340 -24282
on   -68924 -43071   44050 51951   -37595 -2480
on   2450 19211   -3643 11641   -88370 -69535
on   6670 11010   -88373 -52662   -55367 -22991
on   34184 58417   -49877 -29318   -64613 -54577
on   -90350 -74046   -3921 10340   10688 23759
on   -82351 -61348   -12218 121   -24503 -13161
on   54667 73290   -36154 -22200   -40441 -20163
on   23871 40243   -31245 -6640   -78192 -53000
on   -38241 -16675   -18683 2920   63074 79138
on   -36268 -7133   54902 61243   47179 64409
on   74257 82635   -17487 16838   -31131 -11896
on   1347 34248   -71944 -58044   41027 66300
on   -87318 -62688   -43522 -30409   -5129 11973
on   -95026 -72151   -11546 18531   -16010 1625
on   58 29820   14062 27808   -90126 -62788
on   6268 36701   70923 92000   -14403 -3153
on   -20810 -11943   -56749 -50080   46637 65991
on   70620 91875   21410 38054   -1003 13703
on   -10160 26514   -29580 -7666   -88662 -57176
on   62438 83247   7498 36008   -36091 -27967
on   -58444 -42829   -52819 -41538   25797 40092
on   -4437 20390   -79528 -69165   22255 44774
on   -17889 15830   9986 14136   76709 91604
on   -67825 -49180   -30140 -17352   47036 60192
on   -43262 -13919   30561 39432   -81328 -47728
on   3997 25285   31846 51796   -79584 -52233
on   -71040 -64027   -37551 -20405   13297 41797
on   33213 53657   -7779 11734   -90939 -68017
on   -83443 -54732   -31697 -10586   23952 40127
on   -65179 -52469   -39406 -27957   -54962 -38122
on   -20505 -9589   42090 64485   -63370 -55523
on   -81308 -46138   47834 57543   -9850 9946
on   136 24547   -57816 -35341   -83305 -55646
on   59213 83787   10088 31135   -40711 -22397
on   52433 65135   -71320 -57906   -17970 14039
on   -81474 -54494   -10912 4235   -45772 -28425
on   35008 59102   -52277 -34313   -66831 -50394
on   -53124 -36096   24226 53768   -67837 -40958
on   -73705 -61139   -39965 -20892   10401 39858
on   -63449 -54531   42840 68328   -11298 14061
on   16002 39880   -15928 -9084   66910 88552
on   -38384 -21638   46201 62580   -47841 -25538
on   59797 80862   -1326 21465   21225 46702
on   -8449 20422   -85670 -60523   37971 52055
on   -7992 -1448   9146 40590   65043 82216
on   -63647 -32054   43585 77648   8789 23744
on   -23221 -9827   -69902 -53360   40848 56494
on   54214 62187   37529 58191   40983 57989
on   -42685 -16661   -75725 -43340   -64001 -35426
on   57421 84133   -9804 14517   12358 33681
on   -70369 -50667   -59365 -48820   -23594 -968
on   -51855 -23362   -73209 -54416   1098 15030
on   -44643 -24684   -75370 -47713   17692 23056
on   22156 43872   -57006 -44157   -57841 -48937
on   71537 84668   -4295 14251   6122 23970
on   67771 84221   -9860 5166   -40114 -27807
on   -47688 -40633   -76738 -58201   -2778 23126
on   -59748 -49267   -60684 -54673   -26564 -17096
on   -88228 -74725   1647 20342   -4845 1754
on   -59972 -27047   -14754 -2355   64319 72670
on   -1441 11083   48202 68543   30309 49225
on   -47212 -25245   7597 34908   -87916 -65324
on   45403 54039   -58518 -29212   27307 45111
on   -52982 -33179   -33045 -22100   57126 84141
on   27436 47532   -44460 -25432   -67343 -50783
on   -6188 -2555   -38828 -23799   -72100 -64136
on   -10196 21401   -77458 -56539   42688 61087
on   -52257 -37364   -72912 -65364   422 22290
on   35608 65844   51235 64073   11764 35405
on   -2323 22650   -86661 -67835   16862 23137
on   -63670 -27984   -60749 -37903   -48753 -37741
on   21793 42293   -85091 -58971   -36805 -23809
on   20100 45630   -2628 16940   -90650 -70278
on   -32361 -7307   -35837 -17122   -79410 -68850
on   -81185 -76223   -3249 3063   12038 28481
on   -66704 -43744   -47475 -28588   -58517 -33382
on   59773 82138   -8721 20887   25127 44219
on   -73384 -53916   46162 49358   -24995 834
on   -18672 3032   -18907 2880   68489 89012
on   24454 48286   -59953 -43051   42307 47417
on   -78595 -68700   -12585 11505   11101 26819
on   -96967 -66567   -10478 17481   -2917 15549
on   65003 77193   16981 30383   -10529 14170
on   -33662 -10605   52519 64884   -58912 -41787
on   12064 47049   35361 53767   -73191 -58137
on   56851 75244   -52584 -36233   306 34307
on   29144 35787   65945 72917   -33825 -12636
on   9249 42918   -26092 -15531   61911 81251
on   -46771 -31532   49781 61430   25275 35820
on   -57101 -22365   2919 20936   67409 73059
on   -826 16955   12763 47560   55017 87073
on   8159 36735   -74975 -62353   31694 49493
on   -47226 -30794   815 2018   -79667 -61691
on   66640 83991   17274 27571   -6677 3161
on   -32968 -17350   -87240 -71085   -24074 -10912
on   -64912 -46525   -8049 20548   -62605 -42038
on   50567 69766   -46293 -23618   24030 47855
on   37790 44092   35293 53791   44405 57883
on   -14097 4308   -14651 16650   77450 98490
on   49372 70885   -6992 14342   56708 67703
on   -22060 8674   30088 46246   65728 73181
on   32991 55695   -59097 -41372   -52414 -23967
on   60538 81626   -22731 -8898   -43322 -17581
on   32325 58345   -81841 -61840   -27871 -8167
on   53019 77075   -12887 3468   41274 58536
on   -81943 -72897   -32093 2093   17081 33587
on   48276 68294   -60667 -44992   -34639 -8243
on   -23005 -20059   -59489 -34395   -62014 -45320
on   -68736 -45463   -35277 -25446   23754 45923
on   34253 64180   -24919 3137   -70063 -47748
on   -15109 -623   36834 46663   52435 84103
on   -65004 -34224   -66436 -43052   -8162 13413
on   63394 79819   -311 16288   24249 60210
on   14438 31233   -51447 -35830   59426 76540
on   -10062 14842   58826 85767   -28421 -23817
on   3575 17261   -69496 -36332   -62233 -48216
on   -53696 -19485   -21260 16608   -85458 -68484
on   17263 29169   71832 84582   -22711 7462
on   45001 73109   -59883 -51155   -34561 -3978
on   33900 42315   -84207 -63581   -5407 17129
on   22235 38739   -27434 -18220   59742 80473
on   5146 41030   -90324 -71613   13723 24536
on   -35489 -6791   66346 81485   14508 26366
on   25956 51509   39583 45333   36223 69607
on   7488 31341   32303 50211   52263 80689
on   -82112 -65420   -31681 -11424   6910 24923
on   -26747 886   61272 90232   3671 26682
on   20953 42487   -17114 2290   55715 93685
on   -26303 -8439   -72363 -44193   -63589 -35240
on   7433 26259   12105 28254   -90896 -69723
on   -33312 -5982   -77867 -63222   32694 46576
on   79410 81232   -10889 20172   -16750 3062
on   -47680 -21307   30308 40177   -66071 -54101
on   -16865 19535   69645 91861   2940 31398
on   3224 16845   61236 73664   -55913 -41694
on   -51424 -35073   39364 65610   -33159 -12861
on   9019 25816   -80457 -67476   -19253 4713
on   -53227 -46378   52412 69606   -5179 20140
on   18639 32676   45463 74384   -64190 -40082
on   -79717 -52405   11331 46010   -53545 -28968
on   16062 50942   46393 55051   43703 71088
on   8838 34196   -6909 21404   57217 78891
on   -75047 -61515   -46451 -23747   -29745 -21635
on   -18351 9067   51214 80767   31564 57335
on   32376 64086   36639 70905   -50845 -29070
on   -14209 9456   -43947 -25572   69044 77817
on   50895 77023   37200 61923   -10532 2464
on   -20656 -10037   15826 32140   -87401 -58690
on   8762 24599   -79121 -53676   -48241 -31989
on   76598 84412   7124 19201   -14950 9787
on   -63463 -39447   -78828 -63476   5242 16314
on   -29015 5064   75637 88102   -25452 -12359
on   53146 86114   -40028 -28201   14361 50976
on   -86482 -67490   -27672 -3858   22382 32733
on   -51713 -29138   18675 34545   56164 82474
on   34613 47822   63236 81124   -14654 607
on   52643 65681   16380 36065   28638 55844
on   -15559 925   62129 67968   -63215 -30960
on   12432 35272   -88641 -72425   19615 45487
on   27479 53359   -58261 -42789   -53474 -23369
on   -74824 -52833   16839 36656   6949 32578
on   -84357 -63318   -2419 13382   16036 33826
on   -12325 17962   -75097 -57454   30238 45074
on   -32148 -20790   -78007 -56032   17541 29231
on   -18180 4537   -36847 -16656   74250 87557
on   30840 51988   24200 50734   43038 59465
on   53017 83592   16689 27844   -45840 -10228
on   -54608 -36366   -28902 -18923   63857 76263
on   32086 52884   -1063 23652   -87789 -48901
on   -32806 -12480   -47286 -32362   -84335 -51777
on   31138 52842   -54576 -43430   28463 60724
on   45506 71739   29273 48663   18020 40853
on   229 18154   69711 87066   2192 19684
on   -80421 -73912   -24675 -13231   -23678 2989
on   -17669 -14547   64960 89784   -22263 -4747
on   72458 90829   2789 23413   23686 33526
on   -33176 -21374   -76086 -64698   1632 23362
on   -3025 -265   27747 58491   59391 64668
on   -27929 -6666   24043 41164   -84840 -59751
on   14621 39760   54998 82032   -25865 -12266
on   -78910 -56263   -36717 -12202   18593 48235
on   -52230 -32040   -73902 -51287   6795 27359
on   -60619 -47812   17766 28173   -59638 -53150
on   -42126 -21111   6144 24883   -86865 -61942
on   -38213 -11358   63627 83209   19506 44600
on   37988 70458   9137 31559   42120 62055
on   -7683 15119   53968 74460   42832 53452
on   55620 67419   7152 43232   29305 50333
off   -70783 -54011   -50700 -40720   -3812 9017
off   -77324 -53104   5379 13677   -34992 -34534
on   -51979 -43973   50761 60165   30174 34333
on   -41603 -24494   -74748 -45819   30665 58594
off   -35623 -7864   -38470 -14024   65840 72102
on   -37518 -4723   -88898 -76489   -4531 30907
on   -51123 -29307   11931 39036   53242 83053
off   37129 63340   -59439 -45528   2379 15829
off   22063 42217   30010 53169   -70994 -53169
on   -11768 784   46322 65896   44182 59976
off   19387 41033   64745 81218   3780 10951
on   34970 60780   28404 59586   41077 65633
off   -59078 -34821   -34096 2369   42323 67587
off   40934 70674   33331 44338   35976 59786
off   -2519 13873   28512 36095   57235 78938
off   477 27442   -33895 -18404   51499 84377
off   -67070 -57433   22141 44527   28402 45684
on   -76597 -59543   28363 51543   -13936 13941
on   -6746 4368   -78121 -56730   -40106 -19131
on   -19688 3933   -59230 -46779   50310 66295
off   6939 27195   58693 79969   -27028 -17149
off   -31133 -21546   -10413 10170   68385 89447
off   -9323 4914   1803 13716   -86998 -75903
on   62600 83101   -52651 -28717   -10615 19474
on   -60821 -25956   36868 54989   36556 51809
on   7836 18261   -59333 -52512   40195 66247
off   -43063 -26255   -64645 -38832   41063 51688
off   -78723 -59381   -4175 22686   25816 42135
on   -25454 -18731   22829 31347   -80578 -57713
on   13238 41971   68169 75504   -13723 11048
on   66970 94796   -11431 14814   -42099 -25605
on   -4815 4848   6633 25596   70190 96161
off   63952 83467   -41358 -35659   -29507 -5882
on   19393 35443   -76096 -59791   -38048 -17345
off   56693 92195   16404 30516   -12803 6906
on   -69634 -50480   -24695 -4287   -72328 -45954
off   23638 32447   52357 67472   29559 54990
on   324 23913   56012 86408   21216 51612
on   -47004 -33015   -20633 4046   -73627 -55730
on   -50899 -24725   -13072 522   56560 79143
on   40178 60106   49681 60347   -42650 -6019
off   -81647 -63282   -16038 -3611   -4239 26130
off   -9131 -5249   48760 64436   41439 71331
off   60803 76328   11244 31845   -35218 -12736
on   41851 53873   53294 74950   18637 40581
on   36376 70883   -23578 100   39917 73390
off   -33921 -13697   -67881 -29971   54315 60846
off   19676 43731   33575 66838   -55337 -42876
off   15154 36525   -823 11451   66190 88019
on   -27527 2319   -32769 -490   -82096 -57467
off   48732 62914   38970 63832   -40235 -25587
off   19224 53613   -58935 -37483   -55458 -44002
off   -51387 -37052   -77689 -45663   -37063 -19127
off   32693 56399   44744 75366   -9650 4113
on   -52373 -29664   46332 69864   14943 37363
on   61987 91179   11158 39698   -29649 436
on   34883 53474   -11647 10942   53128 78952
on   -67524 -46844   40894 55692   -3179 16569
off   11246 34093   -8992 14885   -78154 -73387
off   4559 41468   15381 35470   53240 78521
off   53364 67768   -27371 -6347   38356 52145
off   -8135 9517   64517 66174   -51243 -45701
on   -61276 -42239   30812 51431   -34141 -24760
on   -376 20069   4898 28824   -83802 -62063
off   54567 78521   52016 54422   -3076 10236
on   -12411 -4506   53683 76883   45096 54828
on   -4200 8668   49659 70612   -78057 -45033
on   4292 30804   -94484 -69495   16947 27174
on   59471 77120   11 30060   48114 55678
on   50978 59815   53641 68082   -6157 11199
on   -67639 -59121   37982 51698   9837 20392
on   -44372 -15193   63651 87685   -34437 2824
off   -24737 4577   4497 20550   64368 89291
on   -53515 -37310   18897 51985   54493 68798
off   46319 56534   44183 59545   2343 20709
off   -33873 -12601   12767 27163   -96490 -63485
on   9990 39193   -25556 9888   -95104 -71363
on   -46024 -22049   -46098 -32530   46713 65211
on   62359 81428   -27734 -10653   -22377 11904
off   -30441 -16437   -43882 -35702   51614 84480
off   51760 77667   -49976 -29564   -1972 28775
on   52972 84676   -12373 12037   36904 65290
off   -36921 -29590   16035 48631   -64073 -58305
on   43127 67068   35776 56398   1916 13590
off   37962 61005   -26031 -10777   58927 81723
on   -56436 -51504   -72187 -38582   -11263 14128
on   10640 24661   -4188 14912   70914 90061
on   -51423 -34614   -56137 -37673   26557 42018
on   -6523 13228   62998 71897   34083 63877
off   51096 71403   -57938 -31216   -27504 -12340
on   61370 86529   15498 36959   30810 35974
off   47642 73513   -15147 19926   -61268 -43644
off   4223 34265   60089 92105   -441 14751
off   65101 83866   24155 47961   -21932 -5698
on   -1938 4076   52007 74444   -47454 -30633
off   -55063 -20784   16797 36080   -73009 -50818
on   -36969 -11143   -78995 -46155   27028 50197
on   -66487 -55265   -17373 3231   -62518 -39205
on   -80209 -69038   -1978 20224   18289 29550
off   -37042 -23536   17668 39249   54068 76359
off   3597 41465   -75575 -53115   -25715 -14033
off   -79179 -66411   -17051 1732   -20125 -8383
off   -36785 -8094   25629 35394   -77780 -71000
on   49646 55440   -6233 25809   -65875 -53981
on   -75359 -51252   44299 64497   -36273 -23505
off   -11036 3852   49380 68789   -62936 -34857
on   -67874 -53772   28635 42556   38266 57036
off   -20664 5996   59053 80453   11479 28796
on   49482 63702   -35559 579   -56863 -39392
off   25088 39001   30212 59191   53087 67270
off   -1529 17207   -68469 -59165   32522 58987
on   12408 32796   -90204 -67532   -28068 -9564
on   -79623 -46377   35635 46990   -23927 -5358
on   -7118 21229   -25050 5686   63509 90438
off   -29207 2842   -51341 -19726   -76423 -57088
on   58547 87393   23901 51763   -30310 -12372
off   14593 36646   -58627 -25390   54761 86063
on   -5168 5716   -9244 2219   -91956 -67634
off   -13168 13435   -63825 -47599   52139 58480
on   45805 64352   -4351 17670   -65566 -61232
off   50160 77279   9480 35140   17949 40130
on   -25106 2708   -47273 -31402   48884 68184
on   -31652 -11975   -72584 -62118   25053 27687
on   -8007 16999   68671 85656   1724 21119
on   51714 58280   -51173 -43739   -43373 -26758
on   25201 45206   52505 75543   35834 42094
on   -83928 -72470   -28211 8859   -16001 4
on   -14631 19003   -32672 -2645   66935 84450
on   2916 20479   -77777 -60780   12979 23886
on   -55088 -43976   -55366 -40548   34732 45233
off   -6060 15005   -54517 -30102   -71640 -47609
on   30733 63921   41347 74696   11711 39106
off   -68090 -57325   -51114 -37878   -42366 -11798
on   27800 36329   -19927 9962   63285 79231
off   9783 33015   -85863 -51887   -37027 -14536
on   -75207 -61016   -45880 -30135   -36657 -11726
on   -66693 -42304   -25123 -12223   -67562 -47922
on   25004 40750   -68385 -42546   50984 63473
on   16226 34865   818 23870   -81827 -74827
on   18633 48810   67576 88503   -34581 -9339
on   -83933 -63059   14182 40964   -2944 30682
on   -70454 -58168   -33701 -13819   -52030 -33278
off   43914 65239   -48765 -44395   20826 44703
off   20251 35228   -57933 -27440   45100 80510
off   16347 36870   73008 85646   12729 36299
on   -47364 -27625   14195 25845   -73979 -49173
on   69133 98790   -26510 -2010   -816 10060
off   15107 30585   63135 75177   23064 30989
off   -81627 -75159   -22815 -764   -23429 688
on   40092 54250   -63589 -48203   23811 44857
off   11167 26111   21091 49634   48408 71174
off   1980 18184   16414 52312   70922 82840
off   57744 79752   -15402 22121   33018 54451
off   -42362 -12047   38118 60371   -59450 -51327
off   -69319 -53295   7184 34316   50135 64335
off   -40106 -26923   -47354 -46481   38977 71132
on   55889 83778   -21236 5030   -39609 -30765
on   -54433 -44593   12881 30480   45650 55594
on   52792 75146   19932 46473   29923 48789
off   -38689 -22351   59975 65052   -58900 -25042
on   22944 53900   -70693 -54638   -25396 -10292
off   -87932 -60566   -31394 -443   4870 15056
on   -49979 -27736   -68234 -40453   25381 55647
on   -18950 13372   49992 77538   -47677 -28797
off   -30390 -7741   34779 55248   -75509 -63283
off   -71142 -57314   14998 31895   -45856 -31950
off   27818 40917   46475 69329   12882 35699
off   -32497 -22040   33787 53099   -69888 -37789
off   -13881 -6873   -90161 -58411   8798 14775
on   -54449 -31232   48886 57791   -51521 -17836
on   2858 20798   30038 50847   -70781 -53697
on   -65390 -48216   -71586 -43588   19985 35280
off   -76258 -47674   31021 66176   -41439 -24908
on   3610 22706   -9108 8256   62223 83083
on   -17813 -6736   -35470 -13592   61992 81481
off   54075 67845   41164 62751   -12502 3625
on   -55991 -49388   14094 36023   36563 56084
off   -20367 -1635   50812 60271   -62269 -45092
off   -43604 -26870   55708 85209   -8867 12848
on   -66567 -48876   -15139 7719   28741 64004
on   66364 81158   -6450 -1544   14639 41195
on   -428 3698   -81448 -76096   -6536 1401
on   19920 36446   -86615 -66757   -37651 -20222
off   -70880 -60645   31997 52197   -56169 -21758
on   18972 48639   -47208 -24459   38997 73282
on   60095 88958   768 25225   5460 31444
off   35690 68388   -68595 -34790   21871 52006
on   -90315 -67858   13051 39345   20237 42986
off   -43165 -20183   -12821 21574   -88324 -58039
on   32271 52838   -76089 -55102   3312 40428
on   -20511 2788   22190 28078   -77326 -61416
off   39644 52189   -38945 -19564   52092 78769
off   53796 73614   41924 68506   -7981 19854
off   -46540 -20497   -23437 -12269   -80118 -63465
off   -15247 5783   -37898 -15785   58881 77672
on   -41143 -12969   18761 30467   60066 86746
off   -55044 -33842   -75878 -61576   -30785 -15872
on   -84100 -49400   -54121 -21229   -40962 -10756
off   -70596 -55743   35507 56344   9795 26354
on   -77909 -59702   -33007 -9466   25096 41339
