3728769
-9997 9929
-19926 9879
-29805 9852
-39657 9825
-49482 9801
-59283 9789
-69072 9778
-78850 9763
-88613 9734
-98347 9653
-108000 9620
-117620 9601
-127221 9597
-136818 9596
-146414 9572
-155986 9533
-165519 9412
-174931 9408
-184339 9337
-193676 9275
-202951 9204
-212155 9160
-221315 9148
-230463 9104
-239567 9085
-248652 9062
-257714 9058
-266772 9043
-275815 9035
-284850 9001
-293851 8995
-302846 8931
-311777 8896
-320673 8891
-329564 8891
-338455 8888
-347343 8862
-356205 8831
-365036 8830
-373866 8829
-382695 8817
-391512 8802
-400314 8787
-409101 8688
-417789 8619
-426408 8615
-435023 8610
-443633 8592
-452225 8592
-460817 8476
-469293 8463
-477756 8463
-486219 8383
-494602 8359
-502961 8345
-511306 8345
-519651 8281
-527932 8279
-536211 8278
-544489 8249
-552738 8227
-560965 8185
-569150 8141
-577291 8044
-585335 8044
-593379 8035
-601414 8034
-609448 7859
-617307 7840
-625147 7837
-632984 7756
-640740 7750
-648490 7716
-656206 7704
-663910 7695
-671605 7694
-679299 7674
-686973 7672
-694645 7655
-702300 7650
-709950 7626
-717576 7611
-725187 7605
-732792 7601
-740393 7565
-747958 7550
-755508 7494
-763002 7489
-770491 7376
-777867 7344
-785211 7307
-792518 7275
-799793 7231
-807024 7123
-814147 7103
-821250 7067
-828317 7028
-835345 6982
-842327 6979
-849306 6945
-856251 6928
-863179 6924
-870103 6909
-877012 6895
-883907 6890
-890797 6873
-897670 6871
-904541 6871
-911412 6843
-918255 6832
-925087 6787
-931874 6771
-938645 6734
-945379 6650
-952029 6615
-958644 6602
-965246 6578
-971824 6572
-978396 6556
-984952 6556
-991508 6476
-997984 6453
-1004437 6449
-1010886 6446
-1017332 6427
-1023759 6399
-1030158 6390
-1036548 6389
-1042937 6375
-1049312 6315
-1055627 6309
-1061936 6254
-1068190 6228
-1074418 6210
-1080628 6164
-1086792 6147
-1092939 6137
-1099076 6128
-1105204 6110
-1111314 6042
-1117356 6005
-1123361 5974
-1129335 5965
-1135300 5956
-1141256 5938
-1147194 5868
-1153062 5840
-1158902 5726
-1164628 5726
-1170354 5716
-1176070 5650
-1181720 5641
-1187361 5613
-1192974 5605
-1198579 5600
-1204179 5566
-1209745 5560
-1215305 5556
-1220861 5551
-1226412 5549
-1231961 5522
-1237483 5516
-1242999 5463
-1248462 5455
-1253917 5443
-1259360 5393
-1264753 5370
-1270123 5348
-1275471 5343
-1280814 5329
-1286143 5325
-1291468 5266
-1296734 5216
-1301950 5182
-1307132 5158
-1312290 5132
-1317422 5089
-1322511 5089
-1327600 5086
-1332686 5076
-1337762 5043
-1342805 4986
-1347791 4939
-1352730 4866
-1357596 4810
-1362406 4777
-1367183 4773
-1371956 4768
-1376724 4715
-1381439 4697
-1386136 4681
-1390817 4660
-1395477 4640
-1400117 4622
-1404739 4607
-1409346 4573
-1413919 4565
-1418484 4535
-1423019 4474
-1427493 4455
-1431948 4447
-1436395 4433
-1440828 4429
-1445257 4377
-1449634 4369
-1454003 4330
-1458333 4244
-1462577 4235
-1466812 4210
-1471022 4195
-1475217 4107
-1479324 4053
-1483377 4037
-1487414 4031
-1491445 4018
-1495463 3983
-1499446 3973
-1503419 3951
-1507370 3926
-1511296 3877
-1515173 3873
-1519046 3865
-1522911 3831
-1526742 3806
-1530548 3804
-1534352 3747
-1538099 3710
-1541809 3688
-1545497 3686
-1549183 3677
-1552860 3634
-1556494 3629
-1560123 3625
-1563748 3623
-1567371 3603
-1570974 3590
-1574564 3552
-1578116 3508
-1581624 3505
-1585129 3503
-1588632 3496
-1592128 3482
-1595610 3482
-1599092 3438
-1602530 3411
-1605941 3405
-1609346 3371
-1612717 3363
-1616080 3322
-1619402 3249
-1622651 3174
-1625825 3154
-1628979 3073
-1632052 3025
-1635077 2981
-1638058 2979
-1641037 2972
-1644009 2925
-1646934 2916
-1649850 2899
-1652749 2897
-1655646 2884
-1658530 2825
-1661355 2824
-1664179 2793
-1666972 2775
-1669747 2744
-1672491 2712
-1675203 2665
-1677868 2635
-1680503 2620
-1683123 2566
-1685689 2501
-1688190 2428
-1690618 2416
-1693034 2398
-1695432 2354
-1697786 2346
-1700132 2319
-1702451 2319
-1704770 2314
-1707084 2293
-1709377 2290
-1711667 2276
-1713943 2247
-1716190 2148
-1718338 2116
-1720454 2094
-1722548 2072
-1724620 2041
-1726661 1920
-1728581 1895
-1730476 1885
-1732361 1848
-1734209 1845
-1736054 1830
-1737884 1828
-1739712 1826
-1741538 1783
-1743321 1751
-1745072 1737
-1746809 1723
-1748532 1716
-1750248 1706
-1751954 1651
-1753605 1649
-1755254 1641
-1756895 1593
-1758488 1585
-1760073 1569
-1761642 1536
-1763178 1534
-1764712 1506
-1766218 1497
-1767715 1494
-1769209 1448
-1770657 1406
-1772063 1405
-1773468 1353
-1774821 1347
-1776168 1330
-1777498 1296
-1778794 1296
-1780090 1295
-1781385 1274
-1782659 1251
-1783910 1245
-1785155 1238
-1786393 1216
-1787609 1203
-1788812 1175
-1789987 1136
-1791123 1128
-1792251 1108
-1793359 1103
-1794462 1101
-1795563 1079
-1796642 1011
-1797653 1003
-1798656 992
-1799648 976
-1800624 970
-1801594 962
-1802556 913
-1803469 908
-1804377 871
-1805248 843
-1806091 788
-1806879 756
-1807635 672
-1808307 669
-1808976 632
-1809608 607
-1810215 590
-1810805 523
-1811328 493
-1811821 467
-1812288 442
-1812730 364
-1813094 314
-1813408 287
-1813695 287
-1813982 243
-1814225 235
-1814460 228
-1814688 206
-1814894 166
-1815060 165
-1815225 134
-1815359 129
-1815488 82
-1815570 76
-1815646 66
-1815712 62
-1815774 61
-1815835 55
-1815890 44
-1815934 41
-1815975 25
-1816000 5
-1816005 0
-1816005 0
-1816005 0
-1816005 0
-1816005 0
-1816005 0
-1816005 0
-1816005 0
-1816005 0
-1816005 0
-1816005 0
-1816005 0
-1816005 0
-1816005 0
-1816005 0
-1816005 0
-1816005 0
-1816005 0
-1816005 0
-1816005 0
-1816005 0
-1816005 0
-1816005 0
-1816005 0
-1816005 0
-1816005 0
-1816005 0
-1816005 0
-1816005 0
-1816005 0
-1816005 0
-1816005 0
-1816005 0
-1816005 0
-1816005 0
-1816005 0
-1816005 0
-1816005 0
-1816005 0
-1816005 0
-1816005 0
-1816005 0
-1816005 0
-1816005 0
-1816005 0
-1816005 0
-1816005 0
-1816005 0
-1816005 0
-1816005 0
-1816005 0
-1816005 0
-1816005 0
-1816005 0
-1816005 0
-1816005 0
-1816005 0
-1816005 0
-1816005 0
-1816005 0
-1816005 0
-1816005 0
-1816005 0
-1816005 0
-1816005 0
-1816005 0
-1816005 0
-1816005 0
-1816005 0
-1816005 0
-1816005 0
-1816005 0
-1816005 0
-1816005 0
-1816005 0
-1816005 0
-1816005 0
-1816005 0
-1816005 0
-1816005 0
-1816005 0
-1816005 0
-1816005 0
-1816005 0
-1816005 0
-1816005 0
-1816005 0
-1816005 0
-1816005 0
-1816005 0
-1816005 0
-1816005 0
-1816005 0
-1816005 0
-1816005 0
-1816005 0
-1816005 0
-1816005 0
-1816005 0
-1816005 0
-1816005 0
-1816005 0
-1816005 0
-1816005 0
-1816005 0
-1816005 0
-1816005 0
-1816005 0
-1816005 0
-1816005 0
-1816005 0
-1816005 0
-1816005 0
-1816005 0
-1816005 0
-1816005 0
-1816005 0
-1816005 0
-1816005 0
-1816005 0
-1816005 0
-1816005 0
-1816005 0
-1816005 0
-1816005 0
-1816005 0
-1816005 0
-1816005 0
-1816005 0
-1816005 0
-1816005 0
-1816005 0
-1816005 0
-1816005 0
-1816005 0
-1816005 0
-1816005 0
-1816005 0
-1816005 0
-1816005 0
-1816005 0
-1816005 0
-1816005 0
-1816005 0
-1816005 0
-1816005 0
-1816005 0
-1816005 0
-1816005 0
-1816005 0
-1816005 0
-1816005 0
-1816005 0
-1816005 0
-1816005 0
-1816005 0
-1816005 0
-1816005 0
-1816005 0
-1816005 0
-1816005 0
-1816005 0
-1816005 0
-1816005 0
-1816005 0
-1816005 0
-1816005 0
-1816005 0
-1816005 0
-1816005 0
-1816005 0
-1816005 0
-1816005 0
-1816005 0
-1816005 0
-1816005 0
-1816005 0
-1816005 0
-1816005 0
-1816005 0
-1816005 0
-1816005 0
-1816005 0
-1816005 0
-1816005 0
-1816005 0
-1816005 0
-1816005 0
-1816005 0
-1816005 0
-1816005 0
-1816005 0
-1816005 0
-1816005 0
-1816005 0
-1816005 0
-1816005 0
-1816005 0
-1816005 0
-1816005 0
-1816005 0
-1816005 0
-1816005 0
-1816005 0
-1816005 0
-1816005 0
-1816005 0
-1816005 0
-1816005 0
-1816005 0
-1816005 0
-1816005 0
-1816005 0
-1816005 0
-1816005 0
-1816005 0
-1816005 0
-1816005 0
-1816005 0
-1816005 0
-1816005 0
-1816005 0
-1816005 0
-1816005 0
-1816005 0
-1816005 0
-1816005 0
-1816005 0
-1816005 0
-1816005 0
-1816005 0
-1816005 0
-1816005 0
-1816005 0
-1816005 0
-1816005 0
-1816005 0
-1816005 0
-1816005 0
-1816005 0
-1816005 0
-1816005 0
-1816005 0
-1816005 0
-1816005 0
-1816005 0
-1816005 0
-1816005 0
-1816005 0
-1816005 0
-1816005 0
-1816005 0
-1816005 0
-1816005 0
-1816005 0
-1816005 0
-1816005 0
-1816005 0
-1816005 0
-1816005 0
-1816005 0
-1816005 0
-1816005 0
-1816005 0
-1816005 0
-1816005 0
-1816005 0
-1816005 0
-1816005 0
-1816005 0
-1816005 0
-1816005 0
-1816005 0
-1816005 0
-1816005 0
-1816005 0
-1816005 0
-1816005 0
-1816005 0
-1816005 0
-1816005 0
-1816005 0
-1816005 0
-1816005 0
-1816005 0
-1816005 0
-1816005 0
-1816005 0
-1816005 0
-1816005 0
-1816005 0
-1816005 0
-1816005 0
-1816005 0
-1816005 0
-1816005 0
-1816005 0
-1816005 0
-1816005 0
-1816005 0
-1816005 0
-1816005 0
-1816005 0
-1816005 0
-1816005 0
-1816005 0
-1816005 0
-1816005 0
-1816005 0
-1816005 0
-1816005 0
-1816005 0
-1816005 0
-1816005 0
-1816005 0
-1816005 0
-1816005 0
-1816005 0
-1816005 0
-1816005 0
-1816005 0
-1816005 0
-1816005 0
-1816005 0
-1816005 0
-1816005 0
-1816005 0
-1816005 0
-1816005 0
-1816005 0
-1816005 0
-1816005 0
-1816005 0
-1816005 0
-1816005 0
-1816005 0
-1816005 0
-1816005 0
-1816005 0
-1816005 0
-1816005 0
-1816005 0
-1816005 0
-1816005 0
-1816005 0
-1816005 0
-1816005 0
-1816005 0
-1816005 0
-1816005 0
-1816005 0
-1816005 0
-1816005 0
-1816005 0
-1816005 0
-1816005 0
-1816005 0
-1816005 0
-1816005 0
-1816005 0
-1816005 0
-1816005 0
-1816005 0
-1816005 0
-1816005 0
-1816005 0
-1816005 0
-1816005 0
-1816005 0
-1816005 0
-1816005 0
-1816005 0
-1816005 0
-1816005 0
-1816005 0
-1816005 0
-1816005 0
-1816005 0
-1816005 0
-1816005 0
-1816005 0
-1816005 0
-1816005 0
-1816005 0
-1816005 0
-1816005 0
-1816005 0
-1816005 0
-1816005 0
-1816005 0
-1816005 0
-1816005 0
-1816005 0
-1816005 0
-1816005 0
-1816005 0
-1816005 0
-1816005 0
-1816005 0
-1816005 0
-1816005 0
-1816005 0
-1816005 0
-1816005 0
-1816005 0
-1816005 0
-1816005 0
-1816005 0
-1816005 0
-1816005 0
-1816005 0
-1816005 0
-1816005 0
-1816005 0
-1816005 0
-1816005 0
-1816005 0
-1816005 0
-1816005 0
-1816005 0
-1816005 0
-1816005 0
-1816005 0
-1816005 0
-1816005 0
-1816005 0
-1816005 0
-1816005 0
-1816005 0
-1816005 0
-1816005 0
-1816005 0
-1816005 0
-1816005 0
-1816005 0
-1816005 0
-1816005 0
-1816005 0
-1816005 0
-1816005 0
-1816005 0
-1816005 0
-1816005 0
-1816005 0
-1816005 0
-1816005 0
-1816005 0
-1816005 0
-1816005 0
-1816005 0
-1816005 0
-1816005 0
-1816005 0
-1816005 0
-1816005 0
-1816005 0
-1816005 0
-1816005 0
-1816005 0
-1816005 0
-1816005 0
-1816005 0
-1816005 0
-1816005 0
-1816005 0
-1816005 0
-1816005 0
-1816005 0
-1816005 0
-1816005 0
-1816005 0
-1816005 0
-1816005 0
-1816005 0
-1816005 0
-1816005 0
-1816005 0
-1816005 0
-1816005 0
-1816005 0
-1816005 0
-1816005 0
-1816005 0
-1816005 0
-1816005 0
-1816005 0
-1816005 0
-1816005 0
-1816005 0
-1816005 0
-1816005 0
-1816005 0
-1816005 0
-1816005 0
-1816005 0
-1816005 0
-1816005 0
-1816005 0
-1816005 0
-1816005 0
-1816005 0
-1816005 0
-1816005 0
-1816005 0
-1816005 0
-1816005 0
-1816005 0
-1816005 0
-1816005 0
-1816005 0
-1816005 0
-1816005 0
-1816005 0
-1816005 0
-1816005 0
-1816005 0
-1816005 0
-1816005 0
-1816005 0
-1816005 0
-1816005 0
-1816005 0
-1816005 0
-1816005 0
-1816005 0
-1816005 0
-1816005 0
-1816005 0
-1816005 0
-1816005 0
-1816005 0
-1816005 0
-1816005 0
-1816005 0
-1816005 0
-1816005 0
-1816005 0
-1816005 0
-1816005 0
-1816005 0
-1816005 0
-1816005 0
-1816005 0
-1816005 0
-1816005 0
-1816005 0
-1816005 0
-1816005 0
-1816005 0
-1816005 0
-1816005 0
-1816005 0
-1816005 0
-1816005 0
-1816005 0
-1816005 0
-1816005 0
-1816005 0
-1816005 0
-1816005 0
-1816005 0
-1816005 0
-1816005 0
-1816005 0
-1816005 0
-1816005 0
-1816005 0
-1816005 0
-1816005 0
-1816005 0
-1816005 0
-1816005 0
-1816005 0
-1816005 0
-1816005 0
-1816005 0
-1816005 0
-1816005 0
-1816005 0
-1816005 0
-1816005 0
-1816005 0
-1816005 0
-1816005 0
-1816005 0
-1816005 0
-1816005 0
-1816005 0
-1816005 0
-1816005 0
-1816005 0
-1816005 0
-1816005 0
-1816005 0
-1816005 0
-1816005 0
-1816005 0
-1816005 0
-1816005 0
-1816005 0
-1816005 0
-1816005 0
-1816005 0
-1816005 0
-1816005 0
-1816005 0
-1816005 0
-1816005 0
-1816005 0
-1816005 0
-1816005 0
-1816005 0
-1816005 0
-1816005 0
-1816005 0
-1816005 0
-1816005 0
-1816005 0
-1816005 0
-1816005 0
-1816005 0
-1816005 0
-1816005 0
-1816005 0
-1816005 0
-1816005 0
-1816005 0
-1816005 0
-1816005 0
-1816005 0
-1816005 0
-1816005 0
-1816005 0
-1816005 0
-1816005 0
-1816005 0
-1816005 0
-1816005 0
-1816005 0
-1816005 0
-1816005 0
-1816005 0
-1816005 0
-1816005 0
-1816005 0
-1816005 0
-1816005 0
-1816005 0
-1816005 0
-1816005 0
-1816005 0
-1816005 0
-1816005 0
-1816005 0
-1816005 0
-1816005 0
-1816005 0
-1816005 0
-1816005 0
-1816005 0
-1816005 0
-1816005 0
-1816005 0
-1816005 0
-1816005 0
-1816005 0
-1816005 0
-1816005 0
-1816005 0
-1816005 0
-1816005 0
-1816005 0
-1816005 0
-1816005 0
-1816005 0
-1816005 0
-1816005 0
-1816005 0
-1816005 0
-1816005 0
-1816005 0
-1816005 0
-1816005 0
-1816005 0
-1816005 0
-1816005 0
-1816005 0
-1816005 0
-1816005 0
-1816005 0
-1816005 0
-1816005 0
-1816005 0
-1816005 0
-1816005 0
-1816005 0
-1816005 0
-1816005 0
-1816005 0
-1816005 0
-1816005 0
-1816005 0
-1816005 0
-1816005 0
-1816005 0
-1816005 0
-1816005 0
-1816005 0
-1816005 0
-1816005 0
-1816005 0
-1816005 0
-1816005 0
-1816005 0
-1816005 0
-1816005 0
-1816005 0
-1816005 0
-1816005 0
-1816005 0
-1816005 0
-1816005 0
-1816005 0
-1816005 0
-1816005 0
-1816005 0
-1816005 0
-1816005 0
-1816005 0
-1816005 0
-1816005 0
-1816005 0
-1816005 0
-1816005 0
-1816005 0
-1816005 0
-1816005 0
-1816005 0
-1816005 0
-1816005 0
-1816005 0
-1816005 0
-1816005 0
-1816005 0
-1816005 0
-1816005 0
-1816005 0
-1816005 0
-1816005 0
-1816005 0
-1816005 0
-1816005 0
-1816005 0
-1816005 0
-1816005 0
-1816005 0
-1816005 0
-1816005 0
-1816005 0
-1816005 0
-1816005 0
-1816005 0
-1816005 0
-1816005 0
-1816005 0
-1816005 0
-1816005 0
-1816005 0
-1816005 0
-1816005 0
-1816005 0
-1816005 0
-1816005 0
-1816005 0
-1816005 0
-1816005 0
-1816005 0
-1816005 0
-1816005 0
-1816005 0
-1816005 0
-1816005 0
-1816005 0
-1816005 0
-1816005 0
-1816005 0
-1816005 0
-1816005 0
-1816005 0
-1816005 0
-1816005 0
-1816005 0
-1816005 0
-1816005 0
-1816005 0
-1816005 0
-1816005 0
-1816005 0
-1816005 0
-1816005 0
-1816005 0
-1816005 0
-1816005 0
-1816005 0
-1816005 0
-1816005 0
-1816005 0
-1816005 0
-1816005 0
-1816005 0
-1816005 0
-1816005 0
-1816005 0
-1816005 0
-1816005 0
-1816005 0
-1816005 0
-1816005 0
-1816005 0
-1816005 0
-1816005 0
-1816005 0
-1816005 0
-1816005 0
-1816005 0
-1816005 0
-1816005 0
-1816005 0
-1816005 0
-1816005 0
-1816005 0
-1816005 0
-1816005 0
-1816005 0
-1816005 0
-1816005 0
-1816005 0
-1816005 0
-1816005 0
-1816005 0
-1816005 0
-1816005 0
-1816005 0
-1816005 0
-1816005 0
-1816005 0
-1816005 0
-1816005 0
-1816005 0
-1816005 0
-1816005 0
-1816005 0
-1816005 0
-1816005 0
-1816005 0
-1816005 0
-1816005 0
-1816005 0
-1816005 0
-1816005 0
-1816005 0
-1816005 0
-1816005 0
-1816005 0
-1816005 0
-1816005 0
-1816005 0
-1816005 0
-1816005 0
-1816005 0
-1816005 0
-1816005 0
-1816005 0
-1816005 0
-1816005 0
-1816005 0
-1816005 0
-1816005 0
-1816005 0
-1816005 0
-1816005 0
-1816005 0
-1816005 0
-1816005 0
-1816005 0
-1816005 0
-1816005 0
-1816005 0
-1816005 0
-1816005 0
-1816005 0
-1816005 0
-1816005 0
-1816005 0
-1816005 0
-1816005 0
-1816005 0
-1816005 0
-1816005 0
-1816005 0
-1816005 0
-1816005 0
-1816005 0
-1816005 0
-1816005 0
-1816005 0
-1816005 0
-1816005 0
-1816005 0
-1816005 0
-1816005 0
-1816005 0
-1816005 0
-1816005 0
-1816005 0
-1816005 0
-1816005 0
-1816005 0
-1816005 0
-1816005 0
-1816005 0
-1816005 0
-1816005 0
-1816005 0
-1816005 0
-1816005 0
-1816005 0
-1816005 0
-1816005 0
-1816005 0
-1816005 0
-1816005 0
-1816005 0
-1816005 0
-1816005 0
-1816005 0
-1816005 0
-1816005 0
-1816005 0
-1816005 0
-1816005 0
-1816005 0
-1816005 0
-1816005 0
-1816005 0
-1816005 0
-1816005 0
-1816005 0
-1816005 0
-1816005 0
-1816005 0
-1816005 0
-1816005 0
-1816005 0
-1816005 0
-1816005 0
-1816005 0
-1816005 0
-1816005 0
-1816005 0
-1816005 0
-1816005 0
-1816005 0
-1816005 0
-1816005 0
-1816005 0
-1816005 0
-1816005 0
-1816005 0
-1816005 0
-1816005 0
-1816005 0
-1816005 0
-1816005 0
-1816005 0
-1816005 0
-1816005 0
-1816005 0
-1816005 0
-1816005 0
-1816005 0
-1816005 0
-1816005 0
-1816005 0
-1816005 0
-1816005 0
-1816005 0
-1816005 0
-1816005 0
-1816005 0
-1816005 0
-1816005 0
-1816005 0
-1816005 0
-1816005 0
-1816005 0
-1816005 0
-1816005 0
-1816005 0
-1816005 0
-1816005 0
-1816005 0
-1816005 0
-1816005 0
-1816005 0
-1816005 0
-1816005 0
-1816005 0
-1816005 0
-1816005 0
-1816005 0
-1816005 0
-1816005 0
-1816005 0
-1816005 0
-1816005 0
-1816005 0
-1816005 0
-1816005 0
-1816005 0
-1816005 0
-1816005 0
-1816005 0
-1816005 0
-1816005 0
-1816005 0
-1816005 0
-1816005 0
-1816005 0
-1816005 0
-1816005 0
-1816005 0
-1816005 0
-1816005 0
-1816005 0
-1816005 0
-1816005 0
-1816005 0
-1816005 0
-1816005 0
-1816005 0
-1816005 0
-1816005 0
-1816005 0
-1816005 0
-1816005 0
-1816005 0
-1816005 0
-1816005 0
-1816005 0
-1816005 0
-1816005 0
-1816005 0
-1816005 0
-1816005 0
-1816005 0
-1816005 0
-1816005 0
-1816005 0
-1816005 0
-1816005 0
-1816005 0
-1816005 0
-1816005 0
-1816005 0
-1816005 0
-1816005 0
-1816005 0
-1816005 0
-1816005 0
-1816005 0
-1816005 0
-1816005 0
-1816005 0
-1816005 0
-1816005 0
-1816005 0
-1816005 0
-1816005 0
-1816005 0
-1816005 0
-1816005 0
-1816005 0
-1816005 0
-1816005 0
-1816005 0
-1816005 0
-1816005 0
-1816005 0
-1816005 0
-1816005 0
-1816005 0
-1816005 0
-1816005 0
-1816005 0
-1816005 0
-1816005 0
-1816005 0
-1816005 0
-1816005 0
-1816005 0
-1816005 0
-1816005 0
-1816005 0
-1816005 0
-1816005 0
-1816005 0
-1816005 0
-1816005 0
-1816005 0
-1816005 0
-1816005 0
-1816005 0
-1816005 0
-1816005 0
-1816005 0
-1816005 0
-1816005 0
-1816005 0
-1816005 0
-1816005 0
-1816005 0
-1816005 0
-1816005 0
-1816005 0
-1816005 0
-1816005 0
-1816005 0
-1816005 0
-1816005 0
-1816005 0
-1816005 0
-1816005 0
-1816005 0
-1816005 0
-1816005 0
-1816005 0
-1816005 0
-1816005 0
-1816005 0
-1816005 0
-1816005 0
-1816005 0
-1816005 0
-1816005 0
-1816005 0
-1816005 0
-1816005 0
-1816005 0
-1816005 0
-1816005 0
-1816005 0
-1816005 0
-1816005 0
-1816005 0
-1816005 0
-1816005 0
-1816005 0
-1816005 0
-1816005 0
-1816005 0
-1816005 0
-1816005 0
-1816005 0
-1816005 0
-1816005 0
-1816005 0
-1816005 0
-1816005 0
-1816005 0
-1816005 0
-1816005 0
-1816005 0
-1816005 0
-1816005 0
-1816005 0
-1816005 0
-1816005 0
-1816005 0
-1816005 0
-1816005 0
-1816005 0
-1816005 0
-1816005 0
-1816005 0
-1816005 0
-1816005 0
-1816005 0
-1816005 0
-1816005 0
-1816005 0
-1816005 0
-1816005 0
-1816005 0
-1816005 0
-1816005 0
-1816005 0
-1816005 0
-1816005 0
-1816005 0
-1816005 0
-1816005 0
-1816005 0
-1816005 0
-1816005 0
-1816005 0
-1816005 0
-1816005 0
-1816005 0
-1816005 0
-1816005 0
-1816005 0
-1816005 0
-1816005 0
-1816005 0
-1816005 0
-1816005 0
-1816005 0
-1816005 0
-1816005 0
-1816005 0
-1816005 0
-1816005 0
-1816005 0
-1816005 0
-1816005 0
-1816005 0
-1816005 0
-1816005 0
-1816005 0
-1816005 0
-1816005 0
-1816005 0
-1816005 0
-1816005 0
-1816005 0
-1816005 0
-1816005 0
-1816005 0
-1816005 0
-1816005 0
-1816005 0
-1816005 0
-1816005 0
-1816005 0
-1816005 0
-1816005 0
-1816005 0
-1816005 0
-1816005 0
-1816005 0
-1816005 0
-1816005 0
-1816005 0
-1816005 0
-1816005 0
-1816005 0
-1816005 0
-1816005 0
-1816005 0
-1816005 0
-1816005 0
-1816005 0
-1816005 0
-1816005 0
-1816005 0
-1816005 0
-1816005 0
-1816005 0
-1816005 0
-1816005 0
-1816005 0
-1816005 0
-1816005 0
-1816005 0
-1816005 0
-1816005 0
-1816005 0
-1816005 0
-1816005 0
-1816005 0
-1816005 0
-1816005 0
-1816005 0
-1816005 0
-1816005 0
-1816005 0
-1816005 0
-1816005 0
-1816005 0
-1816005 0
-1816005 0
-1816005 0
-1816005 0
-1816005 0
-1816005 0
-1816005 0
-1816005 0
-1816005 0
-1816005 0
-1816005 0
-1816005 0
-1816005 0
-1816005 0
-1816005 0
-1816005 0
-1816005 0
-1816005 0
-1816005 0
-1816005 0
-1816005 0
-1816005 0
-1816005 0
-1816005 0
-1816005 0
-1816005 0
-1816005 0
-1816005 0
-1816005 0
-1816005 0
-1816005 0
-1816005 0
-1816005 0
-1816005 0
-1816005 0
-1816005 0
-1816005 0
-1816005 0
-1816005 0
-1816005 0
-1816005 0
-1816005 0
-1816005 0
-1816005 0
-1816005 0
-1816005 0
-1816005 0
-1816005 0
-1816005 0
-1816005 0
-1816005 0
-1816005 0
-1816005 0
-1816005 0
-1816005 0
-1816005 0
-1816005 0
-1816005 0
-1816005 0
-1816005 0
-1816005 0
-1816005 0
-1816005 0
-1816005 0
-1816005 0
-1816005 0
-1816005 0
-1816005 0
-1816005 0
-1816005 0
-1816005 0
-1816005 0
-1816005 0
-1816005 0
-1816005 0
-1816005 0
-1816005 0
-1816005 0
-1816005 0
-1816005 0
-1816005 0
-1816005 0
-1816005 0
-1816005 0
-1816005 0
-1816005 0
-1816005 0
-1816005 0
-1816005 0
-1816005 0
-1816005 0
-1816005 0
-1816005 0
-1816005 0
-1816005 0
-1816005 0
-1816005 0
-1816005 0
-1816005 0
-1816005 0
-1816005 0
-1816005 0
-1816005 0
-1816005 0
-1816005 0
-1816005 0
-1816005 0
-1816005 0
-1816005 0
-1816005 0
-1816005 0
-1816005 0
-1816005 0
-1816005 0
-1816005 0
-1816005 0
-1816005 0
-1816005 0
-1816005 0
-1816005 0
-1816005 0
-1816005 0
-1816005 0
-1816005 0
-1816005 0
-1816005 0
-1816005 0
-1816005 0
-1816005 0
-1816005 0
-1816005 0
-1816005 0
-1816005 0
-1816005 0
-1816005 0
-1816005 0
-1816005 0
-1816005 0
-1816005 0
-1816005 0
-1816005 0
-1816005 0
-1816005 0
-1816005 0
-1816005 0
-1816005 0
-1816005 0
-1816005 0
-1816005 0
-1816005 0
-1816005 0
-1816005 0
-1816005 0
-1816005 0
-1816005 0
-1816005 0
-1816005 0
-1816005 0
-1816005 0
-1816005 0
-1816005 0
-1816005 0
-1816005 0
-1816005 0
-1816005 0
-1816005 0
-1816005 0
-1816005 0
-1816005 0
-1816005 0
-1816005 0
-1816005 0
-1816005 0
-1816005 0
-1816005 0
-1816005 0
-1816005 0
-1816005 0
-1816005 0
-1816005 0
-1816005 0
-1816005 0
-1816005 0
-1816005 0
-1816005 0
-1816005 0
-1816005 0
-1816005 0
-1816005 0
-1816005 0
-1816005 0
-1816005 0
-1816005 0
-1816005 0
-1816005 0
-1816005 0
-1816005 0
-1816005 0
-1816005 0
-1816005 0
-1816005 0
-1816005 0
-1816005 0
-1816005 0
-1816005 0
-1816005 0
-1816005 0
-1816005 0
-1816005 0
-1816005 0
-1816005 0
-1816005 0
-1816005 0
-1816005 0
-1816005 0
-1816005 0
-1816005 0
-1816005 0
-1816005 0
-1816005 0
-1816005 0
-1816005 0
-1816005 0
-1816005 0
-1816005 0
-1816005 0
-1816005 0
-1816005 0
-1816005 0
-1816005 0
-1816005 0
-1816005 0
-1816005 0
-1816005 0
-1816005 0
-1816005 0
-1816005 0
-1816005 0
-1816005 0
-1816005 0
-1816005 0
-1816005 0
-1816005 0
-1816005 0
-1816005 0
-1816005 0
-1816005 0
-1816005 0
-1816005 0
-1816005 0
-1816005 0
-1816005 0
-1816005 0
-1816005 0
-1816005 0
-1816005 0
-1816005 0
-1816005 0
-1816005 0
-1816005 0
-1816005 0
-1816005 0
-1816005 0
-1816005 0
-1816005 0
-1816005 0
-1816005 0
-1816005 0
-1816005 0
-1816005 0
-1816005 0
-1816005 0
-1816005 0
-1816005 0
-1816005 0
-1816005 0
-1816005 0
-1816005 0
-1816005 0
-1816005 0
-1816005 0
-1816005 0
-1816005 0
-1816005 0
-1816005 0
-1816005 0
-1816005 0
-1816005 0
-1816005 0
-1816005 0
-1816005 0
-1816005 0
-1816005 0
-1816005 0
-1816005 0
-1816005 0
-1816005 0
-1816005 0
-1816005 0
-1816005 0
-1816005 0
-1816005 0
-1816005 0
-1816005 0
-1816005 0
-1816005 0
-1816005 0
-1816005 0
-1816005 0
-1816005 0
-1816005 0
-1816005 0
-1816005 0
-1816005 0
-1816005 0
-1816005 0
-1816005 0
-1816005 0
-1816005 0
-1816005 0
-1816005 0
-1816005 0
-1816005 0
-1816005 0
-1816005 0
-1816005 0
-1816005 0
-1816005 0
-1816005 0
-1816005 0
-1816005 0
-1816005 0
-1816005 0
-1816005 0
-1816005 0
-1816005 0
-1816005 0
-1816005 0
-1816005 0
-1816005 0
-1816005 0
-1816005 0
-1816005 0
-1816005 0
-1816005 0
-1816005 0
-1816005 0
-1816005 0
-1816005 0
-1816005 0
-1816005 0
-1816005 0
-1816005 0
-1816005 0
-1816005 0
-1816005 0
-1816005 0
-1816005 0
-1816005 0
-1816005 0
-1816005 0
-1816005 0
-1816005 0
-1816005 0
-1816005 0
-1816005 0
-1816005 0
-1816005 0
-1816005 0
-1816005 0
-1816005 0
-1816005 0
-1816005 0
-1816005 0
-1816005 0
-1816005 0
-1816005 0
-1816005 0
-1816005 0
-1816005 0
-1816005 0
-1816005 0
-1816005 0
-1816005 0
-1816005 0
-1816005 0
-1816005 0
-1816005 0
-1816005 0
-1816005 0
-1816005 0
-1816005 0
-1816005 0
-1816005 0
-1816005 0
-1816005 0
-1816005 0
-1816005 0
-1816005 0
-1816005 0
-1816005 0
-1816005 0
-1816005 0
-1816005 0
-1816005 0
-1816005 0
-1816005 0
-1816005 0
-1816005 0
-1816005 0
-1816005 0
-1816005 0
-1816005 0
-1816005 0
-1816005 0
-1816005 0
-1816005 0
-1816005 0
-1816005 0
-1816005 0
-1816005 0
-1816005 0
-1816005 0
-1816005 0
-1816005 0
-1816005 0
-1816005 0
-1816005 0
-1816005 0
-1816005 0
-1816005 0
-1816005 0
-1816005 0
-1816005 0
-1816005 0
-1816005 0
-1816005 0
-1816005 0
-1816005 0
-1816005 0
-1816005 0
-1816005 0
-1816005 0
-1816005 0
-1816005 0
-1816005 0
-1816005 0
-1816005 0
-1816005 0
-1816005 0
-1816005 0
-1816005 0
-1816005 0
-1816005 0
-1816005 0
-1816005 0
-1816005 0
-1816005 0
-1816005 0
-1816005 0
-1816005 0
-1816005 0
-1816005 0
-1816005 0
-1816005 0
-1816005 0
-1816005 0
-1816005 0
-1816005 0
-1816005 0
-1816005 0
-1816005 0
-1816005 0
-1816005 0
-1816005 0
-1816005 0
-1816005 0
-1816005 0
-1816005 0
-1816005 0
-1816005 0
-1816005 0
-1816005 0
-1816005 0
-1816005 0
-1816005 0
-1816005 0
-1816005 0
-1816005 0
-1816005 0
-1816005 0
-1816005 0
-1816005 0
-1816005 0
-1816005 0
-1816005 0
-1816005 0
-1816005 0
-1816005 0
-1816005 0
-1816005 0
-1816005 0
-1816005 0
-1816005 0
-1816005 0
-1816005 0
-1816005 0
-1816005 0
-1816005 0
-1816005 0
-1816005 0
-1816005 0
-1816005 0
-1816005 0
-1816005 0
-1816005 0
-1816005 0
-1816005 0
-1816005 0
-1816005 0
-1816005 0
-1816005 0
-1816005 0
-1816005 0
-1816005 0
-1816005 0
-1816005 0
-1816005 0
-1816005 0
-1816005 0
-1816005 0
-1816005 0
-1816005 0
-1816005 0
-1816005 0
-1816005 0
-1816005 0
-1816005 0
-1816005 0
-1816005 0
-1816005 0
-1816005 0
-1816005 0
-1816005 0
-1816005 0
-1816005 0
-1816005 0
-1816005 0
-1816005 0
-1816005 0
-1816005 0
-1816005 0
-1816005 0
-1816005 0
-1816005 0
-1816005 0
-1816005 0
-1816005 0
-1816005 0
-1816005 0
-1816005 0
-1816005 0
-1816005 0
-1816005 0
-1816005 0
-1816005 0
-1816005 0
-1816005 0
-1816005 0
-1816005 0
-1816005 0
-1816005 0
-1816005 0
-1816005 0
-1816005 0
-1816005 0
-1816005 0
-1816005 0
-1816005 0
-1816005 0
-1816005 0
-1816005 0
-1816005 0
-1816005 0
-1816005 0
-1816005 0
-1816005 0
-1816005 0
-1816005 0
-1816005 0
-1816005 0
-1816005 0
-1816005 0
-1816005 0
-1816005 0
-1816005 0
-1816005 0
-1816005 0
-1816005 0
-1816005 0
-1816005 0
-1816005 0
-1816005 0
-1816005 0
-1816005 0
-1816005 0
-1816005 0
-1816005 0
-1816005 0
-1816005 0
-1816005 0
-1816005 0
-1816005 0
-1816005 0
-1816005 0
-1816005 0
-1816005 0
-1816005 0
-1816005 0
-1816005 0
-1816005 0
-1816005 0
-1816005 0
-1816005 0
-1816005 0
-1816005 0
-1816005 0
-1816005 0
-1816005 0
-1816005 0
-1816005 0
-1816005 0
-1816005 0
-1816005 0
-1816005 0
-1816005 0
-1816005 0
-1816005 0
-1816005 0
-1816005 0
-1816005 0
-1816005 0
-1816005 0
-1816005 0
-1816005 0
-1816005 0
-1816005 0
-1816005 0
-1816005 0
-1816005 0
-1816005 0
-1816005 0
-1816005 0
-1816005 0
-1816005 0
-1816005 0
-1816005 0
-1816005 0
-1816005 0
-1816005 0
-1816005 0
-1816005 0
-1816005 0
-1816005 0
-1816005 0
-1816005 0
-1816005 0
-1816005 0
-1816005 0
-1816005 0
-1816005 0
-1816005 0
-1816005 0
-1816005 0
-1816005 0
-1816005 0
-1816005 0
-1816005 0
-1816005 0
-1816005 0
-1816005 0
-1816005 0
-1816005 0
-1816005 0
-1816005 0
-1816005 0
-1816005 0
-1816005 0
-1816005 0
-1816005 0
-1816005 0
-1816005 0
-1816005 0
-1816005 0
-1816005 0
-1816005 0
-1816005 0
-1816005 0
-1816005 0
-1816005 0
-1816005 0
-1816005 0
-1816005 0
-1816005 0
-1816005 0
-1816005 0
-1816005 0
-1816005 0
-1816005 0
-1816005 0
-1816005 0
-1816005 0
-1816005 0
-1816005 0
-1816005 0
-1816005 0
-1816005 0
-1816005 0
-1816005 0
-1816005 0
-1816005 0
-1816005 0
-1816005 0
-1816005 0
-1816005 0
-1816005 0
-1816005 0
-1816005 0
-1816005 0
-1816005 0
-1816005 0
-1816005 0
-1816005 0
-1816005 0
-1816005 0
-1816005 0
-1816005 0
-1816005 0
-1816005 0
-1816005 0
-1816005 0
-1816005 0
-1816005 0
-1816005 0
-1816005 0
-1816005 0
-1816005 0
-1816005 0
-1816005 0
-1816005 0
-1816005 0
-1816005 0
-1816005 0
-1816005 0
-1816005 0
-1816005 0
-1816005 0
-1816005 0
-1816005 0
-1816005 0
-1816005 0
-1816005 0
-1816005 0
-1816005 0
-1816005 0
-1816005 0
-1816005 0
-1816005 0
-1816005 0
-1816005 0
-1816005 0
-1816005 0
-1816005 0
-1816005 0
-1816005 0
-1816005 0
-1816005 0
-1816005 0
-1816005 0
-1816005 0
-1816005 0
-1816005 0
-1816005 0
-1816005 0
-1816005 0
-1816005 0
-1816005 0
-1816005 0
-1816005 0
-1816005 0
-1816005 0
-1816005 0
-1816005 0
-1816005 0
-1816005 0
-1816005 0
-1816005 0
-1816005 0
-1816005 0
-1816005 0
-1816005 0
-1816005 0
-1816005 0
-1816005 0
-1816005 0
-1816005 0
-1816005 0
-1816005 0
-1816005 0
-1816005 0
-1816005 0
-1816005 0
-1816005 0
-1816005 0
-1816005 0
-1816005 0
-1816005 0
-1816005 0
-1816005 0
-1816005 0
-1816005 0
-1816005 0
-1816005 0
-1816005 0
-1816005 0
-1816005 0
-1816005 0
-1816005 0
-1816005 0
-1816005 0
-1816005 0
-1816005 0
-1816005 0
-1816005 0
-1816005 0
-1816005 0
-1816005 0
-1816005 0
-1816005 0
-1816005 0
-1816005 0
-1816005 0
-1816005 0
-1816005 0
-1816005 0
-1816005 0
-1816005 0
-1816005 0
-1816005 0
-1816005 0
-1816005 0
-1816005 0
-1816005 0
-1816005 0
-1816005 0
-1816005 0
-1816005 0
-1816005 0
-1816005 0
-1816005 0
-1816005 0
-1816005 0
-1816005 0
-1816005 0
-1816005 0
-1816005 0
-1816005 0
-1816005 0
-1816005 0
-1816005 0
-1816005 0
-1816005 0
-1816005 0
-1816005 0
-1816005 0
-1816005 0
-1816005 0
-1816005 0
-1816005 0
-1816005 0
-1816005 0
-1816005 0
-1816005 0
-1816005 0
-1816005 0
-1816005 0
-1816005 0
-1816005 0
-1816005 0
-1816005 0
-1816005 0
-1816005 0
-1816005 0
-1816005 0
-1816005 0
-1816005 0
-1816005 0
-1816005 0
-1816005 0
-1816005 0
-1816005 0
-1816005 0
-1816005 0
-1816005 0
-1816005 0
-1816005 0
-1816005 0
-1816005 0
-1816005 0
-1816005 0
-1816005 0
-1816005 0
-1816005 0
-1816005 0
-1816005 0
-1816005 0
-1816005 0
-1816005 0
-1816005 0
-1816005 0
-1816005 0
-1816005 0
-1816005 0
-1816005 0
-1816005 0
-1816005 0
-1816005 0
-1816005 0
-1816005 0
-1816005 0
-1816005 0
-1816005 0
-1816005 0
-1816005 0
-1816005 0
-1816005 0
-1816005 0
-1816005 0
-1816005 0
-1816005 0
-1816005 0
-1816005 0
-1816005 0
-1816005 0
-1816005 0
-1816005 0
-1816005 0
-1816005 0
-1816005 0
-1816005 0
-1816005 0
-1816005 0
-1816005 0
-1816005 0
-1816005 0
-1816005 0
-1816005 0
-1816005 0
-1816005 0
-1816005 0
-1816005 0
-1816005 0
-1816005 0
-1816005 0
-1816005 0
-1816005 0
-1816005 0
-1816005 0
-1816005 0
-1816005 0
-1816005 0
-1816005 0
-1816005 0
-1816005 0
-1816005 0
-1816005 0
-1816005 0
-1816005 0
-1816005 0
-1816005 0
-1816005 0
-1816005 0
-1816005 0
-1816005 0
-1816005 0
-1816005 0
-1816005 0
-1816005 0
-1816005 0
-1816005 0
-1816005 0
-1816005 0
-1816005 0
-1816005 0
-1816005 0
-1816005 0
-1816005 0
-1816005 0
-1816005 0
-1816005 0
-1816005 0
-1816005 0
-1816005 0
-1816005 0
-1816005 0
-1816005 0
-1816005 0
-1816005 0
-1816005 0
-1816005 0
-1816005 0
-1816005 0
-1816005 0
-1816005 0
-1816005 0
-1816005 0
-1816005 0
-1816005 0
-1816005 0
-1816005 0
-1816005 0
-1816005 0
-1816005 0
-1816005 0
-1816005 0
-1816005 0
-1816005 0
-1816005 0
-1816005 0
-1816005 0
-1816005 0
-1816005 0
-1816005 0
-1816005 0
-1816005 0
-1816005 0
-1816005 0
-1816005 0
-1816005 0
-1816005 0
-1816005 0
-1816005 0
-1816005 0
-1816005 0
-1816005 0
-1816005 0
-1816005 0
-1816005 0
-1816005 0
-1816005 0
-1816005 0
-1816005 0
-1816005 0
-1816005 0
-1816005 0
-1816005 0
-1816005 0
-1816005 0
-1816005 0
-1816005 0
-1816005 0
-1816005 0
-1816005 0
-1816005 0
-1816005 0
-1816005 0
-1816005 0
-1816005 0
-1816005 0
-1816005 0
-1816005 0
-1816005 0
-1816005 0
-1816005 0
-1816005 0
-1816005 0
-1816005 0
-1816005 0
-1816005 0
-1816005 0
-1816005 0
-1816005 0
-1816005 0
-1816005 0
-1816005 0
-1816005 0
-1816005 0
-1816005 0
-1816005 0
-1816005 0
-1816005 0
-1816005 0
-1816005 0
-1816005 0
-1816005 0
-1816005 0
-1816005 0
-1816005 0
-1816005 0
-1816005 0
-1816005 0
-1816005 0
-1816005 0
-1816005 0
-1816005 0
-1816005 0
-1816005 0
-1816005 0
-1816005 0
-1816005 0
-1816005 0
-1816005 0
-1816005 0
-1816005 0
-1816005 0
-1816005 0
-1816005 0
-1816005 0
-1816005 0
-1816005 0
-1816005 0
-1816005 0
-1816005 0
-1816005 0
-1816005 0
-1816005 0
-1816005 0
-1816005 0
-1816005 0
-1816005 0
-1816005 0
-1816005 0
-1816005 0
-1816005 0
-1816005 0
-1816005 0
-1816005 0
-1816005 0
-1816005 0
-1816005 0
-1816005 0
-1816005 0
-1816005 0
-1816005 0
-1816005 0
-1816005 0
-1816005 0
-1816005 0
-1816005 0
-1816005 0
-1816005 0
-1816005 0
-1816005 0
-1816005 0
-1816005 0
-1816005 0
-1816005 0
-1816005 0
-1816005 0
-1816005 0
-1816005 0
-1816005 0
-1816005 0
-1816005 0
-1816005 0
-1816005 0
-1816005 0
-1816005 0
-1816005 0
-1816005 0
-1816005 0
-1816005 0
-1816005 0
-1816005 0
-1816005 0
-1816005 0
-1816005 0
-1816005 0
-1816005 0
-1816005 0
-1816005 0
-1816005 0
-1816005 0
-1816005 0
-1816005 0
-1816005 0
-1816005 0
-1816005 0
-1816005 0
-1816005 0
-1816005 0
-1816005 0
-1816005 0
-1816005 0
-1816005 0
-1816005 0
-1816005 0
-1816005 0
-1816005 0
-1816005 0
-1816005 0
-1816005 0
-1816005 0
-1816005 0
-1816005 0
-1816005 0
-1816005 0
-1816005 0
-1816005 0
-1816005 0
-1816005 0
-1816005 0
-1816005 0
-1816005 0
-1816005 0
-1816005 0
-1816005 0
-1816005 0
-1816005 0
-1816005 0
-1816005 0
-1816005 0
-1816005 0
-1816005 0
-1816005 0
-1816005 0
-1816005 0
-1816005 0
-1816005 0
-1816005 0
-1816005 0
-1816005 0
-1816005 0
-1816005 0
-1816005 0
-1816005 0
-1816005 0
-1816005 0
-1816005 0
-1816005 0
-1816005 0
-1816005 0
-1816005 0
-1816005 0
-1816005 0
-1816005 0
-1816005 0
-1816005 0
-1816005 0
-1816005 0
-1816005 0
-1816005 0
-1816005 0
-1816005 0
-1816005 0
-1816005 0
-1816005 0
-1816005 0
-1816005 0
-1816005 0
-1816005 0
-1816005 0
-1816005 0
-1816005 0
-1816005 0
-1816005 0
-1816005 0
-1816005 0
-1816005 0
-1816005 0
-1816005 0
-1816005 0
-1816005 0
-1816005 0
-1816005 0
-1816005 0
-1816005 0
-1816005 0
-1816005 0
-1816005 0
-1816005 0
-1816005 0
-1816005 0
-1816005 0
-1816005 0
-1816005 0
-1816005 0
-1816005 0
-1816005 0
-1816005 0
-1816005 0
-1816005 0
-1816005 0
-1816005 0
-1816005 0
-1816005 0
-1816005 0
-1816005 0
-1816005 0
-1816005 0
-1816005 0
-1816005 0
-1816005 0
-1816005 0
-1816005 0
-1816005 0
-1816005 0
-1816005 0
-1816005 0
-1816005 0
-1816005 0
-1816005 0
-1816005 0
-1816005 0
-1816005 0
-1816005 0
-1816005 0
-1816005 0
-1816005 0
-1816005 0
-1816005 0
-1816005 0
-1816005 0
-1816005 0
-1816005 0
-1816005 0
-1816005 0
-1816005 0
-1816005 0
-1816005 0
-1816005 0
-1816005 0
-1816005 0
-1816005 0
-1816005 0
-1816005 0
-1816005 0
-1816005 0
-1816005 0
-1816005 0
-1816005 0
-1816005 0
-1816005 0
-1816005 0
-1816005 0
-1816005 0
-1816005 0
-1816005 0
-1816005 0
-1816005 0
-1816005 0
-1816005 0
-1816005 0
-1816005 0
-1816005 0
-1816005 0
-1816005 0
-1816005 0
-1816005 0
-1816005 0
-1816005 0
-1816005 0
-1816005 0
-1816005 0
-1816005 0
-1816005 0
-1816005 0
-1816005 0
-1816005 0
-1816005 0
-1816005 0
-1816005 0
-1816005 0
-1816005 0
-1816005 0
-1816005 0
-1816005 0
-1816005 0
-1816005 0
-1816005 0
-1816005 0
-1816005 0
-1816005 0
-1816005 0
-1816005 0
-1816005 0
-1816005 0
-1816005 0
-1816005 0
-1816005 0
-1816005 0
-1816005 0
-1816005 0
-1816005 0
-1816005 0
-1816005 0
-1816005 0
-1816005 0
-1816005 0
-1816005 0
-1816005 0
-1816005 0
-1816005 0
-1816005 0
-1816005 0
-1816005 0
-1816005 0
-1816005 0
-1816005 0
-1816005 0
-1816005 0
-1816005 0
-1816005 0
-1816005 0
-1816005 0
-1816005 0
-1816005 0
-1816005 0
-1816005 0
-1816005 0
-1816005 0
-1816005 0
-1816005 0
-1816005 0
-1816005 0
-1816005 0
-1816005 0
-1816005 0
-1816005 0
-1816005 0
-1816005 0
-1816005 0
-1816005 0
-1816005 0
-1816005 0
-1816005 0
-1816005 0
-1816005 0
-1816005 0
-1816005 0
-1816005 0
-1816005 0
-1816005 0
-1816005 0
-1816005 0
-1816005 0
-1816005 0
-1816005 0
-1816005 0
-1816005 0
-1816005 0
-1816005 0
-1816005 0
-1816005 0
-1816005 0
-1816005 0
-1816005 0
-1816005 0
-1816005 0
-1816005 0
-1816005 0
-1816005 0
-1816005 0
-1816005 0
-1816005 0
-1816005 0
-1816005 0
-1816005 0
-1816005 0
-1816005 0
-1816005 0
-1816005 0
-1816005 0
-1816005 0
-1816005 0
-1816005 0
-1816005 0
-1816005 0
-1816005 0
-1816005 0
-1816005 0
-1816005 0
-1816005 0
-1816005 0
-1816005 0
-1816005 0
-1816005 0
-1816005 0
-1816005 0
-1816005 0
-1816005 0
-1816005 0
-1816005 0
-1816005 0
-1816005 0
-1816005 0
-1816005 0
-1816005 0
-1816005 0
-1816005 0
-1816005 0
-1816005 0
-1816005 0
-1816005 0
-1816005 0
-1816005 0
-1816005 0
-1816005 0
-1816005 0
-1816005 0
-1816005 0
-1816005 0
-1816005 0
-1816005 0
-1816005 0
-1816005 0
-1816005 0
-1816005 0
-1816005 0
-1816005 0
-1816005 0
-1816005 0
-1816005 0
-1816005 0
-1816005 0
-1816005 0
-1816005 0
-1816005 0
-1816005 0
-1816005 0
-1816005 0
-1816005 0
-1816005 0
-1816005 0
-1816005 0
-1816005 0
-1816005 0
-1816005 0
-1816005 0
-1816005 0
-1816005 0
-1816005 0
-1816005 0
-1816005 0
-1816005 0
-1816005 0
-1816005 0
-1816005 0
-1816005 0
-1816005 0
-1816005 0
-1816005 0
-1816005 0
-1816005 0
-1816005 0
-1816005 0
-1816005 0
-1816005 0
-1816005 0
-1816005 0
-1816005 0
-1816005 0
-1816005 0
-1816005 0
-1816005 0
-1816005 0
-1816005 0
-1816005 0
-1816005 0
-1816005 0
-1816005 0
-1816005 0
-1816005 0
-1816005 0
-1816005 0
-1816005 0
-1816005 0
-1816005 0
-1816005 0
-1816005 0
-1816005 0
-1816005 0
-1816005 0
-1816005 0
-1816005 0
-1816005 0
-1816005 0
-1816005 0
-1816005 0
-1816005 0
-1816005 0
-1816005 0
-1816005 0
-1816005 0
-1816005 0
-1816005 0
-1816005 0
-1816005 0
-1816005 0
-1816005 0
-1816005 0
-1816005 0
-1816005 0
-1816005 0
-1816005 0
-1816005 0
-1816005 0
-1816005 0
-1816005 0
-1816005 0
-1816005 0
-1816005 0
-1816005 0
-1816005 0
-1816005 0
-1816005 0
-1816005 0
-1816005 0
-1816005 0
-1816005 0
-1816005 0
-1816005 0
-1816005 0
-1816005 0
-1816005 0
-1816005 0
-1816005 0
-1816005 0
-1816005 0
-1816005 0
-1816005 0
-1816005 0
-1816005 0
-1816005 0
-1816005 0
-1816005 0
-1816005 0
-1816005 0
-1816005 0
-1816005 0
-1816005 0
-1816005 0
-1816005 0
-1816005 0
-1816005 0
-1816005 0
-1816005 0
-1816005 0
-1816005 0
-1816005 0
-1816005 0
-1816005 0
-1816005 0
-1816005 0
-1816005 0
-1816005 0
-1816005 0
-1816005 0
-1816005 0
-1816005 0
-1816005 0
-1816005 0
-1816005 0
-1816005 0
-1816005 0
-1816005 0
-1816005 0
-1816005 0
-1816005 0
-1816005 0
-1816005 0
-1816005 0
-1816005 0
-1816005 0
-1816005 0
-1816005 0
-1816005 0
-1816005 0
-1816005 0
-1816005 0
-1816005 0
-1816005 0
-1816005 0
-1816005 0
-1816005 0
-1816005 0
-1816005 0
-1816005 0
-1816005 0
-1816005 0
-1816005 0
-1816005 0
-1816005 0
-1816005 0
-1816005 0
-1816005 0
-1816005 0
-1816005 0
-1816005 0
-1816005 0
-1816005 0
-1816005 0
-1816005 0
-1816005 0
-1816005 0
-1816005 0
-1816005 0
-1816005 0
-1816005 0
-1816005 0
-1816005 0
-1816005 0
-1816005 0
-1816005 0
-1816005 0
-1816005 0
-1816005 0
-1816005 0
-1816005 0
-1816005 0
-1816005 0
-1816005 0
-1816005 0
-1816005 0
-1816005 0
-1816005 0
-1816005 0
-1816005 0
-1816005 0
-1816005 0
-1816005 0
-1816005 0
-1816005 0
-1816005 0
-1816005 0
-1816005 0
-1816005 0
-1816005 0
-1816005 0
-1816005 0
-1816005 0
-1816005 0
-1816005 0
-1816005 0
-1816005 0
-1816005 0
-1816005 0
-1816005 0
-1816005 0
-1816005 0
-1816005 0
-1816005 0
-1816005 0
-1816005 0
-1816005 0
-1816005 0
-1816005 0
-1816005 0
-1816005 0
-1816005 0
-1816005 0
-1816005 0
-1816005 0
-1816005 0
-1816005 0
-1816005 0
-1816005 0
-1816005 0
-1816005 0
-1816005 0
-1816005 0
-1816005 0
-1816005 0
-1816005 0
-1816005 0
-1816005 0
-1816005 0
-1816005 0
-1816005 0
-1816005 0
-1816005 0
-1816005 0
-1816005 0
-1816005 0
-1816005 0
-1816005 0
-1816005 0
-1816005 0
-1816005 0
-1816005 0
-1816005 0
-1816005 0
-1816005 0
-1816005 0
-1816005 0
-1816005 0
-1816005 0
-1816005 0
-1816005 0
-1816005 0
-1816005 0
-1816005 0
-1816005 0
-1816005 0
-1816005 0
-1816005 0
-1816005 0
-1816005 0
-1816005 0
-1816005 0
-1816005 0
-1816005 0
-1816005 0
-1816005 0
-1816005 0
-1816005 0
-1816005 0
-1816005 0
-1816005 0
-1816005 0
-1816005 0
-1816005 0
-1816005 0
-1816005 0
-1816005 0
-1816005 0
-1816005 0
-1816005 0
-1816005 0
-1816005 0
-1816005 0
-1816005 0
-1816005 0
-1816005 0
-1816005 0
-1816005 0
-1816005 0
-1816005 0
-1816005 0
-1816005 0
-1816005 0
-1816005 0
-1816005 0
-1816005 0
-1816005 0
-1816005 0
-1816005 0
-1816005 0
-1816005 0
-1816005 0
-1816005 0
-1816005 0
-1816005 0
-1816005 0
-1816005 0
-1816005 0
-1816005 0
-1816005 0
-1816005 0
-1816005 0
-1816005 0
-1816005 0
-1816005 0
-1816005 0
-1816005 0
-1816005 0
-1816005 0
-1816005 0
-1816005 0
-1816005 0
-1816005 0
-1816005 0
-1816005 0
-1816005 0
-1816005 0
-1816005 0
-1816005 0
-1816005 0
-1816005 0
-1816005 0
-1816005 0
-1816005 0
-1816005 0
-1816005 0
-1816005 0
-1816005 0
-1816005 0
-1816005 0
-1816005 0
-1816005 0
-1816005 0
-1816005 0
-1816005 0
-1816005 0
-1816005 0
-1816005 0
-1816005 0
-1816005 0
-1816005 0
-1816005 0
-1816005 0
-1816005 0
-1816005 0
-1816005 0
-1816005 0
-1816005 0
-1816005 0
-1816005 0
-1816005 0
-1816005 0
-1816005 0
-1816005 0
-1816005 0
-1816005 0
-1816005 0
-1816005 0
-1816005 0
-1816005 0
-1816005 0
-1816005 0
-1816005 0
-1816005 0
-1816005 0
-1816005 0
-1816005 0
-1816005 0
-1816005 0
-1816005 0
-1816005 0
-1816005 0
-1816005 0
-1816005 0
-1816005 0
-1816005 0
-1816005 0
-1816005 0
-1816005 0
-1816005 0
-1816005 0
-1816005 0
-1816005 0
-1816005 0
-1816005 0
-1816005 0
-1816005 0
-1816005 0
-1816005 0
-1816005 0
-1816005 0
-1816005 0
-1816005 0
-1816005 0
-1816005 0
-1816005 0
-1816005 0
-1816005 0
-1816005 0
-1816005 0
-1816005 0
-1816005 0
-1816005 0
-1816005 0
-1816005 0
-1816005 0
-1816005 0
-1816005 0
-1816005 0
-1816005 0
-1816005 0
-1816005 0
-1816005 0
-1816005 0
-1816005 0
-1816005 0
-1816005 0
-1816005 0
-1816005 0
-1816005 0
-1816005 0
-1816005 0
-1816005 0
-1816005 0
-1816005 0
-1816005 0
-1816005 0
-1816005 0
-1816005 0
-1816005 0
-1816005 0
-1816005 0
-1816005 0
-1816005 0
-1816005 0
-1816005 0
-1816005 0
-1816005 0
-1816005 0
-1816005 0
-1816005 0
-1816005 0
-1816005 0
-1816005 0
-1816005 0
-1816005 0
-1816005 0
-1816005 0
-1816005 0
-1816005 0
-1816005 0
-1816005 0
-1816005 0
-1816005 0
-1816005 0
-1816005 0
-1816005 0
-1816005 0
-1816005 0
-1816005 0
-1816005 0
-1816005 0
-1816005 0
-1816005 0
-1816005 0
-1816005 0
-1816005 0
-1816005 0
-1816005 0
-1816005 0
-1816005 0
-1816005 0
-1816005 0
-1816005 0
-1816005 0
-1816005 0
-1816005 0
-1816005 0
-1816005 0
-1816005 0
-1816005 0
-1816005 0
-1816005 0
-1816005 0
-1816005 0
-1816005 0
-1816005 0
-1816005 0
-1816005 0
-1816005 0
-1816005 0
-1816005 0
-1816005 0
-1816005 0
-1816005 0
-1816005 0
-1816005 0
-1816005 0
-1816005 0
-1816005 0
-1816005 0
-1816005 0
-1816005 0
-1816005 0
-1816005 0
-1816005 0
-1816005 0
-1816005 0
-1816005 0
-1816005 0
-1816005 0
-1816005 0
-1816005 0
-1816005 0
-1816005 0
-1816005 0
-1816005 0
-1816005 0
-1816005 0
-1816005 0
-1816005 0
-1816005 0
-1816005 0
-1816005 0
-1816005 0
-1816005 0
-1816005 0
-1816005 0
-1816005 0
-1816005 0
-1816005 0
-1816005 0
-1816005 0
-1816005 0
-1816005 0
-1816005 0
-1816005 0
-1816005 0
-1816005 0
-1816005 0
-1816005 0
-1816005 0
-1816005 0
-1816005 0
-1816005 0
-1816005 0
-1816005 0
-1816005 0
-1816005 0
-1816005 0
-1816005 0
-1816005 0
-1816005 0
-1816005 0
-1816005 0
-1816005 0
-1816005 0
-1816005 0
-1816005 0
-1816005 0
-1816005 0
-1816005 0
-1816005 0
-1816005 0
-1816005 0
-1816005 0
-1816005 0
-1816005 0
-1816005 0
-1816005 0
-1816005 0
-1816005 0
-1816005 0
-1816005 0
-1816005 0
-1816005 0
-1816005 0
-1816005 0
-1816005 0
-1816005 0
-1816005 0
-1816005 0
-1816005 0
-1816005 0
-1816005 0
-1816005 0
-1816005 0
-1816005 0
-1816005 0
-1816005 0
-1816005 0
-1816005 0
-1816005 0
-1816005 0
-1816005 0
-1816005 0
-1816005 0
-1816005 0
-1816005 0
-1816005 0
-1816005 0
-1816005 0
-1816005 0
-1816005 0
-1816005 0
-1816005 0
-1816005 0
-1816005 0
-1816005 0
-1816005 0
-1816005 0
-1816005 0
-1816005 0
-1816005 0
-1816005 0
-1816005 0
-1816005 0
-1816005 0
-1816005 0
-1816005 0
-1816005 0
-1816005 0
-1816005 0
-1816005 0
-1816005 0
-1816005 0
-1816005 0
-1816005 0
-1816005 0
-1816005 0
-1816005 0
-1816005 0
-1816005 0
-1816005 0
-1816005 0
-1816005 0
-1816005 0
-1816005 0
-1816005 0
-1816005 0
-1816005 0
-1816005 0
-1816005 0
-1816005 0
-1816005 0
-1816005 0
-1816005 0
-1816005 0
-1816005 0
-1816005 0
-1816005 0
-1816005 0
-1816005 0
-1816005 0
-1816005 0
-1816005 0
-1816005 0
-1816005 0
-1816005 0
-1816005 0
-1816005 0
-1816005 0
-1816005 0
-1816005 0
-1816005 0
-1816005 0
-1816005 0
-1816005 0
-1816005 0
-1816005 0
-1816005 0
-1816005 0
-1816005 0
-1816005 0
-1816005 0
-1816005 0
-1816005 0
-1816005 0
-1816005 0
-1816005 0
-1816005 0
-1816005 0
-1816005 0
-1816005 0
-1816005 0
-1816005 0
-1816005 0
-1816005 0
-1816005 0
-1816005 0
-1816005 0
-1816005 0
-1816005 0
-1816005 0
-1816005 0
-1816005 0
-1816005 0
-1816005 0
-1816005 0
-1816005 0
-1816005 0
-1816005 0
-1816005 0
-1816005 0
-1816005 0
-1816005 0
-1816005 0
-1816005 0
-1816005 0
-1816005 0
-1816005 0
-1816005 0
-1816005 0
-1816005 0
-1816005 0
-1816005 0
-1816005 0
-1816005 0
-1816005 0
-1816005 0
-1816005 0
-1816005 0
-1816005 0
-1816005 0
-1816005 0
-1816005 0
-1816005 0
-1816005 0
-1816005 0
-1816005 0
-1816005 0
-1816005 0
-1816005 0
-1816005 0
-1816005 0
-1816005 0
-1816005 0
-1816005 0
-1816005 0
-1816005 0
-1816005 0
-1816005 0
-1816005 0
-1816005 0
-1816005 0
-1816005 0
-1816005 0
-1816005 0
-1816005 0
-1816005 0
-1816005 0
-1816005 0
-1816005 0
-1816005 0
-1816005 0
-1816005 0
-1816005 0
-1816005 0
-1816005 0
-1816005 0
-1816005 0
-1816005 0
-1816005 0
-1816005 0
-1816005 0
-1816005 0
-1816005 0
-1816005 0
-1816005 0
-1816005 0
-1816005 0
-1816005 0
-1816005 0
-1816005 0
-1816005 0
-1816005 0
-1816005 0
-1816005 0
-1816005 0
-1816005 0
-1816005 0
-1816005 0
-1816005 0
-1816005 0
-1816005 0
-1816005 0
-1816005 0
-1816005 0
-1816005 0
-1816005 0
-1816005 0
-1816005 0
-1816005 0
-1816005 0
-1816005 0
-1816005 0
-1816005 0
-1816005 0
-1816005 0
-1816005 0
-1816005 0
-1816005 0
-1816005 0
-1816005 0
-1816005 0
-1816005 0
-1816005 0
-1816005 0
-1816005 0
-1816005 0
-1816005 0
-1816005 0
-1816005 0
-1816005 0
-1816005 0
-1816005 0
-1816005 0
-1816005 0
-1816005 0
-1816005 0
-1816005 0
-1816005 0
-1816005 0
-1816005 0
-1816005 0
-1816005 0
-1816005 0
-1816005 0
-1816005 0
-1816005 0
-1816005 0
-1816005 0
-1816005 0
-1816005 0
-1816005 0
-1816005 0
-1816005 0
-1816005 0
-1816005 0
-1816005 0
-1816005 0
-1816005 0
-1816005 0
-1816005 0
-1816005 0
-1816005 0
-1816005 0
-1816005 0
-1816005 0
-1816005 0
-1816005 0
-1816005 0
-1816005 0
-1816005 0
-1816005 0
-1816005 0
-1816005 0
-1816005 0
-1816005 0
-1816005 0
-1816005 0
-1816005 0
-1816005 0
-1816005 0
-1816005 0
-1816005 0
-1816005 0
-1816005 0
-1816005 0
-1816005 0
-1816005 0
-1816005 0
-1816005 0
-1816005 0
-1816005 0
-1816005 0
-1816005 0
-1816005 0
-1816005 0
-1816005 0
-1816005 0
-1816005 0
-1816005 0
-1816005 0
-1816005 0
-1816005 0
-1816005 0
-1816005 0
-1816005 0
-1816005 0
-1816005 0
-1816005 0
-1816005 0
-1816005 0
-1816005 0
-1816005 0
-1816005 0
-1816005 0
-1816005 0
-1816005 0
-1816005 0
-1816005 0
-1816005 0
-1816005 0
-1816005 0
-1816005 0
-1816005 0
-1816005 0
-1816005 0
-1816005 0
-1816005 0
-1816005 0
-1816005 0
-1816005 0
-1816005 0
-1816005 0
-1816005 0
-1816005 0
-1816005 0
-1816005 0
-1816005 0
-1816005 0
-1816005 0
-1816005 0
-1816005 0
-1816005 0
-1816005 0
-1816005 0
-1816005 0
-1816005 0
-1816005 0
-1816005 0
-1816005 0
-1816005 0
-1816005 0
-1816005 0
-1816005 0
-1816005 0
-1816005 0
-1816005 0
-1816005 0
-1816005 0
-1816005 0
-1816005 0
-1816005 0
-1816005 0
-1816005 0
-1816005 0
-1816005 0
-1816005 0
-1816005 0
-1816005 0
-1816005 0
-1816005 0
-1816005 0
-1816005 0
-1816005 0
-1816005 0
-1816005 0
-1816005 0
-1816005 0
-1816005 0
-1816005 0
-1816005 0
-1816005 0
-1816005 0
-1816005 0
-1816005 0
-1816005 0
-1816005 0
-1816005 0
-1816005 0
-1816005 0
-1816005 0
-1816005 0
-1816005 0
-1816005 0
-1816005 0
-1816005 0
-1816005 0
-1816005 0
-1816005 0
-1816005 0
-1816005 0
-1816005 0
-1816005 0
-1816005 0
-1816005 0
-1816005 0
-1816005 0
-1816005 0
-1816005 0
-1816005 0
-1816005 0
-1816005 0
-1816005 0
-1816005 0
-1816005 0
-1816005 0
-1816005 0
-1816005 0
-1816005 0
-1816005 0
-1816005 0
-1816005 0
-1816005 0
-1816005 0
-1816005 0
-1816005 0
-1816005 0
-1816005 0
-1816005 0
-1816005 0
-1816005 0
-1816005 0
-1816005 0
-1816005 0
-1816005 0
-1816005 0
-1816005 0
-1816005 0
-1816005 0
-1816005 0
-1816005 0
-1816005 0
-1816005 0
-1816005 0
-1816005 0
-1816005 0
-1816005 0
-1816005 0
-1816005 0
-1816005 0
-1816005 0
-1816005 0
-1816005 0
-1816005 0
-1816005 0
-1816005 0
-1816005 0
-1816005 0
-1816005 0
-1816005 0
-1816005 0
-1816005 0
-1816005 0
-1816005 0
-1816005 0
-1816005 0
-1816005 0
-1816005 0
-1816005 0
-1816005 0
-1816005 0
-1816005 0
-1816005 0
-1816005 0
-1816005 0
-1816005 0
-1816005 0
-1816005 0
-1816005 0
-1816005 0
-1816005 0
-1816005 0
-1816005 0
-1816005 0
-1816005 0
-1816005 0
-1816005 0
-1816005 0
-1816005 0
-1816005 0
-1816005 0
-1816005 0
-1816005 0
-1816005 0
-1816005 0
-1816005 0
-1816005 0
-1816005 0
-1816005 0
-1816005 0
-1816005 0
-1816005 0
-1816005 0
-1816005 0
-1816005 0
-1816005 0
-1816005 0
-1816005 0
-1816005 0
-1816005 0
-1816005 0
-1816005 0
-1816005 0
-1816005 0
-1816005 0
-1816005 0
-1816005 0
-1816005 0
-1816005 0
-1816005 0
-1816005 0
-1816005 0
-1816005 0
-1816005 0
-1816005 0
-1816005 0
-1816005 0
-1816005 0
-1816005 0
-1816005 0
-1816005 0
-1816005 0
-1816005 0
-1816005 0
-1816005 0
-1816005 0
-1816005 0
-1816005 0
-1816005 0
-1816005 0
-1816005 0
-1816005 0
-1816005 0
-1816005 0
-1816005 0
-1816005 0
-1816005 0
-1816005 0
-1816005 0
-1816005 0
-1816005 0
-1816005 0
-1816005 0
-1816005 0
-1816005 0
-1816005 0
-1816005 0
-1816005 0
-1816005 0
-1816005 0
-1816005 0
-1816005 0
-1816005 0
-1816005 0
-1816005 0
-1816005 0
-1816005 0
-1816005 0
-1816005 0
-1816005 0
-1816005 0
-1816005 0
-1816005 0
-1816005 0
-1816005 0
-1816005 0
-1816005 0
-1816005 0
-1816005 0
-1816005 0
-1816005 0
-1816005 0
-1816005 0
-1816005 0
-1816005 0
-1816005 0
-1816005 0
-1816005 0
-1816005 0
-1816005 0
-1816005 0
-1816005 0
-1816005 0
-1816005 0
-1816005 0
-1816005 0
-1816005 0
-1816005 0
-1816005 0
-1816005 0
-1816005 0
-1816005 0
-1816005 0
-1816005 0
-1816005 0
-1816005 0
-1816005 0
-1816005 0
-1816005 0
-1816005 0
-1816005 0
-1816005 0
-1816005 0
-1816005 0
-1816005 0
-1816005 0
-1816005 0
-1816005 0
-1816005 0
-1816005 0
-1816005 0
-1816005 0
-1816005 0
-1816005 0
-1816005 0
-1816005 0
-1816005 0
-1816005 0
-1816005 0
-1816005 0
-1816005 0
-1816005 0
-1816005 0
-1816005 0
-1816005 0
-1816005 0
-1816005 0
-1816005 0
-1816005 0
-1816005 0
-1816005 0
-1816005 0
-1816005 0
-1816005 0
-1816005 0
-1816005 0
-1816005 0
-1816005 0
-1816005 0
-1816005 0
-1816005 0
-1816005 0
-1816005 0
-1816005 0
-1816005 0
-1816005 0
-1816005 0
-1816005 0
-1816005 0
-1816005 0
-1816005 0
-1816005 0
-1816005 0
-1816005 0
-1816005 0
-1816005 0
-1816005 0
-1816005 0
-1816005 0
-1816005 0
-1816005 0
-1816005 0
-1816005 0
-1816005 0
-1816005 0
-1816005 0
-1816005 0
-1816005 0
-1816005 0
-1816005 0
-1816005 0
-1816005 0
-1816005 0
-1816005 0
-1816005 0
-1816005 0
-1816005 0
-1816005 0
-1816005 0
-1816005 0
-1816005 0
-1816005 0
-1816005 0
-1816005 0
-1816005 0
-1816005 0
-1816005 0
-1816005 0
-1816005 0
-1816005 0
-1816005 0
-1816005 0
-1816005 0
-1816005 0
-1816005 0
-1816005 0
-1816005 0
-1816005 0
-1816005 0
-1816005 0
-1816005 0
-1816005 0
-1816005 0
-1816005 0
-1816005 0
-1816005 0
-1816005 0
-1816005 0
-1816005 0
-1816005 0
-1816005 0
-1816005 0
-1816005 0
-1816005 0
-1816005 0
-1816005 0
-1816005 0
-1816005 0
-1816005 0
-1816005 0
-1816005 0
-1816005 0
-1816005 0
-1816005 0
-1816005 0
-1816005 0
-1816005 0
-1816005 0
-1816005 0
-1816005 0
-1816005 0
-1816005 0
-1816005 0
-1816005 0
-1816005 0
-1816005 0
-1816005 0
-1816005 0
-1816005 0
-1816005 0
-1816005 0
-1816005 0
-1816005 0
-1816005 0
-1816005 0
-1816005 0
-1816005 0
-1816005 0
-1816005 0
-1816005 0
-1816005 0
-1816005 0
-1816005 0
-1816005 0
-1816005 0
-1816005 0
-1816005 0
-1816005 0
-1816005 0
-1816005 0
-1816005 0
-1816005 0
-1816005 0
-1816005 0
-1816005 0
-1816005 0
-1816005 0
-1816005 0
-1816005 0
-1816005 0
-1816005 0
-1816005 0
-1816005 0
-1816005 0
-1816005 0
-1816005 0
-1816005 0
-1816005 0
-1816005 0
-1816005 0
-1816005 0
-1816005 0
-1816005 0
-1816005 0
-1816005 0
-1816005 0
-1816005 0
-1816005 0
-1816005 0
-1816005 0
-1816005 0
-1816005 0
-1816005 0
-1816005 0
-1816005 0
9929 -9997
19926 -2
19928 -5
19933 -32
19965 -44
20009 -47
20056 -63
20119 -75
20194 -75
20269 -106
20375 -114
20489 -151
20640 -240
20880 -264
21144 -273
21417 -287
21704 -294
21998 -317
22315 -359
22674 -383
23057 -420
23477 -421
23898 -488
24386 -528
24914 -537
25451 -539
25990 -544
26534 -576
27110 -580
27690 -635
28325 -656
28981 -697
29678 -701
30379 -711
31090 -741
31831 -783
32614 -786
33400 -847
34247 -851
35098 -901
35999 -914
36913 -955
37868 -959
38827 -973
39800 -974
40774 -979
41753 -998
42751 -1015
43766 -1042
44808 -1068
45876 -1075
46951 -1099
48050 -1109
49159 -1110
50269 -1157
51426 -1158
52584 -1171
53755 -1183
54938 -1190
56128 -1205
57333 -1270
58603 -1294
59897 -1319
61216 -1325
62541 -1345
63886 -1364
65250 -1402
66652 -1439
68091 -1443
69534 -1446
70980 -1468
72448 -1516
73964 -1538
75502 -1540
77042 -1550
78592 -1575
80167 -1589
81756 -1617
83373 -1682
85055 -1695
86750 -1713
88463 -1733
90196 -1822
92018 -1834
93852 -1890
95742 -1900
97642 -1958
99600 -1983
101583 -1992
103575 -1993
105568 -2024
107592 -2033
109625 -2046
111671 -2096
113767 -2121
115888 -2176
118064 -2214
120278 -2226
122504 -2270
124774 -2281
127055 -2348
129403 -2372
131775 -2377
134152 -2415
136567 -2479
139046 -2533
141579 -2564
144143 -2571
146714 -2629
149343 -2734
152077 -2765
154842 -2766
157608 -2832
160440 -2832
163272 -2833
166105 -2851
168956 -2881
171837 -2889
174726 -2944
177670 -2980
180650 -3098
183748 -3134
186882 -3147
190029 -3152
193181 -3162
196343 -3171
199514 -3221
202735 -3254
205989 -3293
209282 -3303
212585 -3380
215965 -3391
219356 -3396
222752 -3435
226187 -3506
229693 -3511
233204 -3514
236718 -3612
240330 -3631
243961 -3657
247618 -3670
251288 -3703
254991 -3714
258705 -3726
262431 -3757
266188 -3758
269946 -3763
273709 -3808
277517 -3818
281335 -3875
285210 -3881
289091 -3913
293004 -3932
296936 -3979
300915 -4049
304964 -4105
309069 -4132
313201 -4156
317357 -4250
321607 -4255
325862 -4270
330132 -4281
334413 -4288
338701 -4322
343023 -4356
347379 -4360
351739 -4380
356119 -4442
360561 -4546
365107 -4558
369665 -4566
374231 -4569
378800 -4588
383388 -4651
388039 -4693
392732 -4719
397451 -4738
402189 -4745
406934 -4770
411704 -4771
416475 -4790
421265 -4811
426076 -4840
430916 -4861
435777 -4862
440639 -4900
445539 -4917
450456 -4919
455375 -4967
460342 -4977
465319 -5076
470395 -5085
475480 -5129
480609 -5135
485744 -5153
490897 -5155
496052 -5171
501223 -5172
506395 -5206
511601 -5277
516878 -5306
522184 -5344
527528 -5347
532875 -5401
538276 -5452
543728 -5454
549182 -5519
554701 -5524
560225 -5566
565791 -5583
571374 -5586
576960 -5590
582550 -5605
588155 -5651
593806 -5662
599468 -5666
605134 -5667
610801 -5766
616567 -5811
622378 -5813
628191 -5825
634016 -5848
639864 -5903
645767 -5967
651734 -5968
657702 -5985
663687 -6060
669747 -6070
675817 -6073
681890 -6083
687973 -6090
694063 -6092
700155 -6104
706259 -6149
712408 -6206
718614 -6210
724824 -6221
731045 -6230
737275 -6239
743514 -6260
749774 -6263
756037 -6273
762310 -6293
768603 -6300
774903 -6349
781252 -6378
787630 -6401
794031 -6430
800461 -6434
806895 -6464
813359 -6472
819831 -6505
826336 -6542
832878 -6575
839453 -6611
846064 -6627
852691 -6644
859335 -6702
866037 -6745
872782 -6756
879538 -6760
886298 -6775
893073 -6811
899884 -6825
906709 -6856
913565 -6886
920451 -6966
927417 -6974
934391 -6986
941377 -7004
948381 -7013
955394 -7068
962462 -7069
969531 -7122
976653 -7128
983781 -7154
990935 -7170
998105 -7228
1005333 -7276
1012609 -7298
1019907 -7305
1027212 -7307
1034519 -7469
1041988 -7480
1049468 -7487
1056955 -7520
1064475 -7544
1072019 -7557
1079576 -7663
1087239 -7686
1094925 -7690
1102615 -7758
1110373 -7769
1118142 -7855
1125997 -7861
1133858 -7873
1141731 -7873
1149604 -7890
1157494 -7901
1165395 -7914
1173309 -7966
1181275 -7980
1189255 -7989
1197244 -8004
1205248 -8054
1213302 -8061
1221363 -8070
1229433 -8084
1237517 -8167
1245684 -8191
1253875 -8197
1262072 -8240
1270312 -8291
1278603 -8323
1286926 -8333
1295259 -8336
1303595 -8372
1311967 -8379
1320346 -8397
1328743 -8428
1337171 -8459
1345630 -8500
1354130 -8513
1362643 -8530
1371173 -8584
1379757 -8614
1388371 -8655
1397026 -8668
1405694 -8697
1414391 -8747
1423138 -8764
1431902 -8779
1440681 -8780
1449461 -8802
1458263 -8820
1467083 -8891
1475974 -8919
1484893 -8940
1493833 -8950
1502783 -8965
1511748 -8976
1520724 -9007
1529731 -9025
1538756 -9089
1547845 -9100
1556945 -9118
1566063 -9127
1575190 -9182
1584372 -9212
1593584 -9243
1602827 -9255
1612082 -9259
1621341 -9270
1630611 -9427
1640038 -9452
1649490 -9476
1658966 -9522
1668488 -9536
1678024 -9591
1687615 -9601
1697216 -9628
1706844 -9648
1716492 -9662
1726154 -9664
1735818 -9672
1745490 -9698
1755188 -9706
1764894 -9730
1774624 -9784
1784408 -9789
1794197 -9792
1803989 -9826
1813815 -9828
1823643 -9839
1833482 -9875
1843357 -9875
1853232 -9883
1863115 -9900
1873015 -9913
1882928 -9926
1892854 -9932
1902786 -9936
1912722 -9982
